0.7197,0.721,0.7243,0.7047,0.6961,0.6919,0.6931,0.6915,0.6836,0.6752,0.6656,0.6656,0.6657,0.6651,0.6472,0.6388,0.6205,0.6126,0.6127,0.6072,0.6102,0.6059,0.6072,0.5838,0.587,0.6011,0.6002,0.5935,0.5856,0.5808,0.5752,0.5726,0.5608,0.5559,0.5471,0.5339,0.4794,0.4191,0.3601,0.3361,0.3011,0.2715,0.2464,0.2016,0.1585,0.1426,0.1261,0.1218,0.0936,0.0895,0.0831,0.0667,0.0627,0.061,0.0602,0.0589,0.0583,0.0564,0.0455,0.0246,0.0164,0.0137,0.0089,0.0083,0.0083,0.0081,0.0082,0.0081,0.008,0.0082,0.0082,0.0082,0.0081,0.0083,0.0085,0.0083,0.008,0.0076,0.0068,0.0064,0.0062,0.0061,0.0057,0.0053,0.0052,0.0052,0.0051,0.0051,0.0052,0.005
0.6519,0.6522,0.6477,0.6491,0.6394,0.6397,0.6445,0.649,0.6458,0.6352,0.6234,0.6079,0.6059,0.6032,0.5949,0.5816,0.5697,0.5536,0.5493,0.5508,0.5456,0.5326,0.4847,0.4621,0.4637,0.4656,0.4638,0.4616,0.4516,0.4313,0.4144,0.4001,0.389,0.3739,0.3594,0.3413,0.3041,0.2707,0.2473,0.2108,0.191,0.187,0.1822,0.1628,0.1163,0.1027,0.0907,0.0797,0.078,0.0745,0.0682,0.0528,0.0463,0.0429,0.0427,0.0427,0.0427,0.0428,0.0417,0.0277,0.0159,0.0092,0.0063,0.006,0.0056,0.0056,0.0056,0.0055,0.0054,0.0054,0.0054,0.0054,0.0043,0.0037,0.0028,0.0027,0.0027,0.0025,0.002,0.0019,0.0018,0.0018,0.0017,0.0017,0.0016,0.0015,0.0014,0.0014,0.0015,0.0015
0.5289,0.5262,0.5086,0.499,0.4976,0.4943,0.4872,0.4887,0.4928,0.4878,0.4844,0.4671,0.4551,0.4481,0.4407,0.4397,0.4375,0.436,0.434,0.4374,0.4327,0.4232,0.3885,0.3671,0.3672,0.3708,0.3702,0.3635,0.356,0.3447,0.3167,0.307,0.2902,0.2816,0.2654,0.2356,0.2074,0.1633,0.1416,0.0916,0.0766,0.0691,0.0637,0.0566,0.0314,0.0242,0.0209,0.0184,0.0182,0.0179,0.0173,0.0148,0.0136,0.0125,0.012,0.0118,0.0116,0.0113,0.0111,0.0109,0.0103,0.0056,0.0037,0.0039,0.0031,0.0031,0.0032,0.0031,0.0029,0.0031,0.0035,0.0038,0.0035,0.0028,0.0022,0.002,0.0019,0.0018,0.0019,0.0025,0.0029,0.0029,0.0024,0.0024,0.0024,0.0019,0.0016,0.0015,0.0016,0.0014
0.452,0.4488,0.4387,0.4305,0.4286,0.4289,0.4095,0.402,0.402,0.4033,0.4022,0.4008,0.3935,0.3885,0.3831,0.3816,0.3832,0.3813,0.3758,0.3698,0.3663,0.3636,0.3588,0.3104,0.2943,0.2855,0.2825,0.2779,0.2672,0.2583,0.2322,0.2179,0.1973,0.1715,0.1462,0.1104,0.0924,0.0819,0.0742,0.0696,0.0663,0.0658,0.0648,0.0633,0.0527,0.0431,0.0361,0.0358,0.0356,0.0354,0.0347,0.034,0.0305,0.0273,0.0263,0.0256,0.0251,0.0244,0.0237,0.0226,0.018,0.0185,0.0201,0.0215,0.0196,0.0197,0.0205,0.02,0.0184,0.019,0.0183,0.0169,0.0134,0.0119,0.0105,0.009,0.0068,0.0053,0.005,0.0047,0.0046,0.0048,0.0046,0.0045,0.0045,0.0044,0.0049,0.0053,0.0052,0.005
0.3973,0.3997,0.4002,0.4003,0.3942,0.3945,0.3915,0.3768,0.377,0.3747,0.367,0.3679,0.3653,0.3568,0.3511,0.3472,0.3318,0.3095,0.3024,0.3005,0.2972,0.2949,0.29,0.2465,0.2297,0.2239,0.2196,0.2124,0.2038,0.1998,0.1944,0.1877,0.1805,0.1738,0.1648,0.1457,0.1272,0.1168,0.1139,0.1145,0.1069,0.1059,0.1053,0.1053,0.0987,0.0881,0.0733,0.0659,0.0597,0.0572,0.0532,0.0407,0.0426,0.0415,0.0441,0.0436,0.0417,0.0383,0.0358,0.0372,0.0362,0.0357,0.0322,0.0274,0.0256,0.0257,0.0253,0.0256,0.0256,0.0214,0.019,0.0183,0.0181,0.019,0.0187,0.0186,0.0192,0.0191,0.019,0.0187,0.0185,0.0176,0.0162,0.0151,0.0146,0.013,0.0109,0.0102,0.0082,0.009
0.3597,0.363,0.3634,0.3634,0.3657,0.3656,0.3619,0.3462,0.3331,0.3257,0.3244,0.3238,0.3197,0.3165,0.3171,0.3076,0.2961,0.2825,0.2812,0.2789,0.2779,0.2773,0.2761,0.2624,0.2447,0.24,0.2397,0.2391,0.2377,0.2335,0.2311,0.2288,0.2251,0.2158,0.2083,0.203,0.1903,0.1772,0.1722,0.1715,0.1701,0.1684,0.171,0.1677,0.1633,0.1606,0.1534,0.1453,0.1397,0.1362,0.1312,0.1252,0.1162,0.1073,0.1002,0.0929,0.0837,0.0762,0.0703,0.0649,0.0588,0.054,0.052,0.0483,0.043,0.0373,0.0295,0.0237,0.021,0.0145,0.0112,0.01,0.0092,0.0084,0.0068,0.005,0.0045,0.0044,0.004,0.0034,0.003,0.0025,0.0024,0.0022,0.0021,0.0021,0.002,0.0019,0.0018,0.0018
0.325,0.3237,0.3175,0.3124,0.3081,0.3058,0.3026,0.2973,0.2839,0.2794,0.2776,0.2762,0.2713,0.2625,0.2542,0.2468,0.2396,0.2346,0.2324,0.2288,0.2277,0.2275,0.2271,0.225,0.2176,0.2082,0.2022,0.1997,0.1971,0.1928,0.1891,0.1841,0.178,0.1682,0.1581,0.1465,0.1342,0.121,0.1005,0.0835,0.0698,0.0631,0.0507,0.0385,0.0325,0.0284,0.0239,0.0159,0.0133,0.0111,0.0092,0.0084,0.0058,0.0041,0.0033,0.0028,0.002,0.0013,0.0011,0.001,8e-04,8e-04,8e-04,8e-04,8e-04,7e-04,7e-04,7e-04,7e-04,7e-04,6e-04,6e-04,6e-04,6e-04,5e-04,5e-04,5e-04,5e-04,5e-04,5e-04,5e-04,5e-04,5e-04,5e-04,5e-04,5e-04,5e-04,5e-04,4e-04,4e-04
0.3243,0.3193,0.3088,0.298,0.2947,0.2936,0.2919,0.2891,0.2742,0.2607,0.2564,0.2517,0.2454,0.2238,0.2111,0.2058,0.2017,0.1904,0.179,0.1678,0.1613,0.1551,0.1498,0.1418,0.1334,0.1154,0.094,0.0762,0.071,0.0587,0.0477,0.0411,0.0349,0.0286,0.0228,0.0192,0.0142,0.0132,0.0128,0.0107,0.0101,0.0101,0.0097,0.0091,0.008,0.0076,0.0072,0.0068,0.0066,0.0063,0.006,0.0054,0.0048,0.0045,0.0045,0.0045,0.0038,0.003,0.0026,0.0023,0.002,0.0018,0.0015,0.0013,9e-04,7e-04,7e-04,6e-04,5e-04,3e-04,3e-04,2e-04,2e-04,2e-04,2e-04,1e-04,1e-04,1e-04,1e-04,1e-04,1e-04,1e-04,1e-04,1e-04,1e-04,1e-04,1e-04,0,0,0
0.2209,0.2219,0.2213,0.214,0.214,0.2122,0.2128,0.213,0.2013,0.1888,0.1827,0.1789,0.1751,0.1611,0.1438,0.1355,0.1298,0.119,0.1085,0.0965,0.0855,0.064,0.0546,0.0437,0.0347,0.0242,0.0179,0.015,0.0122,0.0083,0.0074,0.0064,0.0063,0.0058,0.0046,0.0032,0.0022,0.0019,0.0017,0.0015,0.0015,0.0015,0.0015,0.0012,9e-04,7e-04,6e-04,5e-04,5e-04,5e-04,5e-04,5e-04,4e-04,4e-04,4e-04,2e-04,0,0,0,0,0,0,0,0,0,0,0,0,0,0,0,0,0,0,1e-04,1e-04,1e-04,1e-04,1e-04,1e-04,1e-04,1e-04,1e-04,1e-04,1e-04,1e-04,1e-04,1e-04,1e-04,1e-04
0.17,0.1688,0.1676,0.1666,0.1636,0.1612,0.1611,0.1606,0.155,0.1488,0.1469,0.1457,0.1425,0.1339,0.1296,0.128,0.1256,0.1219,0.121,0.1141,0.1075,0.0996,0.093,0.0885,0.0789,0.0656,0.0557,0.0453,0.0406,0.0343,0.0341,0.0362,0.0333,0.0315,0.0258,0.0193,0.0119,0.0084,0.007,0.0074,0.0079,0.0081,0.0069,0.0021,0.0018,0.0017,0.0011,9e-04,9e-04,9e-04,9e-04,9e-04,9e-04,6e-04,3e-04,1e-04,1e-04,1e-04,1e-04,1e-04,1e-04,1e-04,1e-04,1e-04,1e-04,1e-04,1e-04,0,0,0,0,0,0,0,0,0,0,0,0,0,0,0,0,0,0,0,0,0,0,0
0.2116,0.207,0.2075,0.2043,0.1987,0.1976,0.1948,0.192,0.1908,0.1899,0.1886,0.1835,0.1779,0.1717,0.1685,0.1669,0.1592,0.1541,0.1298,0.1156,0.1073,0.0954,0.0854,0.0779,0.0702,0.0646,0.061,0.0505,0.0333,0.0249,0.0185,0.0177,0.0163,0.0146,0.0132,0.0073,0.0039,0.0035,0.0035,0.0035,0.0033,0.0032,0.0029,0.002,0.002,0.0019,0.0018,0.0018,0.0016,0.0012,3e-04,3e-04,3e-04,2e-04,2e-04,1e-04,1e-04,1e-04,1e-04,1e-04,1e-04,1e-04,1e-04,1e-04,1e-04,1e-04,0,0,0,0,0,0,0,1e-04,1e-04,1e-04,1e-04,1e-04,1e-04,1e-04,0,0,0,0,0,0,0,0,0,0
0.2136,0.211,0.2062,0.2058,0.2026,0.198,0.1916,0.1775,0.1691,0.1699,0.1693,0.1667,0.1624,0.1595,0.1558,0.1465,0.1361,0.1321,0.121,0.0988,0.0855,0.0693,0.0499,0.0277,0.015,0.01,0.0076,0.0043,0.003,0.0026,0.0024,0.0024,0.0025,0.0021,0.0021,0.002,0.0019,0.0019,0.0018,0.0013,0.0012,0.0012,0.001,9e-04,9e-04,9e-04,9e-04,9e-04,9e-04,6e-04,3e-04,2e-04,2e-04,2e-04,2e-04,2e-04,1e-04,1e-04,2e-04,2e-04,2e-04,2e-04,2e-04,2e-04,2e-04,2e-04,2e-04,1e-04,1e-04,1e-04,1e-04,1e-04,1e-04,1e-04,1e-04,2e-04,2e-04,2e-04,3e-04,3e-04,3e-04,3e-04,3e-04,4e-04,4e-04,4e-04,5e-04,6e-04,7e-04,8e-04
0.1504,0.1448,0.1333,0.1365,0.135,0.1346,0.1278,0.1106,0.1008,0.0903,0.0835,0.081,0.0755,0.0665,0.0581,0.0518,0.0481,0.0411,0.0325,0.0208,0.0171,0.0136,0.0077,0.0039,0.0027,0.0027,0.0027,0.0027,0.0027,0.0026,0.0023,0.0021,0.0021,0.0021,0.0021,0.002,0.002,0.002,0.0015,0.0015,0.0015,0.0016,0.0016,0.0015,0.0015,0.0015,0.0016,0.0016,0.0014,0.001,0.0015,0.0017,0.0019,0.0021,0.0026,0.003,0.0033,0.0037,0.004,0.0044,0.0049,0.0052,0.0056,0.0053,0.0056,0.0058,0.005,0.0053,0.0049,0.0045,0.0045,0.0046,0.0045,0.0039,0.0043,0.0044,0.0044,0.0043,0.004,0.004,0.0039,0.004,0.0041,0.004,0.0037,0.0035,0.0034,0.0035,0.0037,0.0038
0.1304,0.1276,0.1249,0.1257,0.1226,0.1205,0.1184,0.111,0.1033,0.0972,0.0955,0.0966,0.0957,0.0929,0.0904,0.0864,0.0841,0.0808,0.0748,0.0744,0.0746,0.0748,0.0741,0.073,0.074,0.0739,0.0726,0.0728,0.072,0.0713,0.0652,0.0654,0.0653,0.0654,0.0632,0.0581,0.0551,0.0536,0.0519,0.0512,0.049,0.0437,0.0397,0.0387,0.0373,0.0299,0.0228,0.0199,0.0179,0.0242,0.0228,0.0212,0.0197,0.0173,0.0148,0.0114,0.0101,0.0111,0.0118,0.0126,0.0123,0.0122,0.0111,0.0121,0.0145,0.017,0.0165,0.0154,0.0148,0.0134,0.0139,0.0141,0.0126,0.0106,0.0115,0.0125,0.0112,0.0096,0.0088,0.0099,0.0091,0.0085,0.0092,0.0097,0.0115,0.0114,0.0121,0.0153,0.0172,0.0201
0.1883,0.1876,0.1856,0.1824,0.1801,0.1792,0.1788,0.1758,0.171,0.1739,0.1735,0.1714,0.1738,0.1717,0.1707,0.17,0.1706,0.1715,0.1678,0.1693,0.1699,0.1692,0.1699,0.1681,0.168,0.1683,0.1658,0.1598,0.1566,0.1546,0.1532,0.1503,0.1477,0.1456,0.1411,0.1382,0.1368,0.136,0.1338,0.1289,0.1277,0.1248,0.1232,0.1218,0.1211,0.1174,0.1176,0.1178,0.1164,0.1158,0.1145,0.1129,0.1135,0.1126,0.1103,0.1077,0.1095,0.1088,0.1057,0.1029,0.102,0.1009,0.1003,0.0986,0.0987,0.0987,0.0994,0.0972,0.0961,0.0938,0.0926,0.0925,0.0899,0.085,0.0868,0.0878,0.0843,0.0823,0.0849,0.0857,0.0847,0.0838,0.0844,0.0839,0.0889,0.0859,0.0842,0.085,0.086,0.0859
0.2724,0.2674,0.2604,0.2528,0.2502,0.2525,0.2525,0.2538,0.2478,0.2471,0.2448,0.2431,0.2459,0.2462,0.2449,0.2441,0.245,0.2432,0.2464,0.2472,0.2451,0.2429,0.2413,0.2416,0.2397,0.233,0.2241,0.2203,0.2055,0.2012,0.2021,0.2046,0.2063,0.1956,0.1893,0.1897,0.1896,0.1924,0.1924,0.1881,0.1847,0.1829,0.182,0.1806,0.1789,0.1742,0.1664,0.1616,0.1603,0.1587,0.156,0.1557,0.1539,0.1523,0.1488,0.1462,0.1466,0.1439,0.1429,0.1403,0.1325,0.1336,0.1359,0.1309,0.122,0.1183,0.1175,0.1199,0.1203,0.12,0.1198,0.1195,0.1198,0.1191,0.1143,0.1095,0.114,0.1138,0.1092,0.1048,0.0977,0.0924,0.0922,0.0946,0.0935,0.0941,0.0921,0.0893,0.089,0.0905
0.3691,0.3606,0.3563,0.3476,0.3465,0.3525,0.3596,0.3669,0.3653,0.3549,0.3548,0.3482,0.3476,0.3498,0.3423,0.3367,0.3364,0.3342,0.3318,0.3283,0.3269,0.3213,0.3116,0.3057,0.3017,0.2979,0.2978,0.2987,0.2933,0.2887,0.2904,0.2893,0.2827,0.2742,0.2666,0.2623,0.2564,0.2474,0.2391,0.2293,0.2208,0.2169,0.2151,0.207,0.2008,0.1982,0.1889,0.1796,0.1738,0.1651,0.156,0.1503,0.1476,0.1442,0.1407,0.1344,0.1287,0.1181,0.1134,0.1125,0.1088,0.0989,0.0957,0.0921,0.0878,0.0827,0.0774,0.0766,0.0733,0.0682,0.0642,0.0603,0.0601,0.0606,0.0578,0.0537,0.0542,0.054,0.0513,0.047,0.0437,0.0415,0.039,0.0382,0.0375,0.0363,0.038,0.0381,0.0387,0.0382
0.4162,0.4152,0.4091,0.4006,0.3958,0.3929,0.3911,0.3901,0.3965,0.3968,0.3963,0.3898,0.3827,0.3771,0.3693,0.359,0.3531,0.3521,0.3503,0.3441,0.3365,0.3296,0.3218,0.3115,0.302,0.2971,0.2952,0.2922,0.2876,0.2826,0.2794,0.2701,0.2665,0.2629,0.255,0.2453,0.2417,0.2374,0.2308,0.221,0.2086,0.2038,0.198,0.1865,0.183,0.183,0.1808,0.1736,0.1626,0.1597,0.1526,0.1502,0.1483,0.1442,0.1412,0.1336,0.1265,0.1212,0.117,0.1155,0.1137,0.1081,0.1031,0.1015,0.0999,0.096,0.0809,0.0747,0.07,0.0654,0.0619,0.0581,0.0546,0.0516,0.0504,0.0482,0.0467,0.0465,0.0449,0.0405,0.0355,0.0322,0.0287,0.0255,0.0239,0.0238,0.024,0.0228,0.0214,0.0198
0.4342,0.4338,0.4329,0.4269,0.4166,0.4094,0.407,0.4062,0.4079,0.4114,0.4104,0.406,0.3903,0.3797,0.371,0.3651,0.3568,0.3495,0.344,0.3364,0.3311,0.3229,0.3172,0.3136,0.313,0.3041,0.2935,0.2857,0.2801,0.2764,0.2705,0.2593,0.2516,0.243,0.2315,0.2233,0.2232,0.2227,0.2228,0.2234,0.2152,0.2058,0.2011,0.194,0.1889,0.1905,0.1882,0.1846,0.181,0.172,0.1678,0.1646,0.1635,0.1628,0.1626,0.1557,0.1454,0.1314,0.1259,0.1214,0.1179,0.1144,0.1078,0.1052,0.1036,0.0952,0.0548,0.0313,0.0286,0.0254,0.0249,0.0251,0.0251,0.0217,0.0169,0.0169,0.0162,0.0162,0.0162,0.0162,0.0156,0.0146,0.0144,0.0137,0.0132,0.012,0.0121,0.0121,0.0121,0.0124
0.4987,0.504,0.5073,0.5049,0.4922,0.4851,0.4749,0.471,0.4675,0.467,0.467,0.4672,0.4558,0.4453,0.4437,0.4352,0.4216,0.4092,0.3975,0.3929,0.3908,0.3846,0.3687,0.3671,0.3657,0.3624,0.3434,0.3172,0.2984,0.2916,0.2882,0.2805,0.2703,0.2654,0.2521,0.2409,0.2357,0.228,0.224,0.2247,0.2274,0.2161,0.2096,0.2016,0.1959,0.1963,0.1931,0.1923,0.1896,0.1857,0.1843,0.1791,0.1736,0.1702,0.165,0.1609,0.1503,0.1364,0.1272,0.1242,0.123,0.119,0.114,0.1076,0.0945,0.0764,0.0595,0.0369,0.033,0.0302,0.022,0.0204,0.0198,0.0198,0.0165,0.0161,0.016,0.016,0.0156,0.0157,0.0158,0.0151,0.0138,0.0138,0.0138,0.0133,0.0129,0.0128,0.0128,0.0129
0.487,0.4904,0.493,0.4928,0.4925,0.4869,0.48,0.4707,0.4684,0.4646,0.4664,0.4634,0.4628,0.4578,0.4504,0.4418,0.4358,0.4268,0.4156,0.413,0.4104,0.406,0.3902,0.3835,0.381,0.3784,0.3599,0.3444,0.332,0.3194,0.3125,0.3066,0.2997,0.2911,0.2856,0.2782,0.2693,0.2645,0.2606,0.258,0.2594,0.2589,0.2453,0.2403,0.2376,0.2322,0.2298,0.2276,0.2289,0.2263,0.2245,0.2233,0.2222,0.2187,0.2134,0.2083,0.1999,0.1843,0.1704,0.1645,0.1589,0.154,0.1491,0.1412,0.133,0.1134,0.0912,0.0782,0.0675,0.0615,0.0555,0.0518,0.0497,0.0503,0.05,0.0491,0.0485,0.0423,0.0382,0.0379,0.0376,0.0373,0.0345,0.0335,0.0331,0.0295,0.0187,0.0185,0.0179,0.0179
0.4545,0.4532,0.4492,0.4485,0.4498,0.4494,0.4434,0.4424,0.4402,0.4404,0.4403,0.4388,0.441,0.4345,0.4234,0.4213,0.4119,0.4074,0.3861,0.3745,0.3693,0.3652,0.3313,0.3202,0.318,0.3164,0.3123,0.28,0.2713,0.2646,0.2611,0.2612,0.2538,0.2436,0.2414,0.2371,0.2332,0.2267,0.2214,0.2173,0.2162,0.2164,0.2124,0.2056,0.2022,0.1935,0.1926,0.1907,0.1871,0.1825,0.1778,0.1741,0.173,0.1687,0.1636,0.1545,0.1232,0.1186,0.1044,0.1014,0.0953,0.0912,0.0851,0.0771,0.0704,0.0622,0.0458,0.0417,0.0328,0.0316,0.0163,0.0139,0.0131,0.012,0.0123,0.0128,0.0127,0.0112,0.0105,0.0103,0.0099,0.0099,0.0097,0.0096,0.0094,0.0094,0.0075,0.0075,0.0074,0.007
0.4002,0.3943,0.3901,0.3877,0.3895,0.3892,0.3883,0.3824,0.3804,0.3726,0.3628,0.3608,0.3612,0.3603,0.3542,0.3464,0.3389,0.3337,0.3206,0.3085,0.3023,0.296,0.2829,0.2749,0.2697,0.2638,0.2578,0.241,0.2271,0.219,0.2122,0.2075,0.1999,0.192,0.1885,0.1863,0.1865,0.1787,0.1659,0.1571,0.1554,0.1539,0.1482,0.1281,0.1001,0.0799,0.0708,0.0629,0.0555,0.0501,0.0432,0.0412,0.0396,0.0365,0.0266,0.0185,0.016,0.0159,0.0147,0.0139,0.0128,0.0129,0.0126,0.0126,0.0123,0.0112,0.0098,0.0092,0.0093,0.0087,0.0081,0.0062,0.0053,0.0024,0.0022,0.002,0.002,0.0019,0.0019,0.0018,0.0017,0.0017,0.0016,0.0016,0.0016,0.0015,0.0015,0.0016,0.0016,9e-04
0.313,0.3117,0.309,0.3082,0.3084,0.3067,0.304,0.3026,0.3029,0.299,0.2922,0.2875,0.2857,0.2836,0.2798,0.2747,0.2701,0.2652,0.2602,0.2559,0.2535,0.2503,0.2396,0.2345,0.2281,0.2177,0.2065,0.1895,0.1799,0.1712,0.1652,0.1609,0.155,0.1501,0.147,0.1457,0.1431,0.1322,0.1228,0.113,0.1064,0.0981,0.0935,0.0893,0.0829,0.0785,0.0711,0.0633,0.0573,0.0516,0.046,0.0432,0.0389,0.0361,0.0326,0.0262,0.026,0.026,0.0253,0.025,0.0242,0.0239,0.0223,0.0218,0.0217,0.0207,0.0156,0.0133,0.013,0.013,0.0128,0.0124,0.0097,0.0043,0.0039,0.0015,0.0015,0.0015,0.0015,0.0015,0.0015,0.0015,0.0015,0.0015,0.0015,0.0014,0.0014,0.0012,8e-04,1e-04
0.2821,0.2789,0.2754,0.2738,0.2735,0.2711,0.2615,0.2564,0.2516,0.243,0.237,0.231,0.2208,0.2153,0.2061,0.2015,0.1949,0.1857,0.1827,0.18,0.1753,0.1672,0.1567,0.1478,0.1349,0.1244,0.1157,0.1019,0.0969,0.0953,0.0882,0.0802,0.0743,0.0705,0.0651,0.0618,0.0531,0.0472,0.043,0.0419,0.0383,0.0326,0.027,0.0226,0.0186,0.0169,0.0164,0.0148,0.0125,0.0121,0.0125,0.0112,0.0115,0.0114,0.0109,0.0111,0.0115,0.0118,0.0094,0.0089,0.009,0.0086,0.009,0.009,0.0056,0.0047,6e-04,0,0,0,0,0,0,0,0,0,0,0,0,0,0,0,0,0,0,1e-04,1e-04,1e-04,1e-04,1e-04
0.2001,0.1979,0.1958,0.1902,0.1804,0.1722,0.1633,0.1586,0.1505,0.1453,0.1394,0.1338,0.1246,0.1178,0.1047,0.0994,0.094,0.0896,0.0858,0.0814,0.0774,0.0703,0.0659,0.0584,0.0483,0.0428,0.036,0.0302,0.0262,0.0249,0.0234,0.0205,0.02,0.0193,0.0194,0.0194,0.0167,0.0152,0.0127,0.0108,0.01,0.0092,0.0085,0.0065,0.0057,0.0053,0.0049,0.0041,0.0035,0.0027,0.0022,0.0018,0.0011,0.0011,0.001,9e-04,8e-04,7e-04,6e-04,7e-04,0.001,4e-04,4e-04,4e-04,3e-04,3e-04,2e-04,2e-04,2e-04,2e-04,1e-04,1e-04,1e-04,1e-04,1e-04,2e-04,2e-04,2e-04,2e-04,2e-04,2e-04,1e-04,1e-04,1e-04,1e-04,1e-04,1e-04,1e-04,1e-04,1e-04
0.1505,0.1439,0.1396,0.137,0.133,0.1327,0.132,0.1327,0.1318,0.1323,0.1314,0.1306,0.1283,0.1273,0.124,0.1233,0.1207,0.119,0.1185,0.1146,0.1101,0.1075,0.101,0.0972,0.0841,0.082,0.0795,0.0741,0.0693,0.0666,0.0632,0.061,0.0588,0.058,0.0523,0.046,0.0441,0.0418,0.0387,0.0349,0.0327,0.0306,0.03,0.0279,0.0243,0.0234,0.0218,0.0195,0.0182,0.0154,0.0119,0.0104,0.0089,0.0078,0.0073,0.0064,0.0045,0.004,0.0025,0.0015,6e-04,0,0,0,0,0,0,0,0,0,0,0,0,0,0,0,0,0,0,0,0,0,0,0,0,0,0,0,0,0
0.2238,0.2202,0.2142,0.2092,0.201,0.1924,0.1873,0.1811,0.1762,0.1724,0.1697,0.166,0.16,0.1552,0.1536,0.1476,0.142,0.1362,0.13,0.1262,0.1205,0.1171,0.1099,0.105,0.1028,0.0994,0.0954,0.0911,0.086,0.0798,0.0695,0.0527,0.042,0.0361,0.0263,0.023,0.0203,0.0184,0.0177,0.0175,0.0172,0.0156,0.0145,0.0129,0.0118,0.0113,0.0116,0.0111,0.0109,0.0091,0.0024,9e-04,5e-04,2e-04,2e-04,2e-04,2e-04,1e-04,1e-04,2e-04,1e-04,1e-04,1e-04,1e-04,0,0,0,0,0,0,0,0,0,0,0,0,0,0,0,0,0,0,0,0,0,0,0,0,1e-04,1e-04
0.2065,0.2034,0.1989,0.1971,0.1949,0.1914,0.1877,0.1806,0.1714,0.1658,0.1631,0.1582,0.1544,0.1473,0.1477,0.1443,0.1417,0.1363,0.1301,0.1277,0.1272,0.1228,0.1184,0.1104,0.1097,0.1092,0.1063,0.1061,0.1041,0.1014,0.0947,0.0861,0.0815,0.0737,0.0654,0.0608,0.0574,0.0544,0.05,0.0472,0.0451,0.0431,0.0405,0.0385,0.037,0.0355,0.0336,0.0329,0.0321,0.0307,0.0274,0.0253,0.0238,0.023,0.0224,0.0216,0.0206,0.0211,0.0212,0.02,0.0193,0.0184,0.0178,0.0175,0.0175,0.0174,0.0173,0.0169,0.0164,0.0159,0.0148,0.0143,0.0147,0.0142,0.0138,0.0144,0.0138,0.0133,0.0127,0.0119,0.0115,0.0113,0.0108,0.0101,0.0093,0.0089,0.0091,0.0088,0.0079,0.0075
0.1268,0.1221,0.1188,0.118,0.1164,0.1109,0.1116,0.1092,0.104,0.1004,0.0994,0.0968,0.0933,0.0879,0.089,0.088,0.0808,0.0768,0.0729,0.0695,0.0697,0.07,0.0663,0.0594,0.0556,0.0528,0.0493,0.0488,0.049,0.0483,0.0458,0.0459,0.0471,0.0475,0.0475,0.0474,0.0453,0.0425,0.0417,0.0405,0.0406,0.0391,0.0384,0.0402,0.0429,0.0442,0.0445,0.0448,0.0453,0.0449,0.0432,0.0405,0.0403,0.0403,0.0384,0.0386,0.0393,0.0398,0.0403,0.0401,0.0406,0.0409,0.0409,0.0411,0.0412,0.0408,0.0408,0.0404,0.0394,0.0391,0.0367,0.0365,0.0361,0.0365,0.0369,0.0368,0.0372,0.0377,0.0378,0.0377,0.0371,0.0373,0.0373,0.0377,0.0378,0.0372,0.0364,0.0339,0.033,0.0334
0.4707,0.4716,0.4756,0.4784,0.4824,0.4875,0.49,0.4973,0.5006,0.5076,0.5118,0.5103,0.5071,0.5007,0.498,0.4982,0.4957,0.4873,0.4769,0.4665,0.4574,0.4515,0.4367,0.4188,0.4086,0.3951,0.3893,0.3864,0.3845,0.3812,0.3792,0.3791,0.3798,0.3815,0.3841,0.3845,0.3822,0.3743,0.3663,0.3617,0.3624,0.3645,0.3632,0.363,0.3666,0.3724,0.3787,0.3847,0.3932,0.3973,0.3943,0.3884,0.3842,0.3818,0.3776,0.3679,0.3645,0.3635,0.3614,0.3615,0.3585,0.3572,0.3596,0.3629,0.3661,0.3648,0.3625,0.3611,0.3606,0.3623,0.3569,0.3542,0.3528,0.3533,0.3555,0.348,0.3402,0.3441,0.3469,0.3494,0.3493,0.3488,0.3481,0.3441,0.3491,0.3536,0.3517,0.3476,0.3413,0.3435
0.626,0.6218,0.6156,0.6144,0.6127,0.614,0.6122,0.6101,0.6099,0.6018,0.5992,0.5989,0.599,0.5989,0.5916,0.588,0.5849,0.5833,0.5786,0.5664,0.5533,0.542,0.5424,0.54,0.5364,0.5335,0.5269,0.5182,0.5106,0.5094,0.5079,0.5032,0.4973,0.4943,0.4964,0.4992,0.5013,0.507,0.5074,0.5069,0.4989,0.4974,0.4973,0.4947,0.4896,0.4868,0.4871,0.4845,0.4782,0.4704,0.4671,0.4695,0.4685,0.4632,0.459,0.4399,0.4271,0.4206,0.4173,0.4115,0.4024,0.392,0.3819,0.376,0.3751,0.3766,0.3709,0.3576,0.3504,0.3538,0.3567,0.3536,0.3528,0.3513,0.3525,0.3536,0.3505,0.3497,0.349,0.3485,0.3514,0.3522,0.3543,0.3479,0.3389,0.3413,0.3499,0.355,0.3555,0.3582
0.735,0.7278,0.7208,0.7152,0.7075,0.6989,0.6954,0.6973,0.6957,0.6936,0.6913,0.6883,0.6866,0.6887,0.6861,0.6801,0.6801,0.6702,0.6642,0.653,0.6422,0.6295,0.6269,0.6247,0.6197,0.6182,0.6162,0.6148,0.6141,0.6102,0.601,0.5939,0.5858,0.5741,0.5655,0.5632,0.5636,0.5652,0.567,0.5684,0.5646,0.5568,0.5521,0.5444,0.5388,0.5263,0.5209,0.5176,0.5055,0.4716,0.4642,0.4647,0.4653,0.4611,0.4516,0.4379,0.4022,0.384,0.3748,0.3733,0.3694,0.3581,0.3487,0.3384,0.3348,0.3281,0.3173,0.2905,0.2713,0.2679,0.2675,0.2578,0.2521,0.248,0.2474,0.2474,0.246,0.2396,0.2369,0.2334,0.2364,0.2375,0.2346,0.2343,0.2288,0.2265,0.2267,0.2327,0.2367,0.2371
0.7386,0.7337,0.7208,0.7168,0.7169,0.7128,0.6988,0.6972,0.6947,0.6939,0.6885,0.6783,0.6729,0.6645,0.6565,0.6488,0.6464,0.6418,0.6271,0.6277,0.6255,0.6212,0.6225,0.6262,0.6227,0.6168,0.61,0.6018,0.5999,0.5994,0.5976,0.5935,0.5877,0.5745,0.5631,0.5587,0.5536,0.5523,0.5493,0.549,0.5489,0.541,0.5366,0.5298,0.5235,0.5136,0.4972,0.4909,0.4879,0.4601,0.4579,0.4609,0.4617,0.4658,0.4639,0.4558,0.4364,0.397,0.3894,0.3792,0.3804,0.3799,0.3761,0.37,0.3628,0.3509,0.3433,0.3316,0.3143,0.3025,0.3016,0.2983,0.2752,0.2621,0.2521,0.2451,0.2442,0.2402,0.2378,0.2322,0.2175,0.213,0.1947,0.1824,0.1815,0.1738,0.1745,0.1761,0.1807,0.1787
0.656,0.658,0.6447,0.6412,0.6444,0.6517,0.6473,0.6392,0.6332,0.6323,0.6314,0.6305,0.6267,0.6263,0.6181,0.6101,0.6066,0.6121,0.6038,0.6012,0.6043,0.5985,0.5964,0.6001,0.5985,0.5935,0.5933,0.5884,0.5862,0.5803,0.5767,0.5758,0.575,0.5722,0.5433,0.5302,0.5225,0.5191,0.5124,0.497,0.4821,0.472,0.4718,0.4707,0.4575,0.4432,0.4066,0.3964,0.3868,0.3784,0.3678,0.3574,0.3423,0.3244,0.3142,0.3063,0.2979,0.2522,0.2335,0.2102,0.171,0.1592,0.1469,0.1407,0.1356,0.1281,0.1171,0.1037,0.0963,0.0938,0.079,0.0732,0.0718,0.0674,0.064,0.059,0.046,0.0426,0.0383,0.0347,0.0316,0.0288,0.0238,0.0197,0.0196,0.0186,0.0178,0.0179,0.0182,0.0161
0.6165,0.6184,0.6148,0.5961,0.593,0.5919,0.5932,0.586,0.5827,0.5733,0.573,0.572,0.5705,0.571,0.5676,0.551,0.5418,0.5314,0.5217,0.5074,0.5101,0.5122,0.5015,0.4989,0.4904,0.484,0.4736,0.4733,0.4718,0.4715,0.4736,0.4703,0.4699,0.4686,0.4643,0.4292,0.4226,0.4154,0.4075,0.3932,0.3686,0.3363,0.3166,0.2978,0.2761,0.2633,0.2446,0.1845,0.1406,0.1095,0.0902,0.078,0.0723,0.0628,0.0517,0.0426,0.0418,0.0363,0.0258,0.0156,0.0122,0.0113,0.0106,0.0105,0.0105,0.0105,0.0105,0.0106,0.0108,0.0107,0.0107,0.0107,0.0109,0.011,0.0112,0.0114,0.0113,0.0111,0.0112,0.0112,0.0114,0.0115,0.0114,0.0109,0.0106,0.0107,0.0106,0.0106,0.0105,0.0104
