0.7246,0.7167,0.7111,0.7096,0.704,0.7071,0.6841,0.6834,0.6867,0.6801,0.673,0.6655,0.6668,0.6635,0.6527,0.6518,0.6478,0.6477,0.6425,0.6384,0.6289,0.6237,0.6279,0.6038,0.6023,0.6084,0.6113,0.6094,0.6026,0.591,0.5667,0.5444,0.5274,0.4985,0.4792,0.418,0.3837,0.3694,0.339,0.3181,0.3056,0.2761,0.2471,0.241,0.2277,0.188,0.1634,0.1392,0.1273,0.0918,0.0864,0.0434,0.0283,0.0197,0.0203,0.0194,0.0191,0.0191,0.0138,0.0122,0.0114,0.0111,0.0121,0.0136,0.0137,0.0159,0.0145,0.0151,0.0156,0.017,0.0178,0.0166,0.0215,0.0217,0.022,0.0209,0.0182,0.0174,0.0179,0.0149,0.0131,0.0112,0.0097,0.0093,0.0094,0.0066,0.0056,0.0042,0.004,0.0042
0.6394,0.6373,0.6317,0.6341,0.6308,0.6274,0.6216,0.6099,0.6146,0.6159,0.6104,0.6021,0.5898,0.5891,0.5895,0.5868,0.5905,0.5952,0.596,0.5891,0.5812,0.5806,0.5759,0.5608,0.5332,0.5322,0.5322,0.5282,0.5181,0.4991,0.4678,0.446,0.3906,0.3161,0.2889,0.2618,0.2445,0.2418,0.2373,0.2308,0.2229,0.1968,0.1722,0.1628,0.1504,0.1374,0.1228,0.1033,0.0837,0.0745,0.0637,0.0408,0.0329,0.0289,0.0275,0.027,0.0256,0.0253,0.0212,0.0195,0.018,0.0177,0.0192,0.0198,0.0191,0.0205,0.0185,0.0166,0.0164,0.0165,0.0151,0.0133,0.0122,0.0109,0.0105,0.0102,0.0079,0.0071,0.0057,0.0041,0.0036,0.0032,0.0031,0.0033,0.0033,0.0032,0.0034,0.0036,0.004,0.0047
0.5277,0.524,0.5232,0.5186,0.5178,0.5184,0.5191,0.5118,0.5049,0.5094,0.5073,0.5006,0.4783,0.4671,0.4683,0.4669,0.4641,0.4623,0.4601,0.4565,0.4398,0.4273,0.417,0.4055,0.3994,0.3939,0.3926,0.3858,0.3476,0.2993,0.2884,0.2865,0.284,0.2792,0.2762,0.2759,0.2591,0.2506,0.2484,0.2445,0.2378,0.2069,0.1961,0.1888,0.1811,0.1791,0.1687,0.1446,0.1109,0.0953,0.0904,0.0837,0.0702,0.0612,0.0501,0.0401,0.0363,0.0319,0.0253,0.0211,0.0182,0.0162,0.0158,0.0164,0.0167,0.0176,0.0186,0.017,0.0161,0.0166,0.0168,0.0153,0.0158,0.0148,0.0142,0.0138,0.0122,0.012,0.0115,0.0108,0.0105,0.0103,0.0106,0.0102,0.0101,0.0101,0.0105,0.0117,0.0148,0.0157
0.432,0.4154,0.4178,0.4122,0.3924,0.3941,0.3955,0.397,0.387,0.3847,0.3879,0.3842,0.3707,0.336,0.3296,0.3253,0.3211,0.3174,0.3152,0.3164,0.3115,0.3007,0.2965,0.2988,0.3007,0.2992,0.2934,0.284,0.2709,0.2596,0.2483,0.2404,0.2226,0.2201,0.2128,0.2022,0.1841,0.1619,0.1561,0.1531,0.1451,0.1163,0.1067,0.105,0.1025,0.0973,0.0931,0.0881,0.0807,0.0723,0.0693,0.0683,0.0619,0.0562,0.0509,0.0483,0.0465,0.0451,0.0393,0.0359,0.0358,0.035,0.0352,0.0355,0.0351,0.0353,0.0342,0.0323,0.0311,0.0314,0.0306,0.0299,0.0304,0.0292,0.0295,0.0287,0.0282,0.0284,0.0278,0.0262,0.0251,0.0238,0.0235,0.0225,0.021,0.018,0.0164,0.0163,0.0152,0.0132
0.4042,0.3875,0.3893,0.3911,0.3762,0.364,0.3597,0.3573,0.3535,0.3472,0.347,0.3495,0.3468,0.3221,0.2808,0.2641,0.2582,0.2517,0.2503,0.2481,0.2449,0.2265,0.2168,0.2158,0.2084,0.2067,0.1997,0.1898,0.18,0.1747,0.1664,0.1617,0.1538,0.1486,0.1405,0.1256,0.1147,0.1064,0.1013,0.0997,0.0936,0.0813,0.0796,0.0794,0.0746,0.0708,0.0728,0.0733,0.0714,0.072,0.0722,0.0691,0.0649,0.0632,0.0608,0.0601,0.0579,0.0538,0.0377,0.0261,0.0227,0.0194,0.0185,0.0173,0.0174,0.0166,0.0144,0.0144,0.0148,0.0151,0.015,0.0138,0.0129,0.0128,0.0126,0.0124,0.012,0.0116,0.0114,0.0108,0.0105,0.0103,0.01,0.0097,0.0095,0.0091,0.0089,0.0086,0.0087,0.0086
0.3617,0.361,0.356,0.358,0.3577,0.3496,0.3478,0.3447,0.3429,0.3368,0.3199,0.3159,0.3137,0.2997,0.2854,0.2704,0.269,0.2649,0.2636,0.2611,0.2592,0.2569,0.2529,0.25,0.2507,0.2468,0.2401,0.2291,0.2272,0.226,0.2212,0.2173,0.2138,0.2102,0.206,0.1956,0.1886,0.1838,0.1792,0.1773,0.1745,0.166,0.1625,0.163,0.16,0.1535,0.1472,0.1412,0.1324,0.125,0.1217,0.1148,0.107,0.0998,0.0912,0.0763,0.0684,0.0558,0.0339,0.0223,0.0211,0.021,0.0202,0.016,0.0125,0.0097,0.0079,0.0073,0.0074,0.0072,0.0069,0.0065,0.0061,0.0058,0.0051,0.004,0.0038,0.0036,0.0034,0.0031,0.0029,0.0029,0.0028,0.0027,0.0026,0.0025,0.0024,0.0023,0.0024,0.0023
0.3627,0.3631,0.3506,0.3435,0.341,0.3381,0.3389,0.3392,0.3393,0.3397,0.3322,0.3268,0.3273,0.3191,0.3149,0.3119,0.302,0.2895,0.2846,0.2812,0.2787,0.2705,0.2588,0.2502,0.2465,0.2441,0.2417,0.232,0.22,0.2124,0.2113,0.2071,0.1945,0.1882,0.1832,0.1763,0.1598,0.1361,0.1201,0.1006,0.0886,0.0789,0.0549,0.0419,0.0394,0.0276,0.0194,0.0148,0.0097,0.0076,0.0075,0.0071,0.0068,0.0062,0.0054,0.005,0.0048,0.0047,0.0046,0.0047,0.0046,0.0043,0.0041,0.0027,0.0025,0.0024,0.002,0.0018,0.0017,0.0016,0.0016,0.0015,0.0013,0.0012,0.001,7e-04,6e-04,6e-04,6e-04,6e-04,5e-04,5e-04,5e-04,5e-04,5e-04,5e-04,5e-04,5e-04,5e-04,4e-04
0.3949,0.394,0.3872,0.3715,0.3585,0.3546,0.3498,0.3398,0.339,0.3388,0.3339,0.3288,0.3213,0.3149,0.3107,0.2773,0.2699,0.2627,0.2438,0.2339,0.2228,0.2084,0.1838,0.1794,0.1726,0.1677,0.1575,0.1479,0.1308,0.1122,0.1006,0.0794,0.0588,0.0478,0.0393,0.028,0.0221,0.017,0.0156,0.0151,0.0142,0.0139,0.0134,0.0127,0.0122,0.0116,0.0108,0.0103,0.0096,0.0088,0.0069,0.0063,0.006,0.0058,0.0056,0.0048,0.0044,0.0039,0.0037,0.0034,0.0035,0.0031,0.0027,0.0023,0.0021,0.0017,0.0015,0.001,8e-04,8e-04,7e-04,7e-04,6e-04,2e-04,2e-04,1e-04,1e-04,1e-04,1e-04,1e-04,1e-04,1e-04,1e-04,1e-04,1e-04,1e-04,1e-04,0,0,0
0.2367,0.2323,0.231,0.2226,0.1994,0.1908,0.1838,0.1787,0.1767,0.1763,0.1769,0.1685,0.157,0.151,0.1396,0.1176,0.1086,0.1013,0.095,0.0753,0.0529,0.038,0.0231,0.0159,0.0147,0.0143,0.0145,0.013,0.0105,0.0094,0.009,0.0077,0.0053,0.0034,0.0029,0.0024,0.0016,0.0014,0.0013,0.0012,9e-04,9e-04,8e-04,8e-04,7e-04,7e-04,6e-04,6e-04,5e-04,5e-04,4e-04,3e-04,2e-04,2e-04,1e-04,1e-04,1e-04,0,0,0,0,0,0,0,0,0,0,0,0,0,0,0,0,0,0,0,0,0,0,0,0,0,0,0,0,0,0,0,0,0
0.1725,0.1694,0.1663,0.1643,0.1572,0.1472,0.1403,0.1353,0.1328,0.1302,0.1258,0.1202,0.115,0.1127,0.1098,0.1041,0.1014,0.0993,0.0981,0.0926,0.0855,0.0807,0.0678,0.0529,0.0465,0.0411,0.0376,0.0241,0.0102,0.0074,0.0073,0.0075,0.0072,0.0066,0.006,0.0054,0.004,0.0037,0.0037,7e-04,1e-04,1e-04,1e-04,1e-04,1e-04,1e-04,1e-04,1e-04,1e-04,1e-04,0,0,0,0,0,0,0,0,0,0,1e-04,1e-04,1e-04,1e-04,1e-04,1e-04,1e-04,2e-04,1e-04,2e-04,2e-04,2e-04,2e-04,0,0,0,0,0,1e-04,1e-04,1e-04,1e-04,1e-04,1e-04,2e-04,2e-04,2e-04,2e-04,2e-04,2e-04
0.2184,0.2167,0.2145,0.2098,0.2034,0.2008,0.1942,0.1883,0.1823,0.1785,0.1791,0.1788,0.1721,0.1648,0.1533,0.1466,0.1389,0.1328,0.1238,0.1207,0.1124,0.1053,0.0812,0.072,0.0684,0.0633,0.0539,0.0433,0.0281,0.0189,0.0147,0.0088,0.0044,0.004,0.0033,0.0032,0.0032,0.0033,0.0025,0.0013,0.0012,0.0013,0.0015,0.0016,0.0016,0.0015,0.0015,0.0015,0.0014,0.0013,0.0013,0.0013,0.0012,0.001,0.001,9e-04,9e-04,9e-04,8e-04,8e-04,8e-04,8e-04,5e-04,5e-04,5e-04,5e-04,5e-04,5e-04,4e-04,4e-04,4e-04,4e-04,4e-04,3e-04,3e-04,3e-04,3e-04,2e-04,2e-04,2e-04,2e-04,2e-04,2e-04,2e-04,2e-04,2e-04,2e-04,2e-04,2e-04,2e-04
0.2111,0.2098,0.2079,0.2043,0.2046,0.2054,0.2052,0.2006,0.1932,0.169,0.1601,0.1587,0.1508,0.1461,0.129,0.1108,0.1016,0.0924,0.0821,0.0771,0.0727,0.0642,0.0532,0.0458,0.0416,0.0379,0.0295,0.0244,0.0228,0.0199,0.0117,0.0049,0.0032,0.0022,0.0019,0.0017,0.0014,0.0014,8e-04,6e-04,6e-04,6e-04,6e-04,5e-04,4e-04,4e-04,4e-04,4e-04,4e-04,4e-04,4e-04,4e-04,4e-04,5e-04,4e-04,4e-04,4e-04,4e-04,4e-04,4e-04,3e-04,3e-04,4e-04,4e-04,3e-04,3e-04,3e-04,2e-04,2e-04,2e-04,2e-04,2e-04,2e-04,2e-04,2e-04,2e-04,2e-04,2e-04,3e-04,3e-04,3e-04,3e-04,3e-04,3e-04,3e-04,3e-04,3e-04,3e-04,3e-04,3e-04
0.1439,0.1443,0.1329,0.1284,0.1256,0.1233,0.1203,0.1169,0.1143,0.0993,0.0915,0.085,0.0768,0.0645,0.0605,0.0518,0.0381,0.0209,0.0108,0.0099,0.0082,0.0062,0.0039,0.0026,0.0019,0.0017,0.0016,0.0015,0.0014,0.0012,0.0011,6e-04,6e-04,4e-04,4e-04,4e-04,4e-04,4e-04,4e-04,4e-04,4e-04,4e-04,4e-04,6e-04,8e-04,8e-04,9e-04,9e-04,6e-04,7e-04,8e-04,0.001,0.0011,0.0012,0.001,0.0012,0.0013,0.0015,0.0015,0.0016,0.0018,0.0017,0.0019,0.002,0.0021,0.0022,0.0022,0.0022,0.0022,0.0021,0.0022,0.0023,0.0024,0.0024,0.0022,0.0022,0.0023,0.0023,0.0024,0.0024,0.0023,0.0024,0.0025,0.0025,0.0026,0.0026,0.0025,0.0025,0.0026,0.0027
0.1276,0.1291,0.1267,0.1229,0.1217,0.1102,0.1088,0.1067,0.1059,0.1004,0.0962,0.0862,0.0726,0.0569,0.0493,0.0439,0.0355,0.0274,0.0251,0.0271,0.0277,0.0283,0.0281,0.0278,0.0277,0.0268,0.026,0.0234,0.0221,0.0211,0.0199,0.0178,0.0159,0.0148,0.0137,0.0133,0.015,0.0155,0.0165,0.0166,0.0164,0.0162,0.0168,0.017,0.015,0.0118,0.0106,0.0104,0.0089,0.0086,0.0084,0.0085,0.0084,0.0061,0.0071,0.0086,0.009,0.0082,0.0081,0.0071,0.0064,0.0051,0.0046,0.0046,0.0042,0.0043,0.0046,0.005,0.0055,0.0064,0.0072,0.0081,0.0079,0.0061,0.0054,0.0052,0.0053,0.0055,0.0055,0.0054,0.0041,0.0039,0.004,0.0041,0.0042,0.0044,0.005,0.006,0.0067,0.0074
0.2024,0.202,0.2006,0.2007,0.1981,0.1991,0.2009,0.203,0.2021,0.2003,0.1988,0.1979,0.1963,0.1948,0.1938,0.1901,0.1877,0.1837,0.1768,0.1748,0.1738,0.1721,0.17,0.1678,0.1637,0.1603,0.1593,0.1587,0.1576,0.1567,0.1546,0.1513,0.1458,0.1425,0.1398,0.1384,0.1335,0.1312,0.1285,0.1224,0.117,0.1152,0.1149,0.1151,0.1139,0.1099,0.1068,0.1073,0.1044,0.1057,0.1058,0.106,0.1058,0.1024,0.1001,0.1008,0.101,0.1002,0.0997,0.0975,0.0982,0.0965,0.0934,0.0926,0.0917,0.0883,0.0851,0.0849,0.0847,0.0841,0.0844,0.0832,0.0791,0.0747,0.0736,0.0729,0.0725,0.0715,0.0691,0.0686,0.0656,0.0654,0.0656,0.0641,0.0643,0.0654,0.0663,0.0682,0.0672,0.0688
0.2798,0.282,0.2841,0.2851,0.2801,0.2793,0.2813,0.283,0.2831,0.2833,0.2872,0.2883,0.2904,0.2889,0.2899,0.2883,0.2841,0.2813,0.2808,0.2662,0.2597,0.2596,0.2574,0.2551,0.2506,0.2374,0.2261,0.2179,0.214,0.2123,0.2112,0.212,0.2122,0.207,0.2026,0.1988,0.1956,0.1938,0.1939,0.1927,0.19,0.1885,0.1871,0.1854,0.1839,0.1816,0.1772,0.1744,0.171,0.1664,0.1618,0.1601,0.1579,0.1556,0.1511,0.1505,0.1443,0.1398,0.1387,0.1359,0.1317,0.1331,0.1317,0.1298,0.1289,0.129,0.1243,0.1213,0.1161,0.114,0.1119,0.1125,0.1136,0.1147,0.1093,0.1047,0.1026,0.1026,0.1003,0.097,0.0943,0.0926,0.0918,0.0881,0.0863,0.0852,0.0843,0.0805,0.0782,0.0762
0.3553,0.3531,0.3541,0.3542,0.3507,0.3476,0.344,0.3463,0.3487,0.3459,0.3458,0.3448,0.3429,0.3444,0.3437,0.3404,0.3345,0.3292,0.3227,0.3188,0.3061,0.3025,0.3026,0.3027,0.302,0.2973,0.2921,0.2868,0.2832,0.2808,0.2799,0.2802,0.2797,0.2771,0.2688,0.2579,0.2462,0.2379,0.2372,0.2367,0.2332,0.2312,0.2254,0.2183,0.2118,0.2062,0.2007,0.1921,0.1793,0.1701,0.1662,0.1669,0.1665,0.165,0.1612,0.1545,0.1458,0.1432,0.1387,0.1314,0.1272,0.124,0.1234,0.1217,0.1185,0.1176,0.1093,0.0842,0.0804,0.0784,0.0786,0.0769,0.0768,0.0783,0.0749,0.0731,0.0728,0.0735,0.0715,0.0687,0.068,0.068,0.067,0.0637,0.0625,0.0593,0.0551,0.0518,0.0462,0.0387
0.4133,0.4064,0.4017,0.3961,0.3912,0.3847,0.3809,0.3796,0.3809,0.3797,0.376,0.3722,0.366,0.3614,0.3547,0.355,0.3553,0.352,0.3429,0.3343,0.3311,0.3237,0.3209,0.319,0.3183,0.3152,0.3103,0.304,0.2969,0.2897,0.285,0.282,0.2778,0.2756,0.2739,0.2655,0.2578,0.2402,0.2327,0.229,0.2307,0.2283,0.2269,0.2242,0.2194,0.2134,0.2107,0.2054,0.2037,0.1984,0.1924,0.1882,0.1811,0.1752,0.1732,0.1705,0.1621,0.1583,0.1508,0.1416,0.1364,0.1335,0.13,0.13,0.129,0.1267,0.1225,0.1155,0.1129,0.1103,0.1103,0.1124,0.1118,0.1109,0.1067,0.1049,0.103,0.0999,0.0983,0.0923,0.089,0.0866,0.0823,0.0783,0.0746,0.0682,0.0646,0.0603,0.0585,0.0579
0.4331,0.4246,0.4219,0.4181,0.414,0.4084,0.4033,0.4002,0.3923,0.3858,0.3828,0.378,0.3721,0.3634,0.3579,0.3552,0.3535,0.3499,0.3449,0.3362,0.3297,0.3248,0.3192,0.317,0.3147,0.3121,0.3078,0.3046,0.3,0.2977,0.2943,0.2902,0.2871,0.2853,0.2834,0.2808,0.2753,0.2707,0.2524,0.242,0.2403,0.242,0.2414,0.2393,0.2392,0.2376,0.236,0.2295,0.226,0.2231,0.2146,0.2116,0.2063,0.2024,0.1991,0.1953,0.1931,0.18,0.1763,0.1709,0.1671,0.162,0.1584,0.1567,0.1553,0.1542,0.1517,0.142,0.1341,0.1225,0.1173,0.1122,0.11,0.1072,0.1009,0.0911,0.0853,0.0822,0.0738,0.0629,0.0604,0.0593,0.0587,0.0538,0.0468,0.0437,0.0406,0.0373,0.0332,0.0298
0.4797,0.4719,0.4628,0.461,0.4568,0.4428,0.4398,0.4336,0.4254,0.419,0.4179,0.4163,0.4154,0.4085,0.4009,0.3962,0.3933,0.3876,0.3842,0.3791,0.3674,0.3636,0.3605,0.3543,0.3534,0.3507,0.3397,0.332,0.3283,0.326,0.3226,0.32,0.3133,0.3078,0.3073,0.3071,0.3009,0.2998,0.2902,0.2739,0.2672,0.2654,0.2633,0.2604,0.2579,0.2546,0.252,0.2411,0.2352,0.2291,0.2229,0.2101,0.2063,0.2004,0.1932,0.1844,0.177,0.1698,0.1542,0.1552,0.1527,0.148,0.1444,0.139,0.1325,0.1273,0.1209,0.113,0.1023,0.0848,0.078,0.0716,0.0613,0.0516,0.0429,0.0389,0.0374,0.0356,0.021,0.0171,0.016,0.0161,0.0164,0.0164,0.0113,0.0095,0.0099,0.0101,0.0098,0.0091
0.4645,0.4627,0.4489,0.445,0.4434,0.4397,0.4415,0.4404,0.4392,0.4361,0.4271,0.4189,0.4172,0.4133,0.4055,0.4021,0.3997,0.3975,0.395,0.3919,0.3878,0.3797,0.3813,0.3741,0.3718,0.3679,0.3628,0.3532,0.3473,0.3455,0.3449,0.342,0.3285,0.324,0.3216,0.3194,0.3177,0.3154,0.3128,0.3005,0.2881,0.2786,0.2724,0.2654,0.2598,0.2521,0.2413,0.2271,0.2187,0.2099,0.2057,0.1858,0.1773,0.1691,0.1606,0.1515,0.1379,0.1289,0.1029,0.0958,0.0885,0.0769,0.075,0.0719,0.0683,0.063,0.0474,0.0456,0.0456,0.0464,0.0467,0.0447,0.0427,0.0327,0.0305,0.029,0.0259,0.0216,0.014,0.0122,0.0127,0.0131,0.0133,0.0137,0.0106,0.0076,0.0071,0.0074,0.006,0.0055
0.4668,0.4701,0.4667,0.4538,0.4542,0.4537,0.4601,0.4624,0.4622,0.4597,0.4434,0.4359,0.4289,0.4258,0.423,0.4146,0.3899,0.3835,0.383,0.3803,0.3784,0.3747,0.367,0.3681,0.362,0.3573,0.3503,0.3471,0.3399,0.335,0.3318,0.3275,0.3043,0.2924,0.2834,0.2797,0.2719,0.2624,0.248,0.2399,0.2348,0.2209,0.2069,0.1894,0.1732,0.1565,0.1349,0.114,0.102,0.0938,0.0848,0.0769,0.0595,0.0564,0.0548,0.0533,0.047,0.0421,0.0359,0.0321,0.0227,0.0196,0.0208,0.0212,0.0218,0.0222,0.0204,0.0187,0.0185,0.0187,0.0181,0.018,0.018,0.0179,0.0174,0.0179,0.0148,0.0149,0.0143,0.0084,0.0059,0.0053,0.0047,0.0036,0.003,0.0019,0.002,0.0021,0.0022,0.0022
0.43,0.4355,0.4415,0.4379,0.4326,0.4351,0.4334,0.4223,0.4103,0.4027,0.3946,0.3869,0.3752,0.3715,0.3688,0.3669,0.3578,0.3373,0.3231,0.3168,0.3143,0.3113,0.3073,0.2954,0.2876,0.2801,0.2778,0.2723,0.2629,0.2524,0.2471,0.2342,0.2288,0.2051,0.1864,0.1697,0.1529,0.1416,0.1313,0.115,0.114,0.1148,0.1096,0.0927,0.0745,0.0648,0.0601,0.0571,0.057,0.054,0.051,0.0493,0.0484,0.0479,0.0466,0.0449,0.0443,0.0415,0.0384,0.0379,0.035,0.0359,0.0362,0.0374,0.0377,0.0368,0.0351,0.0337,0.0332,0.0327,0.0322,0.0306,0.0288,0.029,0.0281,0.0212,0.0127,0.01,0.0062,0.0054,0.0052,0.0049,0.0048,0.0045,0.0043,0.0042,0.0034,0.0031,0.003,0.0031
0.3208,0.3208,0.3228,0.3246,0.32,0.3189,0.3192,0.3119,0.3082,0.3049,0.3037,0.3018,0.2962,0.2955,0.2958,0.2948,0.2931,0.2901,0.2824,0.2738,0.271,0.2693,0.2662,0.2578,0.2515,0.2442,0.2368,0.2271,0.219,0.2008,0.1781,0.1685,0.1634,0.15,0.1377,0.1284,0.1174,0.1081,0.1018,0.0939,0.0878,0.083,0.0788,0.0729,0.0643,0.0558,0.051,0.0463,0.0443,0.0442,0.0431,0.0419,0.0378,0.0354,0.0302,0.025,0.0202,0.019,0.0181,0.0172,0.0144,0.0167,0.0159,0.014,0.0118,0.0129,0.0133,0.0131,0.0128,0.0116,0.0098,0.0083,0.0081,0.007,0.0048,8e-04,3e-04,1e-04,1e-04,1e-04,1e-04,1e-04,1e-04,0,0,0,0,0,0,0
0.2839,0.2804,0.2771,0.2735,0.2697,0.2663,0.258,0.2486,0.243,0.2392,0.2339,0.2093,0.201,0.1988,0.1957,0.1903,0.1875,0.1822,0.1732,0.159,0.1454,0.1365,0.1195,0.1052,0.0957,0.0882,0.0782,0.068,0.0608,0.0554,0.0464,0.0394,0.0361,0.0334,0.0299,0.0274,0.0243,0.0216,0.0203,0.0191,0.0175,0.0106,0.0077,0.0052,0.0036,0.0023,0.0019,0.0016,0.0015,0.0016,0.0015,0.0014,2e-04,2e-04,1e-04,1e-04,1e-04,1e-04,1e-04,1e-04,1e-04,1e-04,1e-04,2e-04,2e-04,3e-04,3e-04,4e-04,4e-04,5e-04,5e-04,6e-04,8e-04,7e-04,7e-04,5e-04,3e-04,0,0,0,0,0,0,0,1e-04,1e-04,2e-04,2e-04,1e-04,1e-04
0.201,0.1948,0.1881,0.1786,0.1648,0.1555,0.143,0.1352,0.1291,0.124,0.1184,0.1086,0.1035,0.0976,0.0907,0.0852,0.0822,0.0809,0.075,0.0694,0.0637,0.0524,0.0295,0.0237,0.0226,0.0219,0.0207,0.0189,0.0167,0.0157,0.0148,0.0131,0.0124,0.0122,0.0125,0.012,0.0118,0.0118,0.0115,0.0109,0.0106,0.0094,0.008,0.0059,0.0045,0.003,0.001,0.001,7e-04,7e-04,6e-04,5e-04,5e-04,7e-04,9e-04,9e-04,9e-04,8e-04,7e-04,7e-04,7e-04,8e-04,8e-04,7e-04,6e-04,6e-04,5e-04,5e-04,5e-04,5e-04,5e-04,5e-04,5e-04,5e-04,5e-04,5e-04,5e-04,3e-04,2e-04,2e-04,1e-04,1e-04,1e-04,1e-04,1e-04,1e-04,1e-04,0,0,0
0.146,0.1433,0.1396,0.1336,0.1241,0.1187,0.1157,0.1149,0.1147,0.1133,0.1085,0.1059,0.1044,0.1016,0.0978,0.0921,0.0866,0.0832,0.079,0.0741,0.0689,0.0588,0.0509,0.0472,0.0473,0.0479,0.0485,0.0461,0.04,0.0363,0.0336,0.0296,0.0236,0.019,0.0178,0.017,0.0159,0.0155,0.0154,0.0153,0.0146,0.0134,0.0109,0.0066,0.0055,0.0051,0.0023,0.0015,0.0013,0.001,4e-04,4e-04,4e-04,4e-04,3e-04,3e-04,3e-04,3e-04,3e-04,3e-04,3e-04,3e-04,3e-04,4e-04,5e-04,5e-04,6e-04,5e-04,3e-04,2e-04,1e-04,1e-04,1e-04,1e-04,1e-04,1e-04,0,0,0,0,0,0,0,0,1e-04,1e-04,2e-04,2e-04,2e-04,2e-04
0.2238,0.2225,0.2155,0.2101,0.2058,0.1987,0.191,0.1847,0.1828,0.1822,0.1783,0.1758,0.1704,0.1655,0.1639,0.1605,0.1549,0.1512,0.1455,0.1424,0.1386,0.1304,0.119,0.1117,0.1076,0.1022,0.0981,0.092,0.0887,0.0838,0.08,0.0733,0.067,0.0604,0.0502,0.041,0.0382,0.035,0.0268,0.0249,0.0241,0.0236,0.0224,0.0197,0.018,0.0174,0.0161,0.0136,0.0124,0.0066,0.0036,0.0034,0.0035,0.0034,0.0035,0.0036,0.0036,0.0035,0.0035,0.0034,0.0031,0.0032,0.003,0.0029,0.0028,0.0028,0.0028,0.0025,0.0023,0.0022,0.0021,0.0019,0.0018,0.0017,0.0016,0.0015,0.0011,7e-04,6e-04,6e-04,6e-04,0.0012,0.0011,0.001,0.0011,0.0012,0.0012,0.0012,0.0012,0.0011
0.2129,0.2121,0.2103,0.205,0.2009,0.2007,0.1947,0.1903,0.189,0.1896,0.19,0.1851,0.1821,0.1795,0.1769,0.1733,0.1701,0.1643,0.1597,0.155,0.1511,0.1465,0.1407,0.1324,0.1232,0.109,0.0931,0.0847,0.083,0.083,0.0797,0.0715,0.0651,0.0572,0.0505,0.0456,0.0419,0.0381,0.0343,0.0309,0.0289,0.0276,0.0272,0.0257,0.0245,0.0237,0.0232,0.0226,0.0211,0.0159,0.0151,0.0149,0.014,0.0134,0.0129,0.0127,0.0126,0.0123,0.0112,0.0108,0.0098,0.0088,0.0078,0.0073,0.0071,0.0068,0.0071,0.0071,0.0068,0.0066,0.0065,0.0064,0.0066,0.0064,0.006,0.0055,0.0049,0.0044,0.0034,0.0037,0.0056,0.0043,0.0047,0.0049,0.0051,0.005,0.0044,0.004,0.0041,0.0033
0.1049,0.1021,0.1004,0.0937,0.0897,0.0884,0.0851,0.0816,0.0779,0.0753,0.0735,0.0713,0.0697,0.0672,0.0654,0.0639,0.0635,0.0633,0.0636,0.064,0.0641,0.0641,0.0638,0.0604,0.0555,0.0525,0.0527,0.0531,0.0537,0.0543,0.0546,0.0548,0.0544,0.0533,0.0527,0.0523,0.0505,0.0494,0.0509,0.05,0.0503,0.0494,0.0482,0.0478,0.0483,0.0491,0.05,0.0498,0.0472,0.0473,0.0506,0.0525,0.0543,0.0557,0.056,0.0564,0.0569,0.0526,0.0547,0.057,0.0596,0.0599,0.058,0.0569,0.057,0.0576,0.0588,0.0595,0.0575,0.0577,0.0576,0.0573,0.0577,0.058,0.0579,0.0572,0.0565,0.0562,0.0555,0.0544,0.0561,0.0567,0.051,0.0488,0.0482,0.0499,0.0532,0.0495,0.0532,0.0496
0.4749,0.4664,0.4618,0.4591,0.4584,0.4575,0.4573,0.4581,0.4629,0.4651,0.4643,0.4611,0.4579,0.4535,0.4487,0.4474,0.4483,0.4515,0.4546,0.4571,0.4589,0.4613,0.4608,0.4564,0.4488,0.4405,0.4382,0.4414,0.4455,0.4514,0.4531,0.4526,0.4503,0.4465,0.4435,0.4409,0.4354,0.4288,0.4293,0.4344,0.4424,0.438,0.4347,0.4362,0.4404,0.4429,0.4458,0.4391,0.4327,0.4317,0.442,0.4499,0.4521,0.4529,0.4517,0.4496,0.451,0.4516,0.4548,0.4587,0.4647,0.4699,0.4742,0.4792,0.4802,0.4795,0.4818,0.485,0.483,0.4809,0.4802,0.4798,0.4807,0.4824,0.4841,0.4816,0.4802,0.4824,0.4819,0.4796,0.4762,0.4782,0.4797,0.4803,0.4825,0.4802,0.4777,0.4741,0.4733,0.4742
0.6258,0.6266,0.625,0.6235,0.6223,0.6222,0.6215,0.6182,0.6163,0.6183,0.6185,0.6186,0.6187,0.6191,0.6198,0.618,0.6137,0.6111,0.6088,0.606,0.6022,0.5974,0.5936,0.5948,0.595,0.5904,0.5742,0.5651,0.5597,0.5569,0.5599,0.562,0.5618,0.5609,0.5621,0.5641,0.5654,0.5619,0.55,0.5441,0.5439,0.5458,0.5477,0.5532,0.553,0.5499,0.5493,0.5501,0.5503,0.5456,0.5398,0.5384,0.5395,0.5386,0.5371,0.5319,0.5286,0.5324,0.5326,0.5286,0.5288,0.5284,0.525,0.5191,0.5158,0.5138,0.5059,0.4999,0.4989,0.4905,0.4894,0.4928,0.4962,0.4993,0.4988,0.4957,0.4905,0.4828,0.4789,0.484,0.4833,0.4656,0.4586,0.4587,0.4593,0.4537,0.4541,0.4573,0.4556,0.4603
0.7338,0.736,0.7313,0.7244,0.7237,0.7249,0.7216,0.7176,0.7055,0.7063,0.7071,0.7086,0.713,0.7173,0.7185,0.7127,0.7061,0.7009,0.6947,0.6917,0.6907,0.6854,0.6855,0.6877,0.6902,0.6926,0.676,0.66,0.6514,0.6485,0.6458,0.6449,0.644,0.6438,0.6425,0.6421,0.6419,0.6428,0.6334,0.6177,0.6025,0.6033,0.6074,0.6143,0.6124,0.6107,0.6072,0.6071,0.605,0.6011,0.5918,0.5801,0.5679,0.5606,0.5546,0.5454,0.5184,0.496,0.4898,0.4849,0.4723,0.4583,0.4438,0.4255,0.4204,0.4126,0.384,0.333,0.3206,0.3081,0.2714,0.2609,0.2475,0.2365,0.2333,0.2314,0.2264,0.2169,0.2083,0.2081,0.2115,0.2089,0.1865,0.1656,0.1516,0.1458,0.1449,0.1467,0.1493,0.151
0.7319,0.7338,0.7328,0.7261,0.7207,0.7183,0.7117,0.6991,0.6854,0.6795,0.6738,0.6712,0.6669,0.6605,0.6561,0.6447,0.636,0.6313,0.6299,0.628,0.6291,0.6219,0.6166,0.6088,0.6028,0.5963,0.5889,0.5701,0.5581,0.5534,0.5483,0.537,0.524,0.5182,0.5058,0.4961,0.489,0.4901,0.4922,0.4815,0.3605,0.3426,0.3075,0.286,0.2736,0.2684,0.2607,0.2521,0.2487,0.2451,0.235,0.2219,0.2132,0.1979,0.1902,0.1772,0.1643,0.1456,0.1227,0.1035,0.0909,0.0751,0.0673,0.0597,0.0518,0.0481,0.0468,0.0406,0.0365,0.033,0.0233,0.0145,0.009,0.0077,0.0076,0.0072,0.0071,0.0069,0.0068,0.0064,0.006,0.0059,0.0058,0.0056,0.0054,0.0054,0.0055,0.0056,0.0057,0.0059
0.6551,0.6543,0.6513,0.6504,0.6406,0.6373,0.6347,0.6292,0.6241,0.6156,0.6142,0.6165,0.6169,0.608,0.601,0.5871,0.5796,0.5752,0.5799,0.5788,0.5786,0.5701,0.5512,0.5319,0.5264,0.5192,0.5015,0.4959,0.468,0.4593,0.4535,0.4421,0.3848,0.3665,0.3537,0.3363,0.3303,0.32,0.3119,0.3061,0.2946,0.2656,0.2127,0.1031,0.077,0.0656,0.0519,0.0397,0.0326,0.0273,0.0228,0.0201,0.0187,0.0173,0.0165,0.0163,0.017,0.0154,0.0129,0.0101,0.0095,0.0072,0.0062,0.0058,0.0052,0.0052,0.0052,0.0049,0.0046,0.0044,0.0041,0.0037,0.0038,0.0041,0.0045,0.0044,0.0044,0.0043,0.0044,0.0046,0.0048,0.0047,0.0046,0.0049,0.0051,0.005,0.0054,0.0053,0.005,0.0049
0.6235,0.62,0.6108,0.6141,0.6083,0.6008,0.5815,0.5879,0.5864,0.5763,0.5674,0.5655,0.5649,0.5552,0.5427,0.5447,0.538,0.5336,0.5297,0.528,0.513,0.5058,0.499,0.4699,0.4683,0.4705,0.4716,0.4675,0.4456,0.4216,0.417,0.4156,0.4003,0.392,0.3775,0.3517,0.3403,0.3297,0.3156,0.3008,0.2873,0.2591,0.2267,0.1254,0.1073,0.0974,0.0871,0.0782,0.0685,0.0613,0.052,0.0356,0.0232,0.0224,0.0226,0.0234,0.0235,0.0232,0.0143,0.0083,0.0079,0.0074,0.0068,0.0062,0.006,0.0058,0.0055,0.0053,0.0051,0.005,0.0049,0.0049,0.0049,0.0051,0.0051,0.0048,0.0044,0.0043,0.0045,0.0051,0.006,0.0063,0.0066,0.0062,0.0044,0.0044,0.004,0.0039,0.0038,0.0038
