0.7056,0.7046,0.7008,0.702,0.7037,0.7037,0.6944,0.6736,0.6646,0.6664,0.6656,0.6604,0.6535,0.6514,0.6384,0.6382,0.6291,0.6277,0.6318,0.6305,0.6238,0.625,0.6231,0.6115,0.5972,0.592,0.5889,0.5731,0.5307,0.4985,0.4946,0.491,0.483,0.456,0.4389,0.4035,0.3666,0.3225,0.3143,0.3088,0.2899,0.2666,0.2411,0.2261,0.2149,0.2121,0.2115,0.206,0.1818,0.1743,0.1581,0.1583,0.141,0.117,0.1054,0.0884,0.0828,0.0691,0.037,0.027,0.0235,0.0217,0.0177,0.0166,0.0151,0.016,0.0165,0.0151,0.0147,0.0129,0.0132,0.0138,0.0164,0.018,0.0151,0.0135,0.0145,0.0153,0.0161,0.0151,0.0118,0.0109,0.0105,0.0106,0.0099,0.0098,0.0102,0.0111,0.0113,0.0108
0.648,0.6426,0.6393,0.6371,0.6407,0.6435,0.6489,0.6321,0.626,0.6166,0.6213,0.6267,0.6246,0.6261,0.6216,0.6239,0.6182,0.6011,0.5917,0.5966,0.5996,0.598,0.599,0.5964,0.5906,0.5834,0.5859,0.5943,0.5894,0.5347,0.5351,0.5319,0.5222,0.5079,0.4945,0.4462,0.4006,0.3777,0.3537,0.3478,0.3297,0.3185,0.31,0.2872,0.2695,0.2441,0.2327,0.227,0.1913,0.1741,0.1698,0.1656,0.156,0.1172,0.0901,0.0803,0.076,0.069,0.0604,0.0501,0.0462,0.0404,0.0354,0.0335,0.0282,0.0163,0.0156,0.0145,0.0136,0.0135,0.0131,0.0127,0.0116,0.0099,0.009,0.0091,0.0093,0.0092,0.0094,0.0096,0.0097,0.01,0.0101,0.0101,0.0099,0.0095,0.0092,0.009,0.0087,0.0083
0.5376,0.5308,0.5319,0.5282,0.5302,0.5307,0.5324,0.5332,0.5258,0.5053,0.4999,0.4983,0.4967,0.4954,0.4989,0.4945,0.4956,0.4788,0.4627,0.4624,0.464,0.4665,0.4665,0.4659,0.4685,0.4579,0.4258,0.4106,0.4101,0.4097,0.395,0.3665,0.3652,0.3562,0.3481,0.3147,0.2847,0.2727,0.2523,0.2466,0.233,0.2187,0.21,0.1996,0.1991,0.1871,0.1784,0.1728,0.1612,0.1408,0.1308,0.1219,0.1131,0.1061,0.0817,0.0698,0.0642,0.0608,0.0525,0.0373,0.0325,0.0303,0.0268,0.0261,0.0224,0.0177,0.0165,0.0172,0.0152,0.0149,0.0118,0.0102,0.0096,0.0098,0.0093,0.0108,0.0103,0.0092,0.0087,0.007,0.0072,0.0067,0.0065,0.0068,0.0064,0.0048,0.0039,0.0037,0.0036,0.0037
0.4373,0.4194,0.408,0.4058,0.404,0.4003,0.3996,0.3913,0.3869,0.3819,0.3774,0.3682,0.3626,0.3644,0.364,0.3629,0.3561,0.3514,0.3353,0.3197,0.318,0.3187,0.3171,0.3183,0.3205,0.3209,0.3153,0.311,0.3042,0.2972,0.2942,0.2727,0.26,0.2566,0.2556,0.2492,0.217,0.1907,0.1718,0.166,0.1553,0.1456,0.1342,0.1284,0.1245,0.1158,0.1113,0.1084,0.1039,0.0963,0.0867,0.0826,0.0733,0.0676,0.0556,0.0446,0.0408,0.0392,0.0372,0.0365,0.0342,0.0298,0.0286,0.0274,0.0272,0.0271,0.027,0.0272,0.0251,0.0222,0.0195,0.0194,0.0191,0.0187,0.0175,0.0187,0.0175,0.0153,0.0136,0.0125,0.0111,0.01,0.008,0.007,0.0066,0.004,0.004,0.0041,0.0026,0.002
0.4065,0.403,0.3957,0.3913,0.3802,0.3766,0.3774,0.3693,0.369,0.3609,0.3555,0.3504,0.3464,0.3424,0.3409,0.3396,0.3314,0.3248,0.2937,0.2859,0.2765,0.2632,0.258,0.2559,0.2525,0.2448,0.2425,0.2372,0.2184,0.2047,0.1883,0.1782,0.16,0.1421,0.1401,0.1378,0.126,0.1103,0.0977,0.0806,0.0586,0.0416,0.0312,0.0271,0.0249,0.0238,0.0239,0.0238,0.0232,0.0216,0.0194,0.0187,0.0186,0.0185,0.0168,0.0167,0.0167,0.0165,0.0158,0.0143,0.0107,0.0073,0.0068,0.0055,0.0053,0.0053,0.0053,0.0053,0.0056,0.0057,0.0056,0.0057,0.0057,0.006,0.0061,0.0063,0.006,0.0062,0.0068,0.0063,0.0066,0.0065,0.0066,0.0066,0.0062,0.0064,0.0067,0.0066,0.0066,0.0066
0.3654,0.3661,0.3674,0.3692,0.3693,0.3593,0.3472,0.3374,0.3392,0.3391,0.3327,0.3326,0.3265,0.3238,0.3242,0.3245,0.3144,0.3146,0.3056,0.295,0.2856,0.2753,0.2779,0.2827,0.2816,0.2791,0.2751,0.2668,0.2566,0.2455,0.2408,0.2371,0.2334,0.2158,0.2079,0.2041,0.1971,0.1845,0.1739,0.1585,0.1465,0.1357,0.1277,0.1214,0.1132,0.1042,0.0958,0.0912,0.0805,0.0706,0.0507,0.0405,0.0332,0.0228,0.0147,0.0141,0.0137,0.0132,0.0129,0.0127,0.0124,0.0121,0.0118,0.0113,0.011,0.0109,0.0108,0.0106,0.0105,0.0096,0.007,0.0063,0.0061,0.006,0.0057,0.0056,0.0052,0.0051,0.005,0.0045,0.0043,0.0038,0.0037,0.0036,0.0034,0.0033,0.0032,0.0031,0.0028,0.0026
0.3761,0.3761,0.3752,0.3779,0.3768,0.3758,0.3728,0.3608,0.355,0.3551,0.3532,0.3502,0.339,0.3353,0.3343,0.3338,0.3303,0.3264,0.3164,0.3,0.2946,0.2874,0.2771,0.2737,0.2632,0.2505,0.2427,0.2339,0.2251,0.221,0.219,0.2119,0.2048,0.1976,0.1851,0.1737,0.161,0.1389,0.1185,0.0814,0.0597,0.051,0.0466,0.04,0.0342,0.027,0.0215,0.0176,0.0154,0.0118,0.0068,0.0042,0.0037,0.0031,0.003,0.003,0.0029,0.0029,0.003,0.003,0.0028,0.0025,0.0024,0.0024,0.0023,0.0023,0.0022,0.0022,0.0023,0.0023,0.0019,0.0011,0.0011,0.0011,0.0011,0.001,0.001,0.001,0.001,0.001,0.001,0.001,0.001,9e-04,9e-04,9e-04,9e-04,9e-04,9e-04,9e-04
0.4017,0.3961,0.3951,0.3944,0.389,0.3869,0.3856,0.3797,0.3635,0.355,0.3577,0.3559,0.3456,0.309,0.2962,0.2838,0.2707,0.2456,0.2302,0.221,0.2181,0.1996,0.1629,0.1238,0.0979,0.0901,0.0807,0.0678,0.0598,0.0577,0.0529,0.0467,0.0369,0.0293,0.024,0.0185,0.0139,0.0125,0.0121,0.0092,0.0084,0.0075,0.0068,0.0055,0.0053,0.0051,0.0051,0.005,0.0048,0.0048,0.0046,0.0044,0.0041,0.0039,0.0033,0.003,0.0027,0.0022,0.002,0.0015,0.0012,0.001,9e-04,7e-04,7e-04,6e-04,4e-04,4e-04,3e-04,3e-04,3e-04,2e-04,2e-04,2e-04,1e-04,1e-04,1e-04,1e-04,1e-04,1e-04,1e-04,1e-04,1e-04,1e-04,1e-04,1e-04,0,0,0,0
0.2284,0.2246,0.2189,0.2148,0.204,0.1974,0.195,0.1925,0.1851,0.1751,0.1649,0.162,0.1605,0.1515,0.1364,0.1269,0.1122,0.0929,0.0693,0.0637,0.0494,0.0399,0.0213,0.0093,0.0076,0.0069,0.007,0.0069,0.0067,0.0063,0.0059,0.0054,0.0046,0.004,0.0031,0.0017,0.0013,0.0011,7e-04,5e-04,5e-04,5e-04,3e-04,2e-04,1e-04,1e-04,1e-04,1e-04,0,0,0,0,0,0,0,0,0,0,0,0,0,0,0,0,0,0,0,0,0,0,0,0,0,0,0,0,0,0,0,0,0,0,0,0,0,0,0,0,0,0
0.1662,0.1634,0.16,0.156,0.1499,0.1482,0.1465,0.1451,0.1424,0.1365,0.1297,0.1253,0.1251,0.1237,0.12,0.1172,0.1101,0.0982,0.0906,0.0865,0.0798,0.074,0.0658,0.0549,0.0463,0.043,0.0386,0.028,0.0207,0.0178,0.0136,0.0096,0.0091,0.0081,0.0055,0.0041,0.0027,0.0023,0.0023,0.002,0.0012,5e-04,3e-04,3e-04,2e-04,2e-04,2e-04,2e-04,1e-04,1e-04,1e-04,0,0,0,0,0,0,0,0,0,0,0,0,1e-04,1e-04,0,0,0,0,0,1e-04,1e-04,1e-04,1e-04,1e-04,1e-04,1e-04,1e-04,1e-04,1e-04,1e-04,1e-04,1e-04,1e-04,1e-04,1e-04,1e-04,1e-04,1e-04,1e-04
0.2228,0.2208,0.2206,0.2179,0.2097,0.2056,0.201,0.1947,0.1895,0.1833,0.1766,0.1708,0.1676,0.1663,0.1618,0.1571,0.1547,0.1445,0.1358,0.132,0.1251,0.1163,0.0949,0.079,0.0674,0.0597,0.0512,0.0421,0.0371,0.032,0.0188,0.011,0.0082,0.0038,0.0035,0.0034,0.0029,0.0019,0.0016,8e-04,6e-04,6e-04,6e-04,6e-04,6e-04,7e-04,7e-04,7e-04,6e-04,6e-04,6e-04,6e-04,5e-04,4e-04,4e-04,3e-04,2e-04,2e-04,2e-04,2e-04,2e-04,2e-04,2e-04,2e-04,2e-04,2e-04,2e-04,1e-04,1e-04,1e-04,1e-04,1e-04,1e-04,1e-04,1e-04,1e-04,1e-04,1e-04,1e-04,1e-04,1e-04,1e-04,1e-04,1e-04,1e-04,1e-04,1e-04,1e-04,0,0
0.2055,0.2045,0.2049,0.2041,0.2005,0.1922,0.1836,0.1732,0.1708,0.1693,0.1692,0.1673,0.1654,0.1599,0.1409,0.1285,0.1254,0.1205,0.1135,0.1108,0.1049,0.0973,0.0739,0.052,0.0327,0.0207,0.0098,0.0052,0.0033,0.0034,0.003,0.003,0.0027,0.002,0.0018,0.0018,0.0017,0.0016,9e-04,6e-04,5e-04,4e-04,3e-04,3e-04,3e-04,2e-04,1e-04,1e-04,1e-04,1e-04,1e-04,1e-04,1e-04,1e-04,1e-04,1e-04,1e-04,1e-04,1e-04,1e-04,1e-04,1e-04,0,0,0,0,0,0,1e-04,1e-04,1e-04,1e-04,1e-04,1e-04,1e-04,1e-04,1e-04,1e-04,1e-04,1e-04,1e-04,2e-04,2e-04,2e-04,2e-04,2e-04,2e-04,3e-04,3e-04,3e-04
0.1368,0.1346,0.1299,0.1287,0.1271,0.125,0.1206,0.1162,0.109,0.1059,0.1022,0.0971,0.0935,0.0856,0.0709,0.0522,0.0442,0.0329,0.0278,0.0245,0.0191,0.0113,0.0055,0.0036,0.0024,0.0017,0.0014,0.0013,0.0013,0.0013,0.001,0.001,9e-04,8e-04,8e-04,8e-04,8e-04,9e-04,0.001,9e-04,8e-04,7e-04,8e-04,9e-04,0.001,8e-04,6e-04,7e-04,0.001,0.0013,0.0015,0.0017,0.002,0.0022,0.0026,0.0028,0.0019,0.002,0.0022,0.0023,0.0021,0.0015,0.0021,9e-04,0.0011,0.0011,0.0011,0.0012,0.0012,0.0013,0.0014,0.0015,0.0012,0.0012,0.0012,0.0012,0.0013,0.0014,0.0016,0.0016,0.0016,0.0019,0.0026,0.0024,0.0023,0.0023,0.0021,0.002,0.002,0.002
0.1343,0.1339,0.1312,0.1304,0.1327,0.1292,0.1215,0.1176,0.1141,0.1115,0.104,0.0966,0.0908,0.0771,0.0634,0.0572,0.0515,0.0459,0.0452,0.0441,0.0376,0.0333,0.0322,0.0328,0.0337,0.0335,0.0311,0.0301,0.0259,0.0248,0.0233,0.0234,0.0223,0.021,0.0195,0.0183,0.0187,0.0189,0.0171,0.0173,0.0159,0.0151,0.0145,0.0139,0.0152,0.017,0.0175,0.0169,0.0159,0.0152,0.0145,0.0137,0.0121,0.0112,0.0106,0.0097,0.009,0.0083,0.0054,0.0032,0.0021,0.0026,0.0034,0.0034,0.0046,0.0044,0.0046,0.0046,0.0043,0.0044,0.0049,0.0062,0.0072,0.0079,0.0089,0.0091,0.0072,0.0062,0.0066,0.0082,0.0087,0.0093,0.0108,0.0094,0.0088,0.0102,0.0105,0.0114,0.0129,0.0135
0.1959,0.1976,0.1988,0.1987,0.1982,0.1969,0.1948,0.1926,0.1882,0.1842,0.1822,0.1812,0.1788,0.1758,0.1743,0.1716,0.1682,0.1663,0.1647,0.1631,0.161,0.1586,0.1535,0.1488,0.1461,0.1439,0.1449,0.1468,0.1471,0.1471,0.1435,0.1409,0.1386,0.1346,0.1314,0.1323,0.1339,0.1332,0.1309,0.1286,0.1226,0.1169,0.1108,0.1072,0.1096,0.1101,0.1088,0.1087,0.1085,0.1084,0.1074,0.1056,0.1016,0.1017,0.1024,0.0999,0.0987,0.0992,0.0958,0.0904,0.0842,0.0834,0.085,0.0848,0.0887,0.0914,0.0921,0.0912,0.0885,0.0874,0.0861,0.0856,0.0844,0.0833,0.0812,0.0822,0.0784,0.0753,0.0742,0.078,0.0795,0.0803,0.0782,0.0722,0.0653,0.065,0.0693,0.0712,0.0717,0.0734
0.2708,0.2711,0.2729,0.275,0.2762,0.2765,0.276,0.2758,0.2752,0.2744,0.2699,0.2658,0.2587,0.2583,0.2613,0.264,0.2653,0.2603,0.2577,0.2501,0.2489,0.2493,0.2505,0.2482,0.2414,0.2209,0.2155,0.2153,0.2096,0.1995,0.1929,0.1929,0.1908,0.1873,0.1804,0.1745,0.1727,0.1713,0.17,0.1696,0.1688,0.1633,0.1607,0.1601,0.1562,0.154,0.1532,0.1532,0.1543,0.1549,0.1534,0.1525,0.149,0.1474,0.1481,0.1482,0.1454,0.1454,0.145,0.1421,0.1367,0.1323,0.1329,0.1294,0.1276,0.1252,0.1272,0.1276,0.1274,0.1265,0.1285,0.124,0.1239,0.1242,0.1226,0.1213,0.124,0.1252,0.1239,0.122,0.1244,0.1242,0.1238,0.1206,0.1187,0.1139,0.1114,0.1102,0.1097,0.1074
0.3632,0.3649,0.3565,0.3492,0.3506,0.3525,0.3541,0.3555,0.3544,0.3541,0.3547,0.3536,0.3426,0.3336,0.3349,0.3367,0.3339,0.3303,0.3216,0.3117,0.309,0.3116,0.3046,0.302,0.3004,0.2985,0.2911,0.2862,0.2861,0.285,0.2809,0.2774,0.2781,0.2777,0.2738,0.2679,0.2631,0.2605,0.2581,0.2546,0.2528,0.2502,0.2462,0.2434,0.2364,0.2294,0.2232,0.2191,0.2175,0.2132,0.2086,0.205,0.2029,0.1957,0.1926,0.1916,0.1857,0.1822,0.1816,0.1786,0.1744,0.1662,0.1592,0.1565,0.1452,0.1418,0.1351,0.1321,0.1299,0.1246,0.12,0.1139,0.1055,0.1036,0.0995,0.0917,0.0925,0.0923,0.0917,0.0878,0.0793,0.0723,0.0685,0.0662,0.0667,0.0671,0.0652,0.0635,0.0629,0.0618
0.4198,0.4143,0.4045,0.3979,0.3932,0.3974,0.3988,0.3966,0.3957,0.3984,0.4022,0.4026,0.3987,0.3892,0.3851,0.3788,0.3718,0.3661,0.3654,0.3597,0.355,0.3468,0.3373,0.3393,0.3373,0.3377,0.333,0.3272,0.3254,0.3196,0.3143,0.3041,0.2957,0.2935,0.2947,0.292,0.2879,0.2843,0.2816,0.2755,0.271,0.2692,0.2657,0.26,0.2524,0.2489,0.2442,0.2364,0.2301,0.2255,0.2221,0.2121,0.2053,0.1977,0.1812,0.1795,0.1782,0.1711,0.1653,0.1542,0.149,0.1483,0.1435,0.1411,0.1337,0.1275,0.1248,0.1228,0.1222,0.1212,0.1187,0.1176,0.1103,0.104,0.1036,0.092,0.0899,0.0878,0.0861,0.0844,0.08,0.0776,0.0777,0.0748,0.0744,0.0746,0.0736,0.0717,0.0709,0.0715
0.4234,0.4172,0.4106,0.4047,0.4009,0.3976,0.3937,0.3892,0.3942,0.3962,0.398,0.3983,0.3968,0.389,0.381,0.3761,0.3729,0.3697,0.3632,0.3587,0.3473,0.3387,0.3379,0.3302,0.3201,0.3117,0.3088,0.3094,0.306,0.299,0.2934,0.2878,0.2854,0.2806,0.2763,0.2732,0.2693,0.2625,0.2519,0.2452,0.2398,0.2382,0.2349,0.2327,0.231,0.2287,0.2255,0.2223,0.2152,0.2107,0.2089,0.2067,0.1911,0.1836,0.1719,0.1533,0.1424,0.1388,0.134,0.1226,0.1084,0.103,0.1025,0.0984,0.0931,0.08,0.0723,0.0628,0.0595,0.059,0.0585,0.0578,0.0539,0.048,0.048,0.0428,0.0391,0.0373,0.0375,0.0365,0.0336,0.0296,0.0298,0.032,0.0321,0.0322,0.0329,0.0326,0.0329,0.0321
0.4862,0.4715,0.4605,0.4461,0.4399,0.4318,0.4257,0.4232,0.4225,0.4174,0.4168,0.4174,0.4181,0.4163,0.4034,0.3954,0.3873,0.3873,0.3791,0.3748,0.3734,0.3603,0.3508,0.3361,0.3256,0.3171,0.3137,0.3109,0.3074,0.3026,0.3029,0.3069,0.3076,0.3057,0.2914,0.2856,0.282,0.282,0.273,0.2681,0.2669,0.2626,0.2586,0.2506,0.2433,0.2412,0.234,0.2318,0.2312,0.2256,0.2196,0.2111,0.2064,0.1974,0.1821,0.1505,0.1403,0.1255,0.117,0.112,0.1042,0.1035,0.101,0.0983,0.0862,0.0784,0.0671,0.0635,0.0601,0.0577,0.0512,0.0392,0.0344,0.0299,0.0269,0.025,0.0245,0.0236,0.022,0.0215,0.0214,0.0205,0.0197,0.0195,0.0195,0.0203,0.0207,0.0216,0.022,0.0221
0.4824,0.4827,0.4804,0.4696,0.465,0.4603,0.4569,0.4561,0.4591,0.4616,0.4607,0.4534,0.4519,0.4519,0.4431,0.4336,0.4224,0.4143,0.4119,0.4074,0.4061,0.3986,0.3853,0.3776,0.3778,0.3759,0.374,0.3635,0.3552,0.3467,0.339,0.35,0.3542,0.3557,0.3465,0.3353,0.3305,0.3263,0.3228,0.3185,0.3106,0.3025,0.2999,0.3024,0.2906,0.2876,0.2901,0.2863,0.281,0.2756,0.2619,0.2453,0.2357,0.2225,0.2097,0.1801,0.1391,0.1085,0.1036,0.0958,0.0864,0.0822,0.0778,0.0716,0.0604,0.0537,0.0468,0.0406,0.0373,0.0374,0.0319,0.0243,0.0226,0.0212,0.0209,0.0208,0.0207,0.02,0.0192,0.0178,0.0176,0.0172,0.0158,0.0157,0.0156,0.0154,0.0156,0.0155,0.0155,0.0156
0.4697,0.4705,0.4734,0.474,0.4747,0.4738,0.4711,0.4724,0.4728,0.4747,0.4716,0.4636,0.4611,0.4515,0.4478,0.4443,0.4271,0.4133,0.4047,0.4038,0.4002,0.395,0.3909,0.379,0.3813,0.3824,0.3759,0.3548,0.3493,0.3492,0.3448,0.3392,0.3376,0.3375,0.3364,0.3296,0.317,0.304,0.2879,0.277,0.2699,0.2555,0.2412,0.2251,0.1906,0.1561,0.1346,0.1183,0.1013,0.0907,0.0766,0.0657,0.0584,0.0381,0.035,0.0288,0.0235,0.0206,0.0196,0.0193,0.0186,0.018,0.0179,0.0175,0.0175,0.0175,0.0173,0.0174,0.0176,0.0174,0.015,0.0132,0.0111,0.0109,0.0109,0.011,0.0111,0.0111,0.011,0.0105,0.0104,0.0104,0.0103,0.01,0.0101,0.01,0.0099,0.01,0.0101,0.0101
0.4188,0.4085,0.4102,0.4119,0.4072,0.4031,0.3949,0.3929,0.3968,0.3939,0.3887,0.3699,0.3588,0.3469,0.3403,0.3373,0.3324,0.3284,0.3224,0.3176,0.3106,0.2999,0.2961,0.2854,0.2804,0.2776,0.2708,0.2616,0.2515,0.2402,0.2246,0.2067,0.1825,0.1639,0.1514,0.1335,0.1182,0.1077,0.0875,0.079,0.0687,0.0535,0.0465,0.0416,0.0334,0.0262,0.0243,0.0269,0.0292,0.0295,0.0287,0.0285,0.0289,0.0287,0.0281,0.0266,0.0256,0.0255,0.0257,0.0255,0.0248,0.0244,0.0239,0.0241,0.024,0.0233,0.0215,0.021,0.0211,0.0204,0.0203,0.0197,0.0194,0.0189,0.0186,0.0184,0.0179,0.0177,0.0165,0.0147,0.0143,0.0143,0.0133,0.0118,0.01,0.0098,0.0098,0.0099,0.0099,0.0099
0.2984,0.2942,0.295,0.2935,0.2932,0.2906,0.2881,0.2899,0.2879,0.2815,0.2757,0.2733,0.2649,0.2579,0.2518,0.2483,0.2434,0.2383,0.2326,0.2261,0.2148,0.2006,0.1899,0.1837,0.1749,0.1601,0.1438,0.1334,0.1191,0.1158,0.1122,0.1068,0.0997,0.0934,0.0884,0.0852,0.0813,0.0775,0.0733,0.0687,0.0622,0.0561,0.0547,0.0531,0.0505,0.0423,0.0324,0.0249,0.0207,0.0186,0.0182,0.0178,0.017,0.0162,0.0165,0.0163,0.0143,0.0119,0.0104,0.0105,0.011,0.0113,0.0117,0.0107,0.0093,0.0091,0.0089,0.0084,0.0079,0.0071,0.0059,0.0052,0.005,0.005,0.0051,0.0052,0.0054,0.0056,0.0055,0.0055,0.0057,0.0058,0.0055,0.0054,0.0047,0.0049,0.0049,0.0048,0.0047,0.0046
0.2731,0.269,0.2683,0.2654,0.2637,0.2612,0.2583,0.2501,0.225,0.2121,0.2056,0.2008,0.1984,0.1937,0.184,0.1662,0.149,0.1374,0.1236,0.112,0.1011,0.0935,0.0861,0.0791,0.0733,0.0678,0.06,0.0537,0.0499,0.0477,0.0461,0.0413,0.0328,0.0264,0.022,0.0183,0.015,0.0136,0.0123,0.0113,0.0092,0.0092,0.0096,0.0098,0.01,0.0097,0.003,0.001,6e-04,5e-04,5e-04,5e-04,4e-04,3e-04,3e-04,3e-04,2e-04,2e-04,2e-04,2e-04,2e-04,2e-04,2e-04,2e-04,2e-04,1e-04,1e-04,1e-04,1e-04,1e-04,0,0,0,0,0,0,0,1e-04,1e-04,1e-04,1e-04,2e-04,3e-04,4e-04,5e-04,6e-04,7e-04,0.001,7e-04,8e-04
0.1973,0.1832,0.1738,0.1654,0.1548,0.1539,0.1513,0.1444,0.1323,0.1255,0.1223,0.1162,0.1124,0.1061,0.0979,0.0825,0.0754,0.0721,0.0697,0.0629,0.058,0.0526,0.046,0.0412,0.0344,0.0279,0.0263,0.0257,0.0253,0.0251,0.0236,0.0222,0.0217,0.0215,0.0204,0.0203,0.0202,0.0204,0.0202,0.0207,0.0202,0.0204,0.0205,0.0202,0.0192,0.0174,0.0167,0.0155,0.0153,0.0147,0.0143,0.0142,0.0137,0.0122,0.0118,0.0116,0.0114,0.0115,0.0117,0.0117,0.0115,0.0112,0.0104,0.0092,0.0082,0.0079,0.0079,0.0084,0.0086,0.0084,0.008,0.0083,0.0088,0.0093,0.0096,0.0101,0.0108,0.0111,0.0112,0.0112,0.0105,0.01,0.0082,0.0056,0.0053,0.0052,0.005,0.0046,0.004,0.0039
0.1547,0.1505,0.1436,0.1378,0.1332,0.1278,0.1234,0.1193,0.1181,0.118,0.1171,0.1161,0.1145,0.1129,0.11,0.1063,0.106,0.104,0.0994,0.0962,0.0944,0.0904,0.0896,0.089,0.0882,0.0887,0.0876,0.086,0.0844,0.0828,0.082,0.0801,0.078,0.0756,0.0731,0.07,0.0673,0.0639,0.0597,0.0563,0.055,0.0539,0.0533,0.0519,0.0484,0.0459,0.0454,0.0436,0.042,0.0418,0.0409,0.0389,0.0374,0.0349,0.0323,0.0313,0.0301,0.0293,0.0279,0.0271,0.0264,0.0253,0.0211,0.0195,0.0179,0.0147,0.0124,0.0103,0.0092,0.0081,0.0072,0.0061,0.0046,0.004,0.0034,0.0026,0.0023,0.0019,0.0015,0.0011,9e-04,7e-04,5e-04,5e-04,5e-04,5e-04,5e-04,5e-04,5e-04,5e-04
0.226,0.221,0.2123,0.2085,0.2036,0.1996,0.1936,0.1875,0.1834,0.1812,0.1807,0.1787,0.1721,0.1681,0.1684,0.1619,0.1541,0.1535,0.1538,0.1516,0.1481,0.1428,0.1381,0.1349,0.1314,0.1226,0.1154,0.109,0.1003,0.0906,0.0802,0.072,0.065,0.0537,0.0393,0.028,0.0231,0.0197,0.0177,0.0162,0.015,0.0141,0.0132,0.0122,0.0119,0.0113,0.0099,0.0094,0.008,0.0049,0.0042,0.0037,0.0034,0.0032,0.002,5e-04,4e-04,4e-04,4e-04,3e-04,3e-04,2e-04,2e-04,2e-04,1e-04,1e-04,1e-04,1e-04,1e-04,0,0,0,0,0,0,0,0,0,0,0,0,0,0,0,0,0,0,0,0,0
0.2072,0.2042,0.2033,0.201,0.199,0.2001,0.1931,0.1917,0.1821,0.1741,0.1695,0.1653,0.1633,0.1594,0.1571,0.1528,0.1446,0.1389,0.1359,0.1321,0.125,0.1169,0.1104,0.1067,0.101,0.092,0.0884,0.0858,0.0819,0.0788,0.0746,0.0677,0.0611,0.0576,0.0546,0.0478,0.0447,0.041,0.0358,0.0317,0.0294,0.0283,0.0272,0.0256,0.0242,0.024,0.0237,0.0232,0.0221,0.02,0.0193,0.0189,0.0186,0.0185,0.018,0.0171,0.0161,0.0154,0.0144,0.0138,0.0132,0.0135,0.0135,0.0135,0.0134,0.0128,0.0124,0.0123,0.012,0.0119,0.0117,0.0115,0.0113,0.0104,0.0096,0.0088,0.0081,0.0082,0.008,0.006,0.0063,0.0053,0.0055,0.0046,0.0049,0.0057,0.0055,0.0059,0.0055,0.0058
0.1006,0.0962,0.0917,0.0865,0.0842,0.081,0.0758,0.0731,0.0724,0.0717,0.0693,0.0692,0.0652,0.0639,0.0628,0.0624,0.0607,0.0591,0.0569,0.0558,0.0542,0.0526,0.0515,0.0515,0.0517,0.0503,0.0495,0.0495,0.0496,0.0497,0.0501,0.0497,0.0505,0.0512,0.0517,0.0526,0.0544,0.052,0.0497,0.0484,0.0473,0.0487,0.0498,0.049,0.0439,0.0408,0.0418,0.0439,0.045,0.0449,0.0431,0.0433,0.0436,0.044,0.0436,0.043,0.0395,0.0364,0.0359,0.0376,0.0393,0.0394,0.0399,0.0401,0.0403,0.0411,0.0412,0.0401,0.0392,0.0389,0.0386,0.0384,0.0387,0.039,0.0384,0.0381,0.0385,0.0383,0.0384,0.0361,0.0337,0.0325,0.0308,0.0282,0.0276,0.0297,0.0308,0.0313,0.0325,0.0337
0.4596,0.4492,0.4428,0.4377,0.4361,0.4362,0.4328,0.4337,0.4414,0.4437,0.4425,0.4379,0.4324,0.4309,0.4333,0.4338,0.4311,0.4278,0.4235,0.4222,0.419,0.4111,0.4069,0.4049,0.4086,0.4096,0.4167,0.4284,0.4363,0.442,0.4464,0.4495,0.4561,0.4606,0.4628,0.4622,0.4619,0.4605,0.4547,0.446,0.4396,0.444,0.4514,0.4509,0.4464,0.4374,0.4308,0.4336,0.4394,0.4417,0.4388,0.4327,0.4359,0.4397,0.4417,0.4403,0.4318,0.4173,0.4039,0.3998,0.4034,0.4064,0.4027,0.4039,0.4082,0.4138,0.4125,0.4031,0.395,0.3941,0.4006,0.4055,0.4087,0.4138,0.4149,0.4135,0.4114,0.4113,0.41,0.4072,0.4019,0.3962,0.395,0.3907,0.3874,0.385,0.386,0.388,0.3937,0.3978
0.6323,0.6259,0.6201,0.6129,0.6093,0.6071,0.6047,0.6024,0.6006,0.5954,0.5964,0.5926,0.5834,0.5748,0.5723,0.5704,0.5682,0.5639,0.5612,0.5582,0.5549,0.552,0.5486,0.545,0.5427,0.5373,0.5342,0.5435,0.5509,0.5551,0.5577,0.5581,0.558,0.5575,0.5559,0.5531,0.551,0.5502,0.5483,0.5453,0.5411,0.538,0.5328,0.5281,0.5281,0.534,0.5359,0.5307,0.5274,0.5265,0.5279,0.5243,0.519,0.5175,0.5161,0.5126,0.5121,0.5087,0.5001,0.4917,0.4838,0.4803,0.4772,0.4692,0.4616,0.453,0.4521,0.4478,0.4435,0.4383,0.435,0.4391,0.4426,0.4453,0.4463,0.4449,0.4429,0.4398,0.4394,0.439,0.4406,0.434,0.4356,0.4397,0.4399,0.4263,0.419,0.419,0.419,0.4158
0.7381,0.7394,0.7335,0.7261,0.7137,0.7058,0.7025,0.6988,0.6947,0.6896,0.6901,0.6903,0.6895,0.6779,0.6719,0.6697,0.6714,0.6741,0.6707,0.6603,0.6501,0.6484,0.6469,0.6461,0.6406,0.6341,0.6273,0.6172,0.6126,0.6098,0.6008,0.5931,0.5868,0.5801,0.5738,0.5675,0.5617,0.5581,0.5562,0.5549,0.5526,0.5411,0.5257,0.5065,0.5006,0.5004,0.4997,0.4922,0.4791,0.4619,0.4482,0.4461,0.4423,0.4257,0.4146,0.406,0.4002,0.3893,0.3738,0.3699,0.3602,0.3452,0.3403,0.3376,0.3192,0.3135,0.3108,0.3126,0.3078,0.3069,0.3031,0.294,0.286,0.2792,0.276,0.2727,0.2718,0.2677,0.2608,0.2551,0.251,0.2459,0.2294,0.2216,0.2196,0.2155,0.2075,0.1973,0.1933,0.1902
0.744,0.7463,0.7447,0.7411,0.7229,0.7091,0.7017,0.6892,0.6775,0.6671,0.6545,0.6477,0.649,0.6304,0.6205,0.6143,0.6108,0.6098,0.6086,0.598,0.5901,0.5825,0.5758,0.5708,0.5658,0.5591,0.5427,0.5317,0.5207,0.5158,0.5008,0.4897,0.4852,0.4784,0.4734,0.4716,0.4678,0.4657,0.463,0.4588,0.4593,0.4576,0.4526,0.4245,0.3414,0.3004,0.2928,0.2839,0.2705,0.2562,0.2231,0.2069,0.1998,0.1911,0.1797,0.1653,0.1478,0.128,0.1219,0.1179,0.104,0.0938,0.0887,0.0819,0.076,0.0698,0.0625,0.0613,0.0587,0.0604,0.0555,0.0421,0.0306,0.021,0.0172,0.0172,0.0164,0.0147,0.0127,0.011,0.0107,0.0105,0.0087,0.0077,0.0073,0.0075,0.0075,0.008,0.0084,0.0086
0.6598,0.6583,0.6577,0.6559,0.6576,0.6452,0.6336,0.6377,0.6337,0.6279,0.621,0.6149,0.6074,0.5942,0.5896,0.5849,0.5845,0.585,0.5856,0.5811,0.5742,0.5712,0.5639,0.5554,0.5493,0.5455,0.5305,0.507,0.5074,0.4939,0.4924,0.4932,0.4904,0.4861,0.4797,0.4722,0.4686,0.4626,0.4414,0.431,0.4281,0.4287,0.4275,0.4018,0.2669,0.2244,0.2022,0.1712,0.1507,0.1394,0.0977,0.0492,0.0301,0.0255,0.0239,0.0236,0.0218,0.0186,0.0182,0.0134,0.0097,0.01,0.0106,0.0095,0.0082,0.0081,0.0081,0.0083,0.0083,0.0088,0.0089,0.0078,0.0064,0.0062,0.0063,0.006,0.0059,0.0063,0.0065,0.0068,0.0067,0.0064,0.0063,0.0064,0.0064,0.0065,0.0072,0.0083,0.0091,0.0091
0.6185,0.6192,0.622,0.6193,0.6195,0.6073,0.5788,0.5737,0.5682,0.568,0.5681,0.5628,0.5584,0.5488,0.5458,0.5424,0.5344,0.5355,0.5363,0.53,0.5259,0.5311,0.5302,0.5266,0.5196,0.5135,0.5106,0.481,0.4529,0.4292,0.425,0.4247,0.4213,0.4127,0.3934,0.3852,0.3748,0.36,0.3449,0.3383,0.3305,0.3165,0.2813,0.2366,0.2165,0.2032,0.1901,0.1683,0.1433,0.1323,0.1098,0.0697,0.0575,0.0468,0.0445,0.042,0.0395,0.0364,0.0314,0.0256,0.0126,0.0097,0.009,0.0085,0.0065,0.0067,0.007,0.0068,0.0065,0.0068,0.0071,0.0069,0.0064,0.0051,0.0048,0.0049,0.005,0.0051,0.0055,0.0059,0.0063,0.0066,0.007,0.007,0.007,0.0071,0.0075,0.0079,0.0079,0.0076
