0.7014,0.7031,0.7075,0.7005,0.6903,0.6908,0.697,0.7,0.6781,0.6716,0.6761,0.6772,0.6733,0.661,0.6544,0.6437,0.6443,0.6418,0.6367,0.6282,0.6137,0.597,0.5858,0.5752,0.5765,0.5708,0.5726,0.5688,0.545,0.5219,0.4798,0.4445,0.4313,0.4202,0.3876,0.3768,0.3773,0.3746,0.3653,0.3413,0.3311,0.3067,0.2748,0.2502,0.1872,0.1763,0.1638,0.1504,0.1435,0.1214,0.0895,0.0781,0.0766,0.0621,0.0457,0.0435,0.0397,0.0356,0.0261,0.0221,0.0231,0.0212,0.0233,0.0297,0.0315,0.0311,0.0307,0.0297,0.0279,0.024,0.0197,0.0181,0.018,0.016,0.015,0.0136,0.0126,0.0124,0.0115,0.0111,0.0111,0.0082,0.0084,0.0083,0.0079,0.0079,0.0078,0.0078,0.0078,0.0076
0.6338,0.6346,0.6292,0.625,0.6066,0.6003,0.6035,0.6041,0.6008,0.5809,0.5781,0.5776,0.5758,0.5763,0.5723,0.5597,0.5495,0.542,0.5365,0.5373,0.5143,0.4865,0.4666,0.4634,0.4602,0.441,0.4057,0.3888,0.3412,0.3161,0.284,0.2141,0.1976,0.188,0.178,0.1689,0.1625,0.1559,0.1506,0.1358,0.1175,0.1055,0.0938,0.0894,0.0781,0.0714,0.0671,0.0632,0.0527,0.0456,0.0435,0.0429,0.0423,0.0428,0.0424,0.0422,0.043,0.0436,0.0388,0.0311,0.0189,0.0159,0.0156,0.0177,0.0141,0.0094,0.0075,0.007,0.0064,0.0064,0.0064,0.0063,0.0063,0.0063,0.0064,0.0064,0.0064,0.0065,0.0066,0.0066,0.0064,0.0043,0.0039,0.0038,0.0032,0.003,0.0031,0.0029,0.0024,0.0022
0.5397,0.5329,0.5305,0.5258,0.5222,0.5066,0.4968,0.4911,0.4876,0.4752,0.4629,0.4597,0.4676,0.4708,0.4682,0.46,0.4495,0.4402,0.4309,0.429,0.4256,0.4139,0.3989,0.3907,0.3919,0.3944,0.3882,0.3624,0.3483,0.332,0.3272,0.2804,0.2489,0.2271,0.1903,0.1794,0.1711,0.1629,0.1533,0.1409,0.1134,0.1036,0.0923,0.0838,0.0625,0.0437,0.039,0.0361,0.0345,0.0346,0.0345,0.0334,0.0303,0.0291,0.029,0.028,0.028,0.0266,0.0243,0.0178,0.0121,0.0121,0.0112,0.0114,0.0106,0.0095,0.0085,0.0082,0.0079,0.0077,0.0073,0.0073,0.0072,0.0069,0.0066,0.0065,0.0065,0.0064,0.0063,0.0064,0.0062,0.0056,0.0051,0.0046,0.0054,0.0066,0.0077,0.0082,0.008,0.0073
0.4418,0.4222,0.4161,0.4189,0.4266,0.42,0.3965,0.3814,0.3756,0.3717,0.3695,0.3736,0.3765,0.3784,0.3808,0.3809,0.3752,0.3636,0.3481,0.3438,0.3428,0.3419,0.3322,0.3145,0.3085,0.3068,0.3002,0.2916,0.2762,0.2662,0.2565,0.2355,0.2161,0.1854,0.1629,0.1458,0.1401,0.134,0.1277,0.1148,0.0885,0.072,0.065,0.0625,0.0561,0.0443,0.0405,0.0396,0.0395,0.0394,0.0385,0.0378,0.037,0.0363,0.0355,0.0332,0.0298,0.0288,0.0282,0.0259,0.0245,0.0238,0.0234,0.0223,0.0219,0.0219,0.0209,0.0202,0.0195,0.0182,0.0177,0.0177,0.0167,0.0154,0.015,0.0156,0.0151,0.0149,0.014,0.0141,0.012,0.011,0.0107,0.0115,0.0118,0.0096,0.0073,0.0054,0.0037,0.0029
0.4066,0.3862,0.3723,0.3745,0.3792,0.3786,0.3726,0.3695,0.3691,0.3635,0.3528,0.3509,0.3486,0.3455,0.3406,0.3373,0.3333,0.3274,0.3225,0.3179,0.3132,0.3128,0.3076,0.3013,0.2864,0.2547,0.2274,0.2095,0.1979,0.189,0.1834,0.1718,0.1554,0.1388,0.1246,0.1115,0.1062,0.0973,0.0863,0.0734,0.0542,0.0511,0.041,0.0317,0.024,0.0177,0.0174,0.0185,0.0182,0.0168,0.0154,0.0149,0.0148,0.0145,0.0144,0.0137,0.0135,0.0128,0.0119,0.0107,0.01,0.0095,0.0096,0.0094,0.009,0.009,0.0088,0.0088,0.0087,0.0087,0.0087,0.0088,0.0089,0.0088,0.0087,0.0077,0.0065,0.0064,0.0063,0.0064,0.0055,0.0055,0.0054,0.0052,0.0052,0.0052,0.0054,0.0053,0.0053,0.0053
0.3624,0.3651,0.3586,0.356,0.3581,0.3569,0.3582,0.358,0.3578,0.3508,0.3248,0.312,0.305,0.2979,0.2962,0.2962,0.2966,0.2947,0.2965,0.2935,0.2802,0.2718,0.2692,0.2685,0.2568,0.2546,0.2403,0.2314,0.2262,0.222,0.2182,0.2102,0.2024,0.1926,0.1823,0.1754,0.176,0.1714,0.1659,0.1561,0.1404,0.1422,0.1423,0.1372,0.1284,0.1168,0.1051,0.0981,0.0889,0.0696,0.0459,0.027,0.0232,0.0196,0.0169,0.016,0.014,0.013,0.0125,0.0124,0.0124,0.012,0.0113,0.0108,0.0106,0.0101,0.0098,0.0094,0.0093,0.0089,0.0087,0.0085,0.0084,0.0083,0.008,0.0071,0.0046,0.0042,0.0041,0.004,0.0038,0.0037,0.0037,0.0036,0.0036,0.0035,0.0034,0.0033,0.0031,0.003
0.3574,0.356,0.3542,0.3443,0.3402,0.3371,0.3328,0.3258,0.3223,0.3195,0.3053,0.2809,0.2737,0.2714,0.2698,0.2685,0.2654,0.2623,0.2555,0.2456,0.2366,0.2311,0.2313,0.2255,0.2114,0.1959,0.1895,0.1824,0.1727,0.1653,0.1593,0.1555,0.1497,0.1449,0.137,0.1279,0.1195,0.1139,0.1075,0.1008,0.086,0.0721,0.0662,0.0629,0.0554,0.0429,0.0379,0.0299,0.0275,0.0204,0.0089,0.0051,0.0049,0.0043,0.0041,0.0039,0.0034,0.003,0.003,0.003,0.0026,0.0025,0.0025,0.0026,0.0026,0.0026,0.0026,0.0021,0.0019,0.0018,0.0018,0.0018,0.0017,0.0015,0.001,7e-04,5e-04,5e-04,4e-04,4e-04,4e-04,3e-04,3e-04,3e-04,2e-04,2e-04,2e-04,2e-04,2e-04,2e-04
0.3965,0.3906,0.389,0.3806,0.3716,0.3521,0.3362,0.3326,0.3317,0.3302,0.3231,0.3111,0.3021,0.3,0.2945,0.2901,0.2844,0.2786,0.2651,0.232,0.217,0.1957,0.1817,0.1679,0.1591,0.1323,0.1172,0.1011,0.0806,0.0651,0.0493,0.0414,0.0362,0.0327,0.0288,0.0226,0.0175,0.0168,0.0146,0.0134,0.0118,0.0112,0.0101,0.0095,0.008,0.0069,0.006,0.0054,0.0051,0.0052,0.0049,0.0043,0.0041,0.0034,0.0031,0.0027,0.0026,0.0022,0.0016,0.0011,7e-04,5e-04,4e-04,3e-04,3e-04,3e-04,3e-04,2e-04,2e-04,2e-04,2e-04,2e-04,1e-04,1e-04,1e-04,1e-04,1e-04,1e-04,0,0,0,0,0,0,0,0,0,0,0,0
0.2354,0.235,0.2315,0.2241,0.2239,0.2228,0.209,0.1999,0.195,0.1834,0.1714,0.1669,0.1634,0.1484,0.1345,0.1141,0.1046,0.0956,0.0766,0.0591,0.0439,0.0294,0.0212,0.0174,0.0157,0.0147,0.0138,0.0127,0.0082,0.0043,0.003,0.0028,0.0025,0.0024,0.0021,0.0019,0.0015,0.0014,0.0014,0.0013,0.0012,0.001,0.001,9e-04,4e-04,2e-04,1e-04,1e-04,1e-04,1e-04,1e-04,1e-04,1e-04,1e-04,1e-04,1e-04,1e-04,1e-04,1e-04,1e-04,1e-04,1e-04,1e-04,1e-04,1e-04,1e-04,1e-04,1e-04,1e-04,1e-04,1e-04,1e-04,1e-04,0,0,0,0,0,0,0,0,0,0,0,0,0,0,0,0,0
0.1656,0.1639,0.1568,0.1562,0.1556,0.1542,0.1535,0.1485,0.1471,0.1417,0.1362,0.134,0.133,0.1306,0.1283,0.1227,0.1207,0.1169,0.1072,0.0989,0.0877,0.0776,0.072,0.0732,0.0674,0.0627,0.0549,0.0456,0.0378,0.0243,0.0176,0.0081,0.0077,0.0074,0.0071,0.0059,0.0035,0.0027,0.0026,0.0025,0.0023,0.002,0.0018,0.0018,0.0018,8e-04,3e-04,2e-04,2e-04,3e-04,3e-04,3e-04,3e-04,2e-04,2e-04,2e-04,3e-04,3e-04,3e-04,3e-04,3e-04,3e-04,3e-04,3e-04,4e-04,4e-04,4e-04,4e-04,4e-04,4e-04,4e-04,4e-04,4e-04,1e-04,0,0,0,0,0,0,0,0,0,0,0,0,0,0,0,0
0.2187,0.2178,0.2133,0.2114,0.2162,0.2172,0.2152,0.2087,0.2056,0.2019,0.1978,0.1927,0.191,0.1791,0.1557,0.1369,0.1296,0.126,0.1181,0.1079,0.0985,0.0818,0.0671,0.0623,0.055,0.0461,0.0365,0.0344,0.0312,0.0184,0.012,0.0097,0.0088,0.0082,0.0037,0.0029,0.0028,0.0028,0.0028,0.0027,0.0026,0.0026,0.0026,0.0026,0.0026,0.0019,0.0016,0.0015,0.0015,0.0015,0.0015,0.0014,0.0014,0.0014,0.0014,0.0014,0.0014,0.0014,0.001,9e-04,9e-04,9e-04,9e-04,0.001,9e-04,8e-04,9e-04,9e-04,9e-04,8e-04,8e-04,5e-04,5e-04,2e-04,1e-04,1e-04,1e-04,1e-04,1e-04,1e-04,1e-04,1e-04,1e-04,1e-04,1e-04,1e-04,1e-04,1e-04,1e-04,1e-04
0.2132,0.2094,0.2045,0.2015,0.1977,0.1888,0.1825,0.1796,0.1594,0.1581,0.1609,0.1614,0.158,0.1265,0.1058,0.0958,0.0922,0.0857,0.08,0.0734,0.0664,0.0543,0.0416,0.0356,0.0291,0.0184,0.0134,0.0104,0.0092,0.0052,0.0043,0.004,0.0039,0.0037,0.0035,0.0032,0.0024,0.0023,0.0022,0.0022,0.0022,0.0019,0.0019,0.0019,0.0019,0.0018,0.0011,0.0012,0.0012,0.0012,0.0013,0.0013,0.0012,0.0011,0.001,9e-04,8e-04,9e-04,9e-04,9e-04,8e-04,8e-04,7e-04,6e-04,5e-04,5e-04,5e-04,4e-04,3e-04,3e-04,2e-04,2e-04,2e-04,1e-04,0,0,1e-04,1e-04,1e-04,1e-04,1e-04,1e-04,1e-04,1e-04,1e-04,2e-04,2e-04,2e-04,3e-04,3e-04
0.1425,0.1402,0.1342,0.1325,0.1199,0.108,0.1001,0.0975,0.0919,0.0853,0.08,0.0727,0.0656,0.0535,0.0359,0.0236,0.0164,0.0106,0.0085,0.0076,0.0064,0.0047,0.0035,0.003,0.0035,0.0037,0.0039,0.0042,0.004,0.0041,0.0039,0.0037,0.0036,0.0029,0.0026,0.0022,0.0016,0.0013,0.001,0.001,9e-04,9e-04,8e-04,8e-04,8e-04,8e-04,7e-04,6e-04,7e-04,8e-04,0.0011,0.001,0.0014,0.0017,0.0021,0.0024,0.0026,0.0028,0.0029,0.003,0.0029,0.0012,0.0015,0.0016,0.0014,0.0013,0.0013,0.0014,0.0015,0.0016,0.0016,0.0012,0.0014,0.0013,0.0013,0.0015,0.0016,0.0017,0.0018,0.0021,0.0022,0.0025,0.0027,0.0029,0.003,0.003,0.0029,0.003,0.0031,0.0032
0.1345,0.134,0.1327,0.1279,0.1229,0.1163,0.1111,0.1093,0.1078,0.1038,0.0973,0.0879,0.0825,0.0791,0.075,0.0752,0.0842,0.0925,0.093,0.0921,0.0919,0.0923,0.0903,0.0881,0.0895,0.0872,0.0859,0.0854,0.0781,0.0738,0.0732,0.0713,0.0679,0.064,0.0619,0.0586,0.0517,0.0508,0.0385,0.0325,0.0289,0.0245,0.021,0.0122,0.009,0.0092,0.0096,0.0104,0.0108,0.0104,0.0104,0.0106,0.0101,0.0097,0.0092,0.0083,0.0071,0.0067,0.0066,0.0066,0.0064,0.0038,0.0041,0.005,0.0052,0.0054,0.0055,0.0057,0.0069,0.0074,0.0078,0.0068,0.007,0.0072,0.008,0.0088,0.0094,0.0085,0.0096,0.0097,0.01,0.0103,0.0101,0.0098,0.0096,0.0097,0.0097,0.0095,0.0099,0.0113
0.1962,0.1983,0.1955,0.1953,0.1901,0.186,0.1865,0.1871,0.1871,0.1819,0.1789,0.1772,0.175,0.1723,0.1692,0.1716,0.1701,0.166,0.1626,0.1606,0.1596,0.1576,0.1555,0.1545,0.1468,0.1436,0.1434,0.139,0.1339,0.1326,0.1314,0.1295,0.1267,0.1227,0.1196,0.1203,0.115,0.1151,0.1119,0.1064,0.1045,0.1047,0.1038,0.0993,0.0932,0.0885,0.083,0.0803,0.0819,0.0845,0.0866,0.0856,0.0851,0.0836,0.0824,0.0822,0.0776,0.0761,0.076,0.0746,0.0749,0.0739,0.0744,0.0704,0.0725,0.0717,0.0719,0.0724,0.0752,0.075,0.0752,0.073,0.0705,0.0691,0.0689,0.0711,0.0739,0.0745,0.0759,0.0763,0.0754,0.0753,0.0751,0.0748,0.0746,0.0742,0.0745,0.0747,0.0757,0.0769
0.2651,0.2631,0.2595,0.2534,0.2507,0.2468,0.2466,0.2493,0.2498,0.2437,0.2381,0.2365,0.2364,0.2346,0.2288,0.2282,0.224,0.2167,0.212,0.2107,0.209,0.2083,0.2033,0.1997,0.197,0.1938,0.1941,0.1847,0.1768,0.174,0.1704,0.1648,0.1621,0.16,0.1599,0.158,0.1576,0.1563,0.1544,0.1553,0.1552,0.1532,0.1521,0.1496,0.1436,0.1391,0.1393,0.1392,0.1397,0.1418,0.1413,0.1412,0.1408,0.1391,0.1343,0.1351,0.1367,0.1354,0.1382,0.1373,0.1336,0.1353,0.1336,0.13,0.1275,0.1292,0.1288,0.1293,0.126,0.1223,0.1205,0.1196,0.1124,0.1087,0.1062,0.1044,0.1006,0.097,0.0949,0.0919,0.0923,0.0902,0.0884,0.0869,0.0855,0.0833,0.0791,0.0773,0.0773,0.0744
0.3474,0.3386,0.3379,0.3367,0.3384,0.3325,0.3293,0.3342,0.3374,0.3389,0.336,0.3325,0.3336,0.3353,0.3282,0.3151,0.3071,0.3011,0.2992,0.2987,0.2955,0.2967,0.297,0.291,0.2904,0.2861,0.2787,0.2728,0.266,0.2621,0.2556,0.2446,0.2395,0.2365,0.2346,0.2282,0.2221,0.21,0.2027,0.2016,0.2,0.196,0.1888,0.1807,0.1708,0.1618,0.1521,0.1461,0.1401,0.1392,0.1331,0.1311,0.1278,0.1265,0.1218,0.1161,0.1136,0.1133,0.109,0.1057,0.1018,0.0944,0.0912,0.0901,0.0824,0.0807,0.0804,0.0775,0.072,0.0681,0.0619,0.0584,0.0565,0.0553,0.0506,0.0442,0.0361,0.0298,0.0258,0.0236,0.0224,0.022,0.0203,0.019,0.0185,0.0173,0.0143,0.0122,0.0121,0.0115
0.4047,0.3967,0.3925,0.3942,0.3947,0.3936,0.3856,0.3859,0.3903,0.3932,0.3974,0.3992,0.3977,0.3955,0.3935,0.3832,0.3755,0.3736,0.3735,0.3701,0.3623,0.359,0.3441,0.3339,0.3309,0.3215,0.3129,0.3073,0.2964,0.2864,0.2745,0.2666,0.2584,0.2527,0.2456,0.2394,0.231,0.2259,0.2216,0.2166,0.2116,0.2056,0.1948,0.1926,0.1836,0.1789,0.1745,0.1652,0.1528,0.1459,0.1371,0.1345,0.1304,0.1271,0.1248,0.1195,0.1132,0.1085,0.1049,0.0997,0.0985,0.0956,0.0896,0.0889,0.0875,0.0818,0.0733,0.067,0.0653,0.0567,0.0362,0.0321,0.0275,0.0224,0.0184,0.0162,0.0104,0.0104,0.0101,0.0097,0.0095,0.0095,0.0094,0.0091,0.0089,0.0076,0.0075,0.0075,0.0075,0.0076
0.4372,0.432,0.4287,0.427,0.4241,0.4199,0.4122,0.4026,0.4012,0.404,0.4092,0.4101,0.4041,0.3925,0.388,0.3859,0.3821,0.3731,0.3681,0.365,0.35,0.3365,0.3285,0.3242,0.3161,0.3069,0.2992,0.2946,0.2915,0.2795,0.269,0.2614,0.2562,0.2498,0.2444,0.2379,0.2263,0.2227,0.2193,0.2156,0.2116,0.2069,0.1959,0.1911,0.19,0.1883,0.1866,0.1777,0.1729,0.1694,0.1653,0.1634,0.1571,0.1515,0.1434,0.1288,0.114,0.1111,0.1074,0.0992,0.0918,0.0895,0.0845,0.0841,0.0814,0.076,0.0643,0.0632,0.0625,0.0567,0.0363,0.0246,0.0242,0.0219,0.0212,0.021,0.0206,0.0186,0.0184,0.018,0.0181,0.0182,0.0182,0.0182,0.018,0.0178,0.0177,0.0176,0.0175,0.0173
0.4961,0.4914,0.4857,0.4833,0.4668,0.4614,0.4526,0.4453,0.4357,0.433,0.4309,0.4303,0.4302,0.4241,0.4113,0.4057,0.4019,0.3934,0.383,0.3793,0.3685,0.348,0.3415,0.3341,0.3244,0.3187,0.3128,0.3061,0.3056,0.3,0.2893,0.2825,0.2789,0.274,0.27,0.2622,0.2513,0.2487,0.2469,0.241,0.2363,0.2329,0.2249,0.2182,0.2182,0.2192,0.2168,0.2105,0.2006,0.1939,0.1854,0.1836,0.1801,0.1699,0.161,0.1415,0.1297,0.1253,0.1197,0.1107,0.1043,0.099,0.0874,0.082,0.0805,0.0794,0.0743,0.0676,0.0674,0.0667,0.0628,0.046,0.0438,0.038,0.0319,0.0301,0.0287,0.0251,0.025,0.0249,0.0242,0.024,0.0235,0.0235,0.0236,0.0238,0.0225,0.0186,0.0124,0.0083
0.4791,0.4726,0.4667,0.4673,0.4583,0.4508,0.4505,0.4418,0.4338,0.4338,0.4322,0.4327,0.4346,0.4355,0.4307,0.4232,0.4184,0.4156,0.3982,0.3855,0.388,0.3832,0.379,0.3706,0.3542,0.3497,0.3482,0.3467,0.3417,0.339,0.3293,0.325,0.322,0.3198,0.3204,0.3193,0.3152,0.3027,0.3024,0.2926,0.2858,0.28,0.2745,0.2707,0.2631,0.2573,0.2508,0.2335,0.217,0.2067,0.1978,0.1863,0.1796,0.1656,0.1492,0.1393,0.124,0.1134,0.1128,0.1072,0.0954,0.0822,0.0674,0.0591,0.0439,0.0411,0.0395,0.0369,0.0355,0.033,0.0328,0.0274,0.0272,0.0259,0.0264,0.0257,0.0227,0.0222,0.0212,0.0195,0.0186,0.0175,0.0172,0.0171,0.0169,0.0168,0.0165,0.0146,0.0096,0.0092
0.4733,0.4768,0.4798,0.4828,0.4872,0.4832,0.4772,0.4752,0.4686,0.4646,0.4642,0.4627,0.4579,0.454,0.4496,0.4466,0.4479,0.4506,0.4244,0.4086,0.4102,0.4085,0.4067,0.4067,0.3925,0.3867,0.3881,0.3898,0.383,0.3742,0.3694,0.3698,0.3697,0.3665,0.369,0.3688,0.3673,0.363,0.3582,0.3591,0.3425,0.3185,0.3028,0.2894,0.2744,0.2576,0.2466,0.2363,0.2229,0.2036,0.1815,0.1652,0.1594,0.144,0.1216,0.112,0.1054,0.0969,0.095,0.0945,0.089,0.0764,0.0504,0.0417,0.0377,0.0379,0.0359,0.0342,0.0324,0.0318,0.0311,0.0306,0.0303,0.0291,0.0282,0.0265,0.0255,0.0232,0.0219,0.0216,0.0217,0.0212,0.0212,0.0214,0.0215,0.0213,0.0214,0.0212,0.019,0.0162
0.4196,0.4193,0.4254,0.4276,0.4212,0.4241,0.4251,0.4212,0.4218,0.413,0.4037,0.3966,0.3864,0.3659,0.3588,0.3552,0.3524,0.3533,0.3505,0.3269,0.3329,0.331,0.3221,0.3172,0.3136,0.3095,0.3027,0.293,0.2906,0.2821,0.2733,0.264,0.2629,0.2579,0.2516,0.2431,0.2257,0.213,0.1901,0.1758,0.163,0.1446,0.137,0.1187,0.1101,0.1054,0.1001,0.0872,0.0748,0.0677,0.0608,0.0579,0.0556,0.0486,0.0456,0.0438,0.0424,0.0402,0.0384,0.0376,0.0359,0.0333,0.0299,0.0276,0.0269,0.0257,0.0239,0.0237,0.0219,0.0209,0.0201,0.0195,0.0185,0.018,0.018,0.0183,0.0178,0.0175,0.0173,0.0172,0.0165,0.0143,0.0142,0.0141,0.014,0.0126,0.0123,0.0121,0.012,0.0119
0.3001,0.3007,0.3024,0.3024,0.3006,0.2997,0.2978,0.2944,0.2927,0.291,0.2863,0.2807,0.2694,0.2626,0.2578,0.2544,0.2515,0.2481,0.2451,0.2373,0.2357,0.2312,0.2232,0.2159,0.2172,0.2045,0.1881,0.1756,0.1708,0.1631,0.1588,0.1468,0.1411,0.136,0.1319,0.1271,0.1184,0.1137,0.1082,0.1044,0.1004,0.0947,0.0917,0.0917,0.0899,0.0868,0.0849,0.0825,0.0796,0.0774,0.076,0.0722,0.066,0.0617,0.0588,0.0568,0.054,0.0524,0.0499,0.0471,0.0434,0.0391,0.0344,0.0315,0.0279,0.0237,0.02,0.0178,0.0169,0.0161,0.0158,0.0163,0.0165,0.0148,0.0131,0.0116,0.0099,0.0089,0.0087,0.0082,0.0073,0.0062,0.0055,0.0052,0.0052,0.0054,0.0055,0.0055,0.005,0.0043
0.2658,0.2652,0.2631,0.2615,0.2594,0.2584,0.2599,0.2581,0.254,0.2462,0.2399,0.2304,0.2214,0.2123,0.2049,0.1983,0.1864,0.1784,0.1707,0.1656,0.153,0.1428,0.139,0.137,0.1314,0.1188,0.108,0.1018,0.0961,0.086,0.0764,0.0668,0.0617,0.0563,0.0528,0.0497,0.0471,0.0462,0.0431,0.0402,0.036,0.0321,0.0329,0.0321,0.0273,0.0274,0.023,0.0206,0.0181,0.0168,0.0164,0.0156,0.0131,0.0132,0.0132,0.0129,0.0127,0.0126,0.0126,0.0087,0.0065,0.0051,0.0032,0.0024,0.0013,6e-04,3e-04,3e-04,3e-04,2e-04,2e-04,3e-04,4e-04,4e-04,2e-04,1e-04,1e-04,1e-04,1e-04,1e-04,0,0,0,0,1e-04,1e-04,1e-04,1e-04,1e-04,1e-04
0.1826,0.1765,0.1766,0.1759,0.1715,0.1675,0.1619,0.154,0.1469,0.1416,0.134,0.1268,0.1175,0.1081,0.1013,0.0928,0.0841,0.0787,0.0755,0.0721,0.0694,0.0628,0.0574,0.0523,0.0414,0.0305,0.0275,0.0259,0.02,0.0173,0.014,0.0133,0.0135,0.0136,0.0135,0.0133,0.0131,0.013,0.0135,0.0134,0.0104,0.0091,0.0077,0.0071,0.0067,0.0062,0.0051,0.0043,0.0035,0.0026,0.0024,0.0023,0.0017,0.0012,0.0012,0.0012,0.0012,0.0012,0.0012,0.0012,9e-04,7e-04,5e-04,3e-04,3e-04,2e-04,2e-04,1e-04,1e-04,1e-04,0,0,0,0,1e-04,1e-04,1e-04,1e-04,1e-04,1e-04,1e-04,1e-04,1e-04,0,0,0,0,0,0,0
0.1504,0.1446,0.1403,0.1338,0.1267,0.1227,0.1202,0.116,0.1128,0.1114,0.1097,0.1073,0.1043,0.1029,0.1002,0.0966,0.0947,0.0908,0.0868,0.0815,0.0776,0.071,0.0651,0.0628,0.0606,0.0604,0.0594,0.058,0.0544,0.0501,0.0372,0.0336,0.0326,0.032,0.0309,0.0293,0.0287,0.0283,0.0271,0.0252,0.0229,0.0196,0.017,0.0153,0.0138,0.0115,0.0099,0.0093,0.0085,0.0077,0.0076,0.0065,0.0036,0.003,0.0021,0.002,0.0016,0.0015,0.0014,0.0014,0.0012,0.0012,0.0012,0.0011,2e-04,0,0,0,0,0,0,0,0,0,0,0,0,0,0,0,0,0,0,0,0,1e-04,1e-04,1e-04,1e-04,1e-04
0.2237,0.2218,0.2182,0.2094,0.2008,0.194,0.1897,0.1854,0.184,0.1822,0.1788,0.1762,0.1699,0.1656,0.158,0.1512,0.148,0.1432,0.1404,0.1376,0.1359,0.133,0.1247,0.1188,0.1127,0.1039,0.0964,0.0861,0.0769,0.0648,0.0433,0.0364,0.0332,0.0308,0.0249,0.023,0.0219,0.0211,0.0203,0.0184,0.0178,0.0166,0.0153,0.0148,0.0147,0.0121,0.0089,0.0066,0.0065,0.0049,0.0045,0.0045,0.0011,2e-04,2e-04,2e-04,2e-04,3e-04,2e-04,2e-04,1e-04,1e-04,1e-04,1e-04,1e-04,1e-04,1e-04,0,0,1e-04,1e-04,1e-04,1e-04,1e-04,2e-04,2e-04,3e-04,2e-04,2e-04,2e-04,1e-04,1e-04,1e-04,1e-04,1e-04,1e-04,1e-04,0,0,0
0.2136,0.2125,0.206,0.2002,0.1978,0.1966,0.1954,0.1953,0.1929,0.1907,0.1877,0.1837,0.1808,0.1775,0.1738,0.172,0.1655,0.1587,0.1561,0.1503,0.1459,0.1431,0.1375,0.1292,0.1222,0.1167,0.113,0.1086,0.1029,0.0977,0.0913,0.0833,0.0785,0.0743,0.0694,0.0655,0.0623,0.0576,0.0548,0.0512,0.048,0.0444,0.04,0.0382,0.0363,0.0349,0.0333,0.0315,0.0298,0.0274,0.0262,0.0254,0.0241,0.0223,0.0194,0.0187,0.0183,0.0181,0.0179,0.0177,0.0175,0.0172,0.0167,0.0164,0.0161,0.0158,0.0157,0.0146,0.0149,0.0146,0.0146,0.0144,0.0141,0.0134,0.0126,0.0121,0.0118,0.0108,0.0095,0.008,0.0077,0.0073,0.0061,0.0054,0.0048,0.0046,0.0049,0.0045,0.0043,0.0036
0.1087,0.1033,0.0989,0.0967,0.0918,0.0908,0.0907,0.0894,0.0857,0.0827,0.0803,0.0787,0.0758,0.074,0.0737,0.0738,0.0705,0.0692,0.0688,0.0715,0.0724,0.073,0.0727,0.0718,0.0705,0.0699,0.0701,0.0697,0.0695,0.0696,0.0697,0.0679,0.0656,0.0633,0.0619,0.0625,0.0622,0.0621,0.061,0.0601,0.0596,0.0587,0.0586,0.0602,0.0619,0.063,0.0588,0.0569,0.0578,0.0595,0.0596,0.0598,0.0595,0.0588,0.0561,0.052,0.049,0.0479,0.0479,0.0486,0.0474,0.0472,0.0482,0.0477,0.0424,0.04,0.0388,0.0392,0.0413,0.0427,0.0426,0.0429,0.0419,0.0429,0.0446,0.0468,0.0495,0.0516,0.0516,0.0495,0.0503,0.0502,0.0496,0.05,0.0514,0.0519,0.0505,0.0518,0.0519,0.051
0.4693,0.4625,0.4595,0.465,0.4679,0.4727,0.4785,0.4796,0.4761,0.4715,0.4688,0.4662,0.4658,0.4707,0.4774,0.483,0.4862,0.4899,0.4932,0.4955,0.4972,0.4979,0.4969,0.4926,0.4903,0.4923,0.4936,0.4959,0.4993,0.5024,0.5045,0.5044,0.4962,0.4865,0.4811,0.4791,0.4753,0.4711,0.468,0.4656,0.4653,0.4659,0.4645,0.4646,0.4697,0.4716,0.4659,0.4568,0.4502,0.4473,0.4491,0.4527,0.4561,0.454,0.4496,0.4461,0.4411,0.4315,0.4274,0.4263,0.4245,0.4262,0.4324,0.4318,0.4273,0.4208,0.4167,0.4149,0.419,0.4271,0.434,0.4363,0.4342,0.4358,0.4396,0.4428,0.4482,0.4568,0.4684,0.4747,0.476,0.4776,0.4785,0.4783,0.4808,0.484,0.4844,0.4884,0.4914,0.4897
0.6175,0.6127,0.6059,0.6041,0.6097,0.6141,0.6165,0.6195,0.6217,0.623,0.6249,0.6249,0.6259,0.6264,0.6185,0.6085,0.6015,0.5983,0.5965,0.5966,0.5917,0.5866,0.5837,0.5814,0.5791,0.5774,0.5762,0.5769,0.5783,0.5795,0.5815,0.5824,0.5823,0.5807,0.5791,0.5713,0.5618,0.5519,0.546,0.5423,0.5413,0.5414,0.5409,0.5404,0.536,0.5307,0.5333,0.537,0.5352,0.5338,0.5303,0.5252,0.526,0.5269,0.5281,0.5258,0.5265,0.5212,0.5155,0.5141,0.5125,0.5073,0.5062,0.5041,0.5027,0.5002,0.4975,0.4909,0.4836,0.477,0.4714,0.464,0.4604,0.4595,0.46,0.4619,0.4558,0.4596,0.4585,0.4607,0.459,0.4612,0.463,0.4616,0.4544,0.4532,0.4498,0.4481,0.4515,0.4529
0.7307,0.7268,0.7185,0.7087,0.7131,0.7172,0.7183,0.7223,0.723,0.7206,0.7181,0.7171,0.7179,0.7159,0.7137,0.7078,0.6954,0.6841,0.6758,0.6737,0.6697,0.6665,0.6686,0.6702,0.6705,0.6674,0.6598,0.6563,0.6506,0.6488,0.6441,0.6383,0.6365,0.638,0.6394,0.6321,0.6169,0.6114,0.5802,0.566,0.563,0.557,0.5396,0.5346,0.5276,0.5212,0.4982,0.4918,0.4878,0.472,0.4664,0.4528,0.4396,0.434,0.4345,0.4339,0.4325,0.43,0.4246,0.4223,0.4219,0.404,0.3963,0.396,0.3939,0.395,0.395,0.3899,0.3809,0.3709,0.3619,0.3583,0.3572,0.3542,0.3512,0.3458,0.3357,0.324,0.3152,0.3108,0.3089,0.3037,0.3031,0.3048,0.303,0.2991,0.2982,0.295,0.2912,0.2883
0.7469,0.7405,0.7325,0.7187,0.7093,0.7039,0.7067,0.7039,0.7003,0.6976,0.6879,0.68,0.668,0.663,0.6625,0.6638,0.6616,0.6488,0.6329,0.6222,0.6216,0.6205,0.6174,0.6126,0.6059,0.6018,0.5843,0.5663,0.5593,0.5535,0.549,0.5422,0.54,0.5417,0.5435,0.5432,0.5359,0.5321,0.5201,0.4582,0.4533,0.4486,0.4413,0.4327,0.4198,0.3903,0.3516,0.3248,0.3237,0.3108,0.3072,0.3026,0.2938,0.2884,0.2862,0.2846,0.2814,0.2828,0.2775,0.2651,0.2604,0.2547,0.2477,0.2433,0.2435,0.2436,0.2439,0.2426,0.2392,0.2318,0.2242,0.2212,0.2199,0.2157,0.2106,0.2049,0.1987,0.1716,0.1623,0.1457,0.135,0.1293,0.1194,0.1146,0.1113,0.1088,0.1081,0.101,0.0893,0.0855
0.664,0.6667,0.6602,0.6535,0.6346,0.6243,0.621,0.6175,0.6144,0.6146,0.6069,0.6026,0.595,0.5869,0.5864,0.5861,0.5865,0.5824,0.5757,0.558,0.5566,0.5589,0.5595,0.5556,0.5513,0.5464,0.53,0.4919,0.4545,0.4461,0.4352,0.4268,0.4181,0.4172,0.4196,0.4115,0.4041,0.3995,0.3887,0.3763,0.3599,0.3527,0.337,0.3273,0.3169,0.3112,0.3032,0.2744,0.2672,0.2538,0.2474,0.238,0.2208,0.1927,0.1781,0.168,0.155,0.1322,0.1196,0.1117,0.1088,0.0975,0.0793,0.0737,0.0727,0.071,0.0665,0.0646,0.0627,0.0601,0.049,0.0365,0.0308,0.024,0.0223,0.0187,0.0176,0.0137,0.0116,0.0116,0.0119,0.0115,0.0106,0.0096,0.0092,0.0091,0.0087,0.0083,0.0079,0.0077
0.6306,0.6381,0.6379,0.631,0.6195,0.6013,0.5925,0.5827,0.5703,0.5713,0.5759,0.5717,0.5601,0.5471,0.5408,0.533,0.5329,0.5275,0.5192,0.5076,0.4987,0.4995,0.5005,0.5009,0.4953,0.4908,0.4856,0.4638,0.4344,0.416,0.4163,0.4228,0.4233,0.423,0.4262,0.4175,0.4055,0.4005,0.3908,0.3818,0.3802,0.371,0.3428,0.3093,0.272,0.2587,0.2434,0.2234,0.2059,0.1809,0.1575,0.1416,0.1143,0.0766,0.0642,0.0605,0.0509,0.038,0.0245,0.0235,0.0236,0.0236,0.0227,0.0212,0.0199,0.0192,0.0191,0.0192,0.0194,0.02,0.0208,0.0211,0.0213,0.0207,0.0197,0.0184,0.0175,0.0163,0.0078,0.0075,0.0074,0.0073,0.0072,0.007,0.0072,0.0072,0.0073,0.0075,0.0078,0.008
