0.7211,0.7242,0.7202,0.7209,0.7194,0.714,0.7082,0.7153,0.7041,0.6909,0.6768,0.6745,0.6683,0.6654,0.663,0.6616,0.6618,0.6529,0.6353,0.6383,0.6445,0.629,0.6188,0.6166,0.6174,0.6144,0.6086,0.6062,0.6039,0.5799,0.5568,0.5022,0.4883,0.4749,0.4487,0.4179,0.3633,0.3493,0.3389,0.2731,0.2458,0.2242,0.193,0.1758,0.1667,0.1401,0.1201,0.1038,0.0827,0.0623,0.0484,0.0348,0.0313,0.0281,0.0259,0.028,0.0281,0.0267,0.0265,0.0269,0.0222,0.0204,0.0224,0.0182,0.0149,0.0145,0.0141,0.0137,0.0134,0.0133,0.0131,0.0103,0.0055,0.0055,0.0054,0.0057,0.0048,0.0043,0.0039,0.0037,0.0035,0.0032,0.0033,0.0034,0.0031,0.0029,0.0027,0.0026,0.0026,0.0025
0.6415,0.6446,0.6425,0.6421,0.6417,0.6392,0.6396,0.6388,0.6447,0.645,0.6324,0.6259,0.6241,0.6219,0.6188,0.6137,0.6147,0.6101,0.6042,0.5652,0.5561,0.5553,0.5364,0.5141,0.5097,0.5123,0.5064,0.4998,0.4921,0.4759,0.4411,0.2722,0.2551,0.2421,0.2321,0.2226,0.2107,0.1909,0.1519,0.1218,0.0632,0.0561,0.0462,0.0433,0.0422,0.0401,0.0394,0.0394,0.0373,0.0342,0.0313,0.0302,0.0288,0.0223,0.0154,0.0136,0.0129,0.0125,0.0131,0.0134,0.0117,0.0098,0.007,0.0048,0.0043,0.0039,0.0032,0.002,0.0016,0.0015,0.0015,0.0014,0.001,9e-04,9e-04,9e-04,9e-04,9e-04,9e-04,9e-04,9e-04,8e-04,9e-04,0.0011,0.0012,0.0013,0.0014,0.0015,0.0016,0.0017
0.5262,0.5155,0.5081,0.5074,0.5052,0.5036,0.5039,0.5005,0.5007,0.5027,0.4991,0.4923,0.4929,0.4892,0.4757,0.437,0.4301,0.4325,0.4356,0.4209,0.4004,0.4034,0.4026,0.3918,0.3785,0.3735,0.3705,0.3661,0.3461,0.3314,0.3102,0.2805,0.2416,0.2108,0.1868,0.1658,0.1508,0.1217,0.0943,0.0684,0.0553,0.0481,0.0465,0.0454,0.0418,0.0369,0.0339,0.03,0.0247,0.0214,0.0185,0.018,0.0158,0.0124,0.0113,0.0105,0.0094,0.0093,0.0094,0.0094,0.0087,0.0081,0.0075,0.0074,0.008,0.0081,0.0043,0.0039,0.0039,0.0038,0.0038,0.0037,0.0038,0.0041,0.0048,0.0051,0.0051,0.005,0.0045,0.0043,0.0047,0.0048,0.0047,0.0051,0.006,0.0063,0.0071,0.0078,0.0088,0.0081
0.4308,0.4063,0.406,0.3999,0.3977,0.3908,0.3884,0.3865,0.3856,0.3853,0.3816,0.3756,0.3733,0.3743,0.3755,0.3653,0.3603,0.3563,0.356,0.3525,0.3426,0.3382,0.3423,0.3398,0.3186,0.3136,0.3085,0.2898,0.2805,0.2673,0.2448,0.2297,0.205,0.1923,0.1818,0.1807,0.175,0.1637,0.149,0.1342,0.1241,0.1167,0.1127,0.1053,0.1002,0.096,0.0893,0.0799,0.0704,0.0652,0.0592,0.0448,0.0412,0.0402,0.0402,0.0401,0.0379,0.0377,0.0369,0.0359,0.0351,0.0349,0.0344,0.033,0.0312,0.0291,0.0284,0.0286,0.0279,0.027,0.0259,0.0241,0.0235,0.0255,0.0258,0.0264,0.0262,0.0263,0.026,0.0255,0.0239,0.0213,0.018,0.0157,0.0148,0.0139,0.0134,0.0136,0.0133,0.0122
0.4041,0.3995,0.3907,0.3831,0.3812,0.3676,0.3611,0.3602,0.3551,0.3567,0.3566,0.3519,0.3501,0.3462,0.3502,0.3509,0.3299,0.3223,0.3192,0.3192,0.3161,0.3092,0.3104,0.3122,0.2942,0.2679,0.2387,0.2227,0.2186,0.2041,0.1963,0.1893,0.1844,0.1767,0.1672,0.1555,0.1519,0.1447,0.1326,0.1245,0.096,0.0822,0.0771,0.0607,0.061,0.0617,0.056,0.0464,0.0431,0.0396,0.0293,0.0247,0.0234,0.0247,0.0233,0.0202,0.0185,0.0178,0.0177,0.0176,0.0173,0.0166,0.0164,0.0158,0.0154,0.0143,0.0144,0.0127,0.0126,0.012,0.0117,0.0111,0.0105,0.009,0.009,0.0087,0.0081,0.0078,0.0078,0.0075,0.0071,0.0069,0.0066,0.0066,0.0063,0.0062,0.0062,0.006,0.0059,0.0059
0.3597,0.3617,0.363,0.3626,0.3605,0.3495,0.3339,0.3293,0.324,0.3244,0.326,0.3198,0.3128,0.3047,0.3062,0.3058,0.2954,0.282,0.2793,0.2819,0.2809,0.2736,0.2702,0.2738,0.2724,0.2611,0.2501,0.2431,0.2402,0.2336,0.2279,0.2242,0.2249,0.2218,0.216,0.2118,0.2131,0.2096,0.2025,0.1944,0.1878,0.1793,0.1666,0.1481,0.1184,0.1109,0.103,0.0881,0.0711,0.0591,0.0384,0.0337,0.033,0.0308,0.0274,0.0231,0.0196,0.0178,0.0165,0.016,0.0156,0.0151,0.0147,0.0135,0.0123,0.011,0.0102,0.0094,0.0089,0.0077,0.0074,0.0072,0.007,0.0068,0.0064,0.0044,0.004,0.004,0.0039,0.0038,0.0037,0.0036,0.0035,0.0035,0.0034,0.0033,0.0032,0.0032,0.0031,0.003
0.3569,0.3585,0.3618,0.3609,0.3608,0.3573,0.3477,0.3338,0.327,0.3271,0.3306,0.3334,0.3271,0.3198,0.3167,0.3152,0.3146,0.3057,0.2899,0.2907,0.2883,0.2869,0.279,0.2717,0.2673,0.2601,0.2531,0.2473,0.2413,0.2304,0.2182,0.1902,0.1715,0.1626,0.1539,0.1468,0.1223,0.1091,0.093,0.0695,0.0466,0.0331,0.0186,0.0127,0.0093,0.0092,0.009,0.0086,0.0082,0.0078,0.0076,0.0078,0.0073,0.0064,0.006,0.0032,0.0025,0.0022,0.002,0.0018,0.0018,0.0017,0.0016,8e-04,8e-04,8e-04,8e-04,8e-04,8e-04,7e-04,7e-04,8e-04,8e-04,9e-04,9e-04,6e-04,6e-04,6e-04,6e-04,6e-04,6e-04,6e-04,5e-04,5e-04,5e-04,5e-04,5e-04,5e-04,5e-04,5e-04
0.399,0.3959,0.3944,0.3895,0.387,0.3849,0.3769,0.3571,0.3149,0.3091,0.3081,0.2979,0.2905,0.283,0.2679,0.2529,0.2421,0.2393,0.2273,0.2085,0.1918,0.1891,0.1791,0.1424,0.1115,0.1065,0.0973,0.0843,0.0704,0.0575,0.046,0.0308,0.0255,0.0236,0.0219,0.0204,0.0181,0.0164,0.0119,0.0113,0.011,0.0106,0.0099,0.0095,0.0087,0.0083,0.0082,0.0077,0.0073,0.0071,0.0064,0.0054,0.0053,0.005,0.0047,0.004,0.0034,0.0032,0.0029,0.0025,0.0022,0.0021,0.0018,0.0015,0.0013,0.0013,0.0012,0.001,9e-04,8e-04,7e-04,3e-04,3e-04,2e-04,2e-04,2e-04,2e-04,1e-04,1e-04,1e-04,1e-04,1e-04,1e-04,1e-04,1e-04,1e-04,1e-04,1e-04,1e-04,1e-04
0.2428,0.2385,0.2352,0.2332,0.2315,0.2301,0.2221,0.2063,0.1844,0.1707,0.1599,0.145,0.1342,0.1218,0.1104,0.097,0.0909,0.0891,0.0805,0.0492,0.0433,0.0385,0.0315,0.0219,0.0176,0.0168,0.0164,0.0158,0.0142,0.0076,0.0068,0.0048,0.0026,0.0025,0.0025,0.0024,0.0025,0.002,0.0019,0.0018,0.0018,0.0016,0.0015,0.0015,0.0015,0.0014,0.0013,0.0013,0.0013,0.0012,7e-04,5e-04,5e-04,5e-04,5e-04,2e-04,1e-04,1e-04,1e-04,0,0,0,0,0,0,0,0,0,0,0,0,0,0,0,0,0,0,0,0,0,0,0,0,0,0,0,0,0,0,0
0.1736,0.1715,0.1703,0.1682,0.1609,0.1541,0.1471,0.1418,0.1362,0.124,0.1242,0.1221,0.1194,0.1167,0.1127,0.1072,0.1035,0.1016,0.0975,0.0916,0.0861,0.0822,0.0788,0.0691,0.0582,0.0523,0.0466,0.0376,0.0252,0.0209,0.0163,0.0136,0.008,0.007,0.0066,0.0065,0.0059,0.0044,0.0035,0.0034,0.0029,0.0021,0.0018,9e-04,7e-04,7e-04,6e-04,6e-04,6e-04,2e-04,1e-04,1e-04,1e-04,1e-04,1e-04,0,0,0,0,0,0,0,0,0,0,0,0,0,0,0,0,0,0,0,0,0,0,0,0,0,1e-04,1e-04,1e-04,1e-04,1e-04,1e-04,1e-04,2e-04,2e-04,2e-04
0.2234,0.2243,0.2232,0.2198,0.2144,0.2049,0.1965,0.1941,0.1862,0.1779,0.1703,0.1647,0.1606,0.1558,0.15,0.1371,0.132,0.1296,0.1284,0.1181,0.106,0.0995,0.0803,0.0702,0.0615,0.0508,0.0488,0.0428,0.0375,0.0266,0.021,0.015,0.0092,0.0085,0.0083,0.0072,0.0052,0.0048,0.0032,0.0024,0.0016,0.0014,8e-04,7e-04,7e-04,8e-04,8e-04,8e-04,8e-04,9e-04,9e-04,8e-04,8e-04,8e-04,8e-04,8e-04,7e-04,7e-04,6e-04,6e-04,6e-04,6e-04,7e-04,6e-04,5e-04,5e-04,5e-04,5e-04,5e-04,5e-04,5e-04,5e-04,5e-04,4e-04,4e-04,4e-04,4e-04,5e-04,4e-04,4e-04,4e-04,4e-04,4e-04,4e-04,4e-04,4e-04,4e-04,5e-04,5e-04,4e-04
0.2067,0.2055,0.204,0.2022,0.2026,0.1982,0.1954,0.1944,0.1909,0.1917,0.1751,0.1706,0.1631,0.1522,0.1448,0.1374,0.1191,0.1109,0.1001,0.0964,0.0832,0.0793,0.0653,0.0582,0.0576,0.0489,0.0364,0.0335,0.0276,0.0191,0.0114,0.0042,0.0041,0.0038,0.0033,0.0033,0.0034,0.0032,0.0026,0.0025,0.0024,0.0021,0.0017,0.0012,0.0011,0.001,9e-04,9e-04,8e-04,7e-04,6e-04,6e-04,6e-04,6e-04,6e-04,5e-04,5e-04,5e-04,5e-04,5e-04,5e-04,5e-04,4e-04,5e-04,5e-04,4e-04,4e-04,4e-04,4e-04,4e-04,4e-04,4e-04,3e-04,3e-04,4e-04,4e-04,4e-04,4e-04,4e-04,3e-04,3e-04,3e-04,3e-04,2e-04,2e-04,2e-04,2e-04,2e-04,2e-04,2e-04
0.1397,0.1366,0.1384,0.1367,0.1333,0.1312,0.1273,0.1249,0.1155,0.1142,0.0963,0.0856,0.0813,0.0757,0.0683,0.0643,0.0517,0.0445,0.0378,0.0342,0.0327,0.0292,0.0131,0.0089,0.0071,0.0056,0.0041,0.0037,0.0037,0.0036,0.003,0.0019,0.002,0.002,0.002,0.002,0.002,0.002,0.0019,0.0018,0.0012,8e-04,8e-04,9e-04,9e-04,8e-04,8e-04,9e-04,9e-04,8e-04,9e-04,8e-04,7e-04,6e-04,6e-04,6e-04,5e-04,6e-04,7e-04,7e-04,8e-04,8e-04,9e-04,9e-04,0.0011,0.001,9e-04,9e-04,8e-04,8e-04,9e-04,9e-04,9e-04,9e-04,9e-04,0.0012,0.0014,0.0011,9e-04,0.001,0.001,9e-04,9e-04,0.001,9e-04,0.0012,0.0018,0.0017,0.0018,0.0018
0.1274,0.123,0.1245,0.1222,0.1144,0.112,0.1105,0.1067,0.1016,0.0965,0.0893,0.0783,0.0735,0.0653,0.0555,0.0533,0.0397,0.0325,0.0314,0.0302,0.0302,0.0297,0.0287,0.0277,0.0278,0.0275,0.0258,0.0232,0.02,0.0148,0.0104,0.0065,0.0068,0.0071,0.0065,0.0076,0.0073,0.0066,0.0053,0.0041,0.0046,0.0054,0.0059,0.0065,0.0063,0.0057,0.0062,0.0072,0.0079,0.0043,0.0036,0.0037,0.0038,0.0041,0.0026,0.0026,0.0023,0.0022,0.002,0.002,0.0019,0.0017,0.0016,0.0016,0.0016,0.0017,0.002,0.0022,0.0024,0.0025,0.0027,0.0028,0.0029,0.0033,0.0039,0.0045,0.0046,0.0048,0.005,0.0056,0.006,0.007,0.0075,0.0082,0.0083,0.0089,0.0093,0.0096,0.0108,0.0117
0.2028,0.2023,0.1994,0.1981,0.2003,0.2007,0.2018,0.1978,0.1956,0.1972,0.1966,0.196,0.1934,0.1889,0.1873,0.1873,0.1864,0.1805,0.1728,0.1689,0.1674,0.1642,0.1605,0.1492,0.1456,0.1445,0.1424,0.1389,0.1352,0.1272,0.1216,0.1152,0.115,0.1141,0.1116,0.11,0.1075,0.1021,0.095,0.0862,0.0792,0.0796,0.0826,0.0839,0.0856,0.0867,0.088,0.0883,0.0884,0.0851,0.0805,0.0803,0.0807,0.074,0.0749,0.0804,0.081,0.0799,0.0788,0.0787,0.0766,0.0757,0.0754,0.0762,0.0761,0.0749,0.0732,0.0719,0.0712,0.0695,0.0672,0.066,0.066,0.0668,0.0665,0.0648,0.0626,0.0646,0.0674,0.0673,0.0667,0.0703,0.0736,0.0747,0.0767,0.0763,0.0769,0.0796,0.0806,0.0809
0.2705,0.2706,0.2692,0.267,0.2634,0.2612,0.2637,0.2656,0.2654,0.2633,0.2614,0.2602,0.2593,0.2645,0.2645,0.2607,0.263,0.264,0.264,0.2613,0.2584,0.258,0.256,0.246,0.2341,0.2318,0.23,0.2283,0.222,0.2138,0.2001,0.1936,0.1913,0.1862,0.1852,0.1834,0.18,0.1747,0.1687,0.1626,0.1586,0.1546,0.154,0.1559,0.1542,0.1509,0.1481,0.1444,0.1418,0.1426,0.144,0.1457,0.142,0.1392,0.1369,0.1346,0.1341,0.1321,0.126,0.123,0.1228,0.1185,0.1159,0.1151,0.1155,0.1116,0.109,0.1077,0.1074,0.1037,0.1008,0.1009,0.1028,0.1043,0.0997,0.0958,0.0972,0.0972,0.093,0.0908,0.089,0.086,0.0842,0.0816,0.0795,0.0797,0.078,0.0767,0.072,0.0687
0.3618,0.363,0.361,0.3518,0.3491,0.3418,0.3417,0.3421,0.3446,0.3453,0.3356,0.3299,0.3302,0.3285,0.3277,0.3149,0.3132,0.3171,0.318,0.3171,0.3115,0.3109,0.3107,0.3067,0.297,0.2901,0.2917,0.2932,0.291,0.2882,0.2858,0.283,0.2771,0.2726,0.2683,0.2671,0.265,0.2615,0.2543,0.2491,0.2451,0.2386,0.2305,0.2275,0.2217,0.2106,0.2008,0.1876,0.1695,0.1614,0.1583,0.1514,0.1474,0.1457,0.1439,0.1369,0.1342,0.135,0.1314,0.1279,0.1243,0.1218,0.1165,0.109,0.1043,0.1021,0.0939,0.0882,0.0833,0.0805,0.0796,0.0759,0.0722,0.0654,0.0615,0.0559,0.0471,0.0397,0.0353,0.0318,0.0308,0.0294,0.0251,0.0208,0.0183,0.0173,0.017,0.0162,0.0149,0.0144
0.4137,0.414,0.4149,0.4101,0.4069,0.4042,0.4074,0.4107,0.414,0.4168,0.4131,0.4043,0.3949,0.3785,0.3752,0.3684,0.3598,0.3578,0.3579,0.3593,0.3611,0.3629,0.3617,0.3529,0.3464,0.3421,0.3387,0.3411,0.3337,0.3312,0.3333,0.3298,0.3162,0.305,0.2977,0.2869,0.2802,0.2778,0.2704,0.2643,0.2608,0.2581,0.2532,0.2438,0.23,0.2149,0.2049,0.1909,0.1714,0.1616,0.1532,0.1476,0.144,0.1425,0.141,0.1325,0.1266,0.1238,0.129,0.134,0.1352,0.1317,0.125,0.1162,0.1068,0.1006,0.0879,0.0864,0.0849,0.0828,0.079,0.0746,0.0732,0.0709,0.0683,0.0655,0.0582,0.0529,0.0497,0.0492,0.0475,0.0457,0.0409,0.0346,0.0342,0.034,0.0334,0.0325,0.0257,0.0177
0.4313,0.4292,0.433,0.4326,0.426,0.4192,0.4157,0.4198,0.423,0.4235,0.4222,0.4131,0.4043,0.3972,0.3848,0.3835,0.3671,0.3618,0.357,0.3533,0.352,0.3526,0.3451,0.3403,0.3365,0.3313,0.3284,0.3231,0.3149,0.3157,0.317,0.3153,0.3089,0.2894,0.2755,0.2688,0.2643,0.2605,0.2549,0.248,0.2421,0.2336,0.231,0.2276,0.2189,0.2053,0.1993,0.195,0.1788,0.1605,0.1508,0.1451,0.1466,0.1462,0.1456,0.1454,0.1405,0.1375,0.1376,0.1384,0.1376,0.1359,0.134,0.1314,0.1287,0.1221,0.112,0.0984,0.0923,0.0906,0.0891,0.0872,0.0835,0.0796,0.073,0.0695,0.0673,0.0613,0.0557,0.0525,0.0468,0.0452,0.043,0.0351,0.033,0.0314,0.0315,0.0317,0.0253,0.0237
0.488,0.4771,0.4682,0.4721,0.4681,0.4568,0.4483,0.443,0.4391,0.4325,0.426,0.4159,0.4054,0.4038,0.3952,0.3904,0.3899,0.388,0.383,0.3771,0.377,0.3724,0.3637,0.3576,0.3579,0.3562,0.3524,0.3362,0.3291,0.3239,0.3108,0.3087,0.3113,0.3081,0.2947,0.278,0.2763,0.2724,0.2714,0.2701,0.2622,0.2569,0.2505,0.2444,0.235,0.216,0.202,0.1861,0.1765,0.1427,0.1291,0.1238,0.1182,0.0905,0.0776,0.0768,0.072,0.0587,0.0504,0.0432,0.0404,0.0418,0.0423,0.0405,0.04,0.0384,0.0321,0.0189,0.0182,0.0183,0.0186,0.0187,0.0191,0.0191,0.019,0.0192,0.019,0.0186,0.0179,0.0174,0.0171,0.0169,0.0169,0.0169,0.0167,0.017,0.0172,0.0185,0.0202,0.0206
0.4803,0.4729,0.4699,0.4732,0.4731,0.4706,0.4679,0.4662,0.4643,0.4632,0.4581,0.4462,0.4305,0.4334,0.4375,0.429,0.4196,0.4153,0.4106,0.4085,0.4054,0.4048,0.4046,0.4093,0.4127,0.4155,0.4147,0.3924,0.3833,0.3756,0.3669,0.3628,0.362,0.3607,0.3605,0.3504,0.3455,0.34,0.3379,0.3385,0.3333,0.3249,0.3179,0.3126,0.3067,0.2931,0.2798,0.2755,0.2752,0.2554,0.2372,0.2274,0.2074,0.1583,0.1249,0.1202,0.1089,0.0782,0.0606,0.0566,0.0542,0.0513,0.0505,0.0506,0.0494,0.0481,0.044,0.0388,0.0331,0.0336,0.0364,0.0367,0.0356,0.0336,0.032,0.0317,0.03,0.0268,0.0228,0.0216,0.0207,0.0195,0.0196,0.0188,0.0183,0.0172,0.0179,0.0161,0.0139,0.0132
0.4647,0.4631,0.4616,0.4632,0.4581,0.4544,0.4528,0.4527,0.4555,0.4551,0.4503,0.4391,0.4283,0.4221,0.4207,0.4217,0.3985,0.3859,0.3804,0.379,0.3747,0.3641,0.3641,0.3693,0.3696,0.3678,0.3626,0.354,0.3365,0.3235,0.3147,0.3048,0.3026,0.2988,0.2821,0.2764,0.2723,0.2668,0.2647,0.267,0.2666,0.2621,0.2597,0.2634,0.2665,0.2671,0.2573,0.248,0.2428,0.2174,0.2104,0.1884,0.1587,0.115,0.0738,0.0613,0.0502,0.0422,0.0344,0.0314,0.0295,0.0274,0.0256,0.0254,0.0255,0.0245,0.0216,0.014,0.012,0.0116,0.0106,0.0106,0.0106,0.0103,0.0101,0.01,0.0099,0.0097,0.0096,0.0097,0.0098,0.0096,0.0095,0.0096,0.0098,0.0095,0.009,0.0079,0.0074,0.0074
0.4252,0.4298,0.4326,0.4261,0.4189,0.4079,0.4026,0.3963,0.3943,0.3926,0.3878,0.378,0.3624,0.362,0.3482,0.3428,0.3175,0.2992,0.2931,0.29,0.2849,0.2645,0.2575,0.2548,0.2577,0.2486,0.2358,0.2288,0.2219,0.2074,0.1981,0.1893,0.1798,0.1692,0.1506,0.1398,0.126,0.1238,0.1212,0.1208,0.1199,0.1142,0.1053,0.0975,0.0892,0.0592,0.0456,0.037,0.0332,0.0249,0.0235,0.0233,0.0232,0.0224,0.021,0.0211,0.0192,0.0176,0.0174,0.0171,0.0166,0.0164,0.0159,0.0164,0.0169,0.0175,0.0174,0.0164,0.0159,0.0139,0.0107,0.0085,0.0082,0.0083,0.0079,0.0075,0.007,0.0066,0.0059,0.0048,0.0046,0.0045,0.0042,0.0039,0.0036,0.0034,0.0032,0.0026,0.0021,0.0016
0.3107,0.3123,0.3144,0.3102,0.305,0.3026,0.2985,0.2919,0.2858,0.2774,0.2748,0.2716,0.269,0.2678,0.2651,0.263,0.2546,0.2484,0.2505,0.2527,0.2516,0.2477,0.2309,0.2205,0.2134,0.2015,0.1912,0.1841,0.1764,0.1661,0.1531,0.144,0.1393,0.1316,0.1226,0.113,0.0997,0.0949,0.0894,0.086,0.0842,0.0799,0.0751,0.0671,0.0601,0.0531,0.0479,0.0428,0.0407,0.0374,0.0351,0.0325,0.0285,0.0275,0.0273,0.025,0.0238,0.0223,0.0213,0.0206,0.0204,0.0203,0.0193,0.013,0.0124,0.0124,0.0123,0.0123,0.0111,0.005,0.0029,0.0011,9e-04,8e-04,7e-04,7e-04,7e-04,6e-04,6e-04,6e-04,6e-04,6e-04,5e-04,3e-04,3e-04,3e-04,2e-04,2e-04,2e-04,2e-04
0.2892,0.288,0.2862,0.2831,0.2814,0.279,0.2779,0.2786,0.2752,0.2593,0.2392,0.2324,0.2248,0.2055,0.1995,0.1907,0.1852,0.1798,0.1769,0.1682,0.1606,0.1546,0.1442,0.132,0.1216,0.1104,0.1011,0.0972,0.091,0.088,0.0834,0.0792,0.0779,0.0766,0.0735,0.0659,0.0599,0.0554,0.051,0.0468,0.0437,0.0398,0.0371,0.0261,0.0207,0.0181,0.016,0.0134,0.0132,0.0131,0.0127,0.0121,0.0121,0.0115,0.0115,0.0113,0.0108,0.0097,0.0072,0.0063,0.0061,0.0059,0.0058,0.0026,0.0015,0.0013,0.0011,6e-04,6e-04,5e-04,5e-04,6e-04,6e-04,6e-04,6e-04,6e-04,5e-04,6e-04,4e-04,3e-04,4e-04,3e-04,3e-04,2e-04,2e-04,2e-04,2e-04,2e-04,2e-04,3e-04
0.1843,0.179,0.1745,0.1726,0.1699,0.1669,0.1651,0.1635,0.1587,0.1507,0.14,0.1267,0.1169,0.1057,0.0976,0.0894,0.0844,0.0769,0.0677,0.0612,0.0533,0.0468,0.0423,0.0395,0.0361,0.0325,0.0304,0.0296,0.0282,0.0266,0.025,0.0217,0.0208,0.0203,0.0199,0.0167,0.0137,0.0115,0.0104,0.0096,0.009,0.009,0.0091,0.0083,0.0042,0.0029,0.0025,0.0024,0.0023,0.0025,0.0025,0.0022,0.0022,0.0013,0.0013,0.0012,0.0013,7e-04,6e-04,6e-04,6e-04,6e-04,6e-04,6e-04,6e-04,6e-04,6e-04,5e-04,5e-04,4e-04,3e-04,3e-04,2e-04,2e-04,2e-04,2e-04,2e-04,2e-04,2e-04,2e-04,2e-04,2e-04,2e-04,2e-04,2e-04,2e-04,1e-04,1e-04,1e-04,1e-04
0.149,0.1455,0.1454,0.146,0.1446,0.1427,0.1422,0.1399,0.1367,0.1311,0.1262,0.1247,0.1209,0.1152,0.1114,0.1081,0.0943,0.0901,0.0875,0.0826,0.0801,0.0792,0.0756,0.0734,0.0668,0.056,0.0482,0.0391,0.0386,0.0376,0.0373,0.0346,0.0339,0.0326,0.0308,0.0263,0.0204,0.0194,0.0184,0.0182,0.0183,0.0186,0.0187,0.0182,0.0164,0.0136,0.0119,0.0107,0.0066,0.0055,0.004,0.0024,7e-04,3e-04,2e-04,2e-04,2e-04,2e-04,2e-04,2e-04,2e-04,2e-04,2e-04,2e-04,2e-04,2e-04,2e-04,2e-04,2e-04,2e-04,2e-04,1e-04,1e-04,1e-04,1e-04,1e-04,1e-04,0,0,0,0,0,0,0,0,0,0,0,0,0
0.2231,0.2115,0.2055,0.2009,0.1983,0.1945,0.1926,0.1915,0.1893,0.1855,0.1823,0.1795,0.1746,0.1659,0.1597,0.1556,0.1442,0.1387,0.1328,0.1313,0.1287,0.1253,0.1235,0.1157,0.1024,0.0876,0.0825,0.0775,0.073,0.0669,0.0646,0.0572,0.0533,0.0498,0.0441,0.0346,0.0262,0.0236,0.023,0.0228,0.0218,0.0208,0.0195,0.0193,0.0192,0.0191,0.0186,0.0162,0.0119,0.0099,0.0086,0.003,0.0021,9e-04,7e-04,7e-04,7e-04,6e-04,6e-04,5e-04,5e-04,6e-04,5e-04,5e-04,4e-04,4e-04,5e-04,5e-04,5e-04,4e-04,3e-04,3e-04,3e-04,2e-04,2e-04,2e-04,1e-04,1e-04,1e-04,2e-04,2e-04,2e-04,1e-04,1e-04,1e-04,1e-04,1e-04,1e-04,1e-04,1e-04
0.2128,0.205,0.1978,0.1933,0.1923,0.1914,0.1864,0.1828,0.1781,0.172,0.1688,0.1685,0.1671,0.163,0.158,0.1561,0.1575,0.1588,0.1547,0.1446,0.1366,0.1335,0.1333,0.1298,0.1251,0.1191,0.1113,0.1104,0.1011,0.0928,0.0896,0.0835,0.0787,0.0746,0.0673,0.0608,0.0548,0.0467,0.0415,0.0382,0.0354,0.0333,0.0322,0.0314,0.0308,0.0297,0.0284,0.0273,0.0268,0.0233,0.0208,0.0184,0.0174,0.0169,0.0161,0.0152,0.0142,0.0134,0.0131,0.0122,0.0115,0.0114,0.0113,0.012,0.0117,0.0113,0.0096,0.0084,0.0082,0.0074,0.0065,0.0075,0.0064,0.0062,0.0057,0.0051,0.0052,0.0046,0.0047,0.0048,0.0042,0.0037,0.0045,0.0047,0.0048,0.0048,0.0046,0.0042,0.0046,0.0046
0.1061,0.1032,0.0986,0.096,0.0927,0.0919,0.0904,0.0897,0.0902,0.09,0.0879,0.0886,0.0888,0.088,0.0854,0.0841,0.083,0.0823,0.0817,0.0805,0.0791,0.0779,0.0775,0.0769,0.0763,0.0764,0.0744,0.0736,0.0734,0.0729,0.0724,0.0723,0.072,0.0718,0.0713,0.0703,0.0689,0.068,0.0676,0.0682,0.0683,0.0681,0.0681,0.068,0.0677,0.0671,0.0665,0.066,0.066,0.0652,0.0648,0.0646,0.0645,0.0642,0.0641,0.0641,0.0639,0.0635,0.0622,0.0608,0.0621,0.0628,0.0625,0.0623,0.0621,0.0621,0.0614,0.061,0.0611,0.0607,0.0608,0.0604,0.0609,0.061,0.0607,0.0607,0.0607,0.0604,0.0605,0.0605,0.0601,0.0588,0.0578,0.0579,0.058,0.0582,0.0582,0.0579,0.0579,0.0586
0.4721,0.4692,0.473,0.4763,0.4806,0.4813,0.4875,0.4941,0.4986,0.5032,0.5061,0.5112,0.5166,0.5209,0.5209,0.5191,0.519,0.522,0.528,0.5345,0.5392,0.5409,0.5426,0.5436,0.5444,0.5466,0.5463,0.5493,0.5536,0.5572,0.5611,0.5643,0.5663,0.5668,0.5625,0.5565,0.5558,0.555,0.5549,0.5547,0.5568,0.558,0.5598,0.5622,0.5644,0.5658,0.5668,0.5697,0.5708,0.5697,0.5715,0.5746,0.5771,0.5742,0.5702,0.5727,0.5744,0.5711,0.56,0.552,0.5564,0.5645,0.5671,0.5662,0.5642,0.5652,0.568,0.5703,0.574,0.5787,0.5806,0.5747,0.5773,0.5817,0.5797,0.5784,0.5787,0.5782,0.582,0.5845,0.5863,0.5854,0.5801,0.579,0.5793,0.5844,0.5898,0.5888,0.5846,0.5906
0.6155,0.607,0.5961,0.5854,0.5732,0.5713,0.5689,0.5672,0.5652,0.5588,0.5562,0.5554,0.5573,0.5586,0.5623,0.5669,0.5722,0.5748,0.5732,0.5732,0.5772,0.5802,0.578,0.5754,0.5765,0.5787,0.5763,0.5696,0.5695,0.5715,0.5767,0.5811,0.5858,0.5877,0.5875,0.5859,0.5817,0.5795,0.579,0.5774,0.5755,0.5753,0.5753,0.5736,0.5742,0.5752,0.5684,0.571,0.5762,0.5783,0.5746,0.5729,0.574,0.5726,0.5656,0.5647,0.5681,0.5674,0.5652,0.5645,0.5667,0.564,0.5632,0.5655,0.5621,0.5521,0.547,0.546,0.5431,0.5406,0.5412,0.5429,0.5448,0.5454,0.5459,0.5452,0.5446,0.5363,0.5372,0.5453,0.5504,0.5573,0.557,0.5495,0.5516,0.557,0.562,0.5644,0.5655,0.5552
0.7386,0.7324,0.7176,0.702,0.6856,0.6719,0.6624,0.6509,0.642,0.6394,0.6361,0.6357,0.6304,0.6256,0.6267,0.6295,0.6301,0.6308,0.6295,0.6193,0.6124,0.6112,0.6064,0.5991,0.5989,0.601,0.602,0.5952,0.5838,0.5832,0.5808,0.5802,0.5792,0.5757,0.5736,0.5726,0.568,0.564,0.5602,0.5588,0.5582,0.5562,0.5533,0.5486,0.5462,0.5455,0.5309,0.5264,0.5288,0.5324,0.5318,0.5283,0.5167,0.5115,0.4972,0.4875,0.4863,0.486,0.4881,0.4911,0.4897,0.4884,0.4809,0.4807,0.4826,0.4698,0.4438,0.4425,0.4429,0.4392,0.4373,0.4435,0.44,0.4315,0.4286,0.4315,0.4328,0.4306,0.4277,0.43,0.4309,0.4298,0.4268,0.4241,0.416,0.4061,0.4012,0.3992,0.4022,0.3901
0.7415,0.744,0.742,0.7362,0.7251,0.6993,0.6943,0.6895,0.6778,0.6737,0.6584,0.6475,0.6389,0.6301,0.6235,0.6205,0.6192,0.6148,0.611,0.594,0.5806,0.5764,0.5708,0.5595,0.554,0.5532,0.5526,0.5493,0.5387,0.5322,0.5294,0.526,0.5243,0.5195,0.5192,0.5206,0.5213,0.5193,0.5099,0.4902,0.4866,0.4906,0.4921,0.4904,0.4874,0.4874,0.4608,0.4298,0.4229,0.4237,0.4231,0.4203,0.4146,0.4131,0.4027,0.379,0.3705,0.3696,0.3703,0.372,0.3606,0.3591,0.3556,0.3488,0.3452,0.3442,0.3318,0.3265,0.32,0.3154,0.3126,0.3057,0.2915,0.2769,0.2671,0.2602,0.2505,0.2424,0.2344,0.2192,0.2031,0.189,0.1797,0.1761,0.1731,0.1545,0.1384,0.1271,0.1173,0.1167
0.6609,0.6599,0.6618,0.6574,0.6651,0.6672,0.6486,0.6359,0.6299,0.6236,0.6217,0.6105,0.6109,0.6099,0.6058,0.5995,0.5926,0.5883,0.5841,0.5733,0.5479,0.5372,0.5391,0.5405,0.5308,0.5282,0.5276,0.5167,0.5109,0.4996,0.4889,0.4741,0.4646,0.453,0.446,0.4323,0.4247,0.4216,0.413,0.3737,0.3751,0.3697,0.3689,0.3658,0.3533,0.3452,0.3429,0.3381,0.3314,0.3155,0.3033,0.2877,0.2792,0.2719,0.2682,0.2591,0.2485,0.2419,0.2249,0.2203,0.2008,0.1762,0.1626,0.1439,0.1286,0.1214,0.1132,0.0991,0.0961,0.09,0.072,0.0506,0.0302,0.0218,0.02,0.017,0.0154,0.0144,0.0139,0.0139,0.014,0.0138,0.0136,0.0139,0.0139,0.0136,0.0133,0.0128,0.0125,0.0122
0.6245,0.6242,0.6237,0.6236,0.623,0.6235,0.6186,0.6052,0.5682,0.5541,0.5417,0.5363,0.5355,0.5367,0.5367,0.5353,0.5297,0.5209,0.518,0.5156,0.4996,0.462,0.4578,0.4655,0.4643,0.4562,0.4515,0.4459,0.4406,0.4209,0.4168,0.4068,0.3953,0.38,0.3633,0.3451,0.3061,0.3008,0.2899,0.2577,0.2493,0.244,0.238,0.2201,0.2015,0.1793,0.1733,0.1626,0.1406,0.1216,0.1074,0.0948,0.0902,0.087,0.0814,0.0754,0.068,0.0592,0.032,0.0198,0.018,0.014,0.0122,0.0108,0.0104,0.0104,0.0105,0.0107,0.0108,0.0106,0.0101,0.0077,0.0065,0.0064,0.0064,0.0067,0.0065,0.0062,0.006,0.0059,0.0058,0.0058,0.0058,0.0059,0.0058,0.0058,0.0056,0.0054,0.0053,0.0051
