0.7204,0.7231,0.7251,0.706,0.699,0.6996,0.7017,0.6777,0.6649,0.6609,0.6516,0.645,0.6353,0.6255,0.6187,0.6206,0.6209,0.6193,0.6239,0.6243,0.6197,0.6197,0.6177,0.6137,0.6102,0.602,0.5986,0.5879,0.5952,0.5851,0.5569,0.5571,0.5275,0.4677,0.456,0.4489,0.4323,0.4018,0.3802,0.3619,0.2798,0.261,0.2585,0.2538,0.2471,0.2335,0.2255,0.202,0.1329,0.1025,0.0923,0.0859,0.0774,0.0654,0.0513,0.0492,0.0408,0.0303,0.0281,0.0272,0.0262,0.0248,0.0244,0.023,0.0194,0.0136,0.0114,0.0068,0.0051,0.0045,0.004,0.0036,0.003,0.0028,0.0023,0.0018,0.0016,0.0015,0.0014,0.0014,0.0013,0.0013,0.0012,0.0012,0.0011,0.0011,0.0011,0.001,0.001,0.001
0.6518,0.6542,0.6511,0.6519,0.6418,0.6422,0.6511,0.6507,0.6302,0.6119,0.6096,0.6096,0.6051,0.5923,0.5891,0.5858,0.5888,0.5888,0.5874,0.5795,0.5677,0.5657,0.5628,0.5556,0.5394,0.524,0.5011,0.4921,0.4839,0.4753,0.4688,0.4484,0.4285,0.356,0.3186,0.3015,0.2446,0.2137,0.2091,0.2017,0.1661,0.149,0.1468,0.1423,0.137,0.1352,0.1278,0.1101,0.0912,0.0453,0.0416,0.0355,0.0289,0.0211,0.0205,0.0206,0.0206,0.0173,0.0119,0.0059,0.0057,0.0056,0.0055,0.0057,0.0049,0.0047,0.0037,0.0031,0.0022,0.0019,0.0016,0.0015,6e-04,4e-04,4e-04,2e-04,2e-04,2e-04,4e-04,4e-04,4e-04,5e-04,4e-04,4e-04,4e-04,5e-04,5e-04,6e-04,7e-04,8e-04
0.5276,0.5249,0.5156,0.4998,0.4976,0.4884,0.4797,0.4715,0.47,0.4673,0.4628,0.4592,0.4503,0.4487,0.4423,0.4404,0.4387,0.4376,0.4395,0.4335,0.4254,0.4207,0.4094,0.4035,0.4003,0.3842,0.3637,0.3509,0.346,0.3395,0.3337,0.3319,0.329,0.3261,0.2997,0.2927,0.2851,0.2652,0.2598,0.2573,0.2451,0.2242,0.1911,0.1554,0.1269,0.1078,0.0924,0.0688,0.0591,0.0475,0.0415,0.0361,0.0309,0.0276,0.0264,0.0261,0.0244,0.0199,0.0051,0.0028,0.0022,0.0019,0.0018,0.0017,0.0017,0.0016,0.0016,0.0016,0.0015,0.0014,0.0012,0.001,3e-04,4e-04,7e-04,0.001,0.0012,0.0015,0.0019,0.0022,0.0026,0.0031,0.0035,0.0032,0.0024,0.002,0.0017,0.0014,0.0011,0.0011
0.4507,0.4481,0.4398,0.4269,0.4236,0.4214,0.411,0.4087,0.4066,0.4082,0.406,0.4005,0.3961,0.3973,0.396,0.3951,0.3816,0.3804,0.3808,0.3783,0.3763,0.3739,0.3632,0.3498,0.3379,0.3257,0.3153,0.2947,0.2784,0.2699,0.2668,0.262,0.2563,0.2494,0.2343,0.2093,0.1967,0.1807,0.1709,0.1604,0.1477,0.1351,0.1002,0.0601,0.0391,0.0373,0.0368,0.0349,0.0344,0.0343,0.0338,0.0331,0.033,0.0319,0.0316,0.0316,0.0306,0.0276,0.025,0.0237,0.0227,0.0232,0.0232,0.023,0.0227,0.0222,0.0219,0.0207,0.021,0.0204,0.0173,0.0175,0.0168,0.0161,0.0161,0.0153,0.014,0.0133,0.0127,0.0118,0.011,0.0087,0.0081,0.0081,0.0077,0.0066,0.0043,0.0038,0.0035,0.0036
0.3967,0.3986,0.3987,0.3982,0.3936,0.3926,0.3933,0.3932,0.3777,0.3703,0.3707,0.3648,0.3548,0.3472,0.3497,0.3422,0.3094,0.2987,0.2873,0.2791,0.2701,0.2662,0.2553,0.2389,0.2333,0.2299,0.2226,0.2096,0.1978,0.1911,0.1877,0.1801,0.176,0.1655,0.1557,0.1496,0.143,0.1352,0.1289,0.1195,0.1098,0.0948,0.0837,0.0608,0.0561,0.0587,0.0611,0.0563,0.0538,0.0559,0.0549,0.0529,0.0496,0.0471,0.0439,0.0418,0.0396,0.0351,0.0288,0.0227,0.0201,0.0194,0.0186,0.0186,0.018,0.0171,0.0159,0.0157,0.0157,0.015,0.0132,0.0129,0.0128,0.013,0.0143,0.0125,0.0134,0.0151,0.0164,0.0174,0.0176,0.0173,0.0165,0.0129,0.0105,0.0077,0.0064,0.0059,0.0055,0.0053
0.3602,0.3635,0.3616,0.3619,0.3632,0.3618,0.3603,0.3601,0.3367,0.3266,0.3238,0.3208,0.3142,0.3065,0.3056,0.3074,0.3014,0.2925,0.2892,0.2877,0.2809,0.2808,0.282,0.2752,0.2696,0.2617,0.2599,0.2563,0.2289,0.2224,0.22,0.2194,0.215,0.2131,0.2088,0.2049,0.1991,0.1933,0.1907,0.1941,0.193,0.1894,0.1882,0.1829,0.177,0.1711,0.1664,0.1638,0.1569,0.1497,0.1434,0.1427,0.1405,0.1325,0.1265,0.1205,0.1103,0.1041,0.0969,0.0893,0.0809,0.0736,0.0659,0.057,0.0448,0.0235,0.0206,0.0185,0.0169,0.016,0.0158,0.0147,0.0135,0.0129,0.0129,0.0114,0.0106,0.0092,0.0074,0.007,0.0067,0.0063,0.0058,0.0054,0.0049,0.0049,0.0046,0.0045,0.0044,0.0042
0.3254,0.3241,0.3205,0.3174,0.314,0.3101,0.3064,0.3077,0.3047,0.3003,0.2999,0.2953,0.2896,0.2692,0.2532,0.2484,0.2458,0.2374,0.2318,0.229,0.2209,0.2141,0.2087,0.2043,0.2007,0.1995,0.1983,0.1965,0.1887,0.1764,0.1673,0.1591,0.1523,0.1494,0.1457,0.1419,0.1367,0.1257,0.1131,0.1014,0.0923,0.0855,0.0782,0.0752,0.0681,0.0616,0.0489,0.0383,0.0318,0.023,0.02,0.019,0.0157,0.0128,0.0124,0.0114,0.0101,0.0081,0.0065,0.0057,0.0049,0.0046,0.0045,0.004,0.0037,0.0027,0.002,0.0018,0.0017,0.0017,0.0016,0.0015,0.0015,0.0014,0.0013,0.0012,0.0012,0.0011,0.001,9e-04,8e-04,8e-04,7e-04,7e-04,6e-04,5e-04,4e-04,4e-04,3e-04,3e-04
0.3229,0.3186,0.3134,0.3025,0.2971,0.2948,0.2851,0.271,0.2683,0.2616,0.2574,0.2541,0.249,0.2435,0.2287,0.2066,0.1905,0.182,0.1712,0.1646,0.1592,0.1476,0.1353,0.1252,0.117,0.1041,0.0917,0.0773,0.0641,0.048,0.0392,0.0332,0.0299,0.0268,0.0231,0.0198,0.0179,0.0156,0.0125,0.0106,0.0098,0.0094,0.0088,0.0081,0.0068,0.0061,0.0061,0.0057,0.0056,0.0049,0.0046,0.0039,0.0026,0.0025,0.0024,0.002,0.0011,0.001,8e-04,5e-04,3e-04,2e-04,2e-04,2e-04,1e-04,1e-04,1e-04,1e-04,1e-04,1e-04,1e-04,1e-04,1e-04,1e-04,1e-04,0,0,0,0,0,0,0,0,0,0,1e-04,1e-04,1e-04,1e-04,1e-04
0.2205,0.2213,0.2211,0.2147,0.2151,0.2147,0.2104,0.197,0.1935,0.191,0.1883,0.1843,0.1791,0.1752,0.1694,0.1536,0.1348,0.1242,0.1052,0.0999,0.0872,0.0779,0.07,0.0491,0.0362,0.0253,0.0188,0.0111,0.0099,0.0088,0.0072,0.0061,0.0055,0.0052,0.005,0.0049,0.0048,0.0041,0.0017,9e-04,5e-04,5e-04,4e-04,3e-04,2e-04,2e-04,2e-04,1e-04,1e-04,1e-04,1e-04,1e-04,1e-04,1e-04,1e-04,0,0,0,0,0,0,0,0,0,0,0,1e-04,1e-04,1e-04,1e-04,1e-04,1e-04,1e-04,1e-04,1e-04,1e-04,1e-04,1e-04,1e-04,1e-04,1e-04,1e-04,1e-04,1e-04,1e-04,1e-04,1e-04,1e-04,1e-04,0
0.1697,0.1694,0.169,0.1681,0.1681,0.166,0.1649,0.1578,0.1532,0.1519,0.1508,0.1445,0.1429,0.1408,0.1377,0.1304,0.1213,0.1117,0.1066,0.1028,0.0918,0.0845,0.0772,0.058,0.0559,0.0504,0.0484,0.0454,0.0431,0.0378,0.0342,0.0292,0.0269,0.025,0.0218,0.0192,0.0153,0.0072,0.0053,0.0043,0.0041,0.0035,0.0024,0.0022,0.0021,0.0021,0.0021,0.0021,0.0021,0.0019,0.0016,6e-04,3e-04,2e-04,2e-04,3e-04,3e-04,3e-04,2e-04,2e-04,2e-04,2e-04,3e-04,1e-04,2e-04,2e-04,1e-04,1e-04,1e-04,1e-04,1e-04,1e-04,1e-04,0,0,0,0,0,0,0,0,0,0,0,0,0,0,0,0,0
0.2115,0.2085,0.2079,0.2022,0.2035,0.2028,0.2018,0.1976,0.1895,0.1878,0.1852,0.1789,0.1772,0.1757,0.1743,0.1708,0.1634,0.1554,0.1449,0.1293,0.1236,0.1212,0.115,0.1045,0.0872,0.0829,0.0754,0.0682,0.0631,0.0566,0.046,0.0313,0.0277,0.0248,0.021,0.0192,0.0143,0.0068,0.0043,0.004,0.0038,0.0037,0.0036,0.0034,0.0033,0.003,0.0026,0.0024,0.0023,0.0023,0.0023,0.0021,0.0015,0.0011,0.0011,9e-04,8e-04,4e-04,4e-04,4e-04,4e-04,3e-04,3e-04,2e-04,2e-04,1e-04,1e-04,1e-04,2e-04,1e-04,1e-04,1e-04,1e-04,1e-04,1e-04,1e-04,1e-04,1e-04,1e-04,1e-04,1e-04,1e-04,1e-04,1e-04,1e-04,1e-04,1e-04,1e-04,1e-04,1e-04
0.2136,0.2111,0.2063,0.2024,0.1894,0.1843,0.1829,0.1797,0.1778,0.1779,0.1755,0.158,0.1491,0.1409,0.1364,0.1329,0.1309,0.1184,0.1092,0.0905,0.0848,0.0767,0.0651,0.057,0.0404,0.0309,0.0278,0.0242,0.0188,0.0153,0.0096,0.0066,0.0055,0.0048,0.0048,0.0049,0.0048,0.0047,0.0032,0.0023,0.0021,0.002,0.0017,0.0013,0.0013,0.0011,0.0011,0.001,8e-04,8e-04,7e-04,7e-04,7e-04,7e-04,5e-04,4e-04,3e-04,3e-04,3e-04,3e-04,3e-04,2e-04,2e-04,3e-04,3e-04,3e-04,3e-04,4e-04,3e-04,4e-04,3e-04,2e-04,2e-04,2e-04,2e-04,2e-04,2e-04,2e-04,2e-04,2e-04,2e-04,2e-04,2e-04,2e-04,2e-04,2e-04,2e-04,2e-04,2e-04,2e-04
0.1507,0.1454,0.1386,0.1434,0.1389,0.1312,0.1281,0.1247,0.1233,0.1184,0.1075,0.0958,0.0879,0.0839,0.0754,0.0666,0.0653,0.0616,0.0522,0.0355,0.029,0.0203,0.0155,0.0133,0.0102,0.0064,0.006,0.0053,0.0045,0.0037,0.0028,0.0027,0.0027,0.0026,0.0024,0.0023,0.0022,0.0022,0.0022,0.0016,0.0016,0.0016,8e-04,7e-04,8e-04,9e-04,0.001,9e-04,9e-04,9e-04,9e-04,9e-04,9e-04,8e-04,8e-04,8e-04,0.0012,0.001,0.001,0.001,9e-04,9e-04,9e-04,9e-04,8e-04,7e-04,6e-04,7e-04,8e-04,8e-04,9e-04,9e-04,0.0013,0.001,9e-04,0.001,0.0011,0.0012,0.0013,0.0011,0.0011,0.0011,0.0011,0.0012,0.0011,0.0011,0.0011,0.0011,0.001,0.0011
0.1303,0.1279,0.1276,0.1309,0.1281,0.1241,0.1211,0.1193,0.1188,0.1168,0.1097,0.1052,0.1029,0.0999,0.0881,0.0754,0.0748,0.0733,0.07,0.061,0.0527,0.0533,0.051,0.0466,0.0483,0.0462,0.0457,0.0413,0.039,0.0372,0.0324,0.0257,0.0178,0.0156,0.0134,0.0121,0.0081,0.0064,0.0048,0.0035,0.0031,0.0027,0.0024,0.0028,0.0031,0.0036,0.0026,0.0017,0.0016,0.0019,0.002,0.0023,0.0026,0.0027,0.0024,0.0029,0.0033,0.0043,0.0042,0.0044,0.0042,0.0045,0.0048,0.0047,0.0043,0.004,0.0037,0.0042,0.0043,0.0039,0.0038,0.0038,0.0037,0.003,0.003,0.0026,0.0026,0.0028,0.0028,0.0024,0.0026,0.0022,0.0024,0.0026,0.0024,0.0019,0.0018,0.0016,0.0016,0.0017
0.188,0.1876,0.1855,0.182,0.1808,0.1794,0.1784,0.1776,0.1785,0.1785,0.1759,0.1724,0.1711,0.1697,0.1639,0.1668,0.169,0.1683,0.1669,0.1652,0.1584,0.154,0.1472,0.1438,0.143,0.1363,0.1296,0.125,0.1249,0.1248,0.1209,0.1087,0.1144,0.1166,0.1144,0.1123,0.1073,0.1082,0.1065,0.1017,0.0994,0.0996,0.0973,0.0966,0.0944,0.0936,0.0884,0.0786,0.072,0.0727,0.0759,0.0762,0.0778,0.0778,0.0747,0.0684,0.0674,0.0691,0.0649,0.0638,0.0662,0.065,0.0641,0.0637,0.0616,0.063,0.0649,0.0642,0.0651,0.0638,0.0627,0.0602,0.0574,0.0561,0.0605,0.0575,0.056,0.0596,0.0606,0.0623,0.0623,0.061,0.0604,0.0604,0.059,0.0603,0.0617,0.0606,0.0589,0.0589
0.2722,0.268,0.2589,0.2506,0.2488,0.2499,0.2498,0.2489,0.2486,0.2476,0.2456,0.243,0.2418,0.2405,0.2326,0.2257,0.2252,0.2254,0.2266,0.2263,0.2221,0.2142,0.2126,0.2046,0.202,0.1969,0.1918,0.1975,0.1975,0.1961,0.1938,0.1808,0.1774,0.1721,0.1707,0.1639,0.1546,0.1542,0.1503,0.1495,0.1413,0.1428,0.1419,0.1344,0.13,0.1279,0.1283,0.1272,0.1261,0.1266,0.1252,0.1232,0.1218,0.1219,0.1224,0.1212,0.1143,0.1163,0.1161,0.1128,0.1128,0.1152,0.1135,0.1169,0.1156,0.114,0.1119,0.1109,0.1096,0.1091,0.1014,0.1007,0.1014,0.0999,0.1001,0.1008,0.0932,0.0964,0.0978,0.0968,0.0939,0.096,0.097,0.0924,0.0944,0.096,0.0948,0.0943,0.0917,0.0885
0.3691,0.3602,0.355,0.346,0.3413,0.348,0.3542,0.3519,0.3428,0.3411,0.3407,0.3437,0.3472,0.3483,0.3442,0.3295,0.326,0.3222,0.3212,0.3203,0.3205,0.3088,0.3069,0.3051,0.2982,0.29,0.2862,0.2868,0.2879,0.289,0.2885,0.2856,0.2693,0.2635,0.2596,0.2559,0.2505,0.2482,0.2474,0.2451,0.2376,0.231,0.2276,0.2181,0.2041,0.195,0.1896,0.1854,0.1803,0.1746,0.1739,0.1673,0.1596,0.1535,0.1498,0.1471,0.1418,0.1315,0.1273,0.1209,0.1201,0.1188,0.1172,0.1142,0.1126,0.1094,0.1049,0.1034,0.0962,0.0935,0.0885,0.0876,0.0863,0.0851,0.0826,0.0814,0.0802,0.0793,0.0751,0.0717,0.0673,0.0633,0.0606,0.0542,0.0499,0.0417,0.0374,0.0347,0.0339,0.0336
0.4171,0.4163,0.412,0.4018,0.3964,0.3984,0.4043,0.4119,0.416,0.4214,0.4239,0.4271,0.4287,0.4265,0.4207,0.4122,0.4044,0.4004,0.3934,0.3936,0.396,0.3939,0.3893,0.3874,0.3832,0.381,0.38,0.3772,0.3753,0.3727,0.3688,0.3678,0.36,0.3501,0.3432,0.3415,0.3328,0.3203,0.3129,0.3109,0.3068,0.2952,0.2854,0.2838,0.2741,0.2606,0.2474,0.2422,0.2407,0.2348,0.2252,0.2193,0.2166,0.2113,0.2047,0.1968,0.1906,0.1757,0.1645,0.1472,0.1257,0.1147,0.1135,0.1091,0.1015,0.0977,0.0891,0.0811,0.0721,0.0687,0.0667,0.0622,0.0541,0.0449,0.0379,0.0355,0.0337,0.0327,0.0296,0.0278,0.0257,0.0256,0.0251,0.0243,0.0183,0.0145,0.0137,0.0132,0.0135,0.0138
0.4346,0.4345,0.434,0.4296,0.4212,0.4159,0.4102,0.4065,0.4119,0.4121,0.4132,0.412,0.4089,0.4088,0.4101,0.407,0.3934,0.3889,0.389,0.3881,0.3874,0.3895,0.3862,0.3819,0.3758,0.3729,0.3669,0.3623,0.3552,0.3437,0.3379,0.3368,0.3365,0.3268,0.3205,0.3149,0.3127,0.3053,0.2953,0.2877,0.289,0.2857,0.2775,0.2778,0.2721,0.2653,0.2503,0.2495,0.2517,0.2521,0.2444,0.2375,0.2362,0.2349,0.2305,0.2127,0.207,0.2028,0.1905,0.1873,0.1714,0.1619,0.1581,0.1518,0.1286,0.1155,0.1065,0.097,0.0905,0.0862,0.079,0.0691,0.0542,0.0499,0.0429,0.0408,0.0402,0.0388,0.0382,0.0377,0.0357,0.0352,0.0341,0.0328,0.0168,0.0145,0.012,0.0101,0.0101,0.01
0.4979,0.5024,0.5054,0.5041,0.4924,0.4802,0.4681,0.4667,0.4621,0.4594,0.4541,0.4505,0.4448,0.4451,0.4454,0.4441,0.4304,0.4141,0.411,0.4089,0.4055,0.4009,0.3987,0.3952,0.3915,0.389,0.3843,0.3763,0.3721,0.3672,0.3461,0.3432,0.342,0.3391,0.3332,0.3287,0.3274,0.3279,0.3231,0.3106,0.313,0.3146,0.3118,0.3056,0.3011,0.2924,0.2759,0.2633,0.2623,0.2576,0.2506,0.243,0.2266,0.2114,0.2057,0.1883,0.1716,0.1426,0.1187,0.1126,0.0956,0.066,0.0605,0.0614,0.0547,0.0498,0.046,0.0444,0.0444,0.0442,0.0437,0.0412,0.0403,0.0402,0.0395,0.0394,0.0394,0.0394,0.039,0.0372,0.0372,0.036,0.035,0.0353,0.0193,0.0171,0.0123,0.0102,0.0103,0.0104
0.4863,0.4874,0.4894,0.4891,0.49,0.4802,0.4751,0.4746,0.4696,0.4633,0.4601,0.4592,0.4526,0.4432,0.437,0.4347,0.4272,0.4168,0.4135,0.4108,0.4075,0.4037,0.4039,0.4061,0.4057,0.4083,0.4094,0.4082,0.4061,0.3984,0.3885,0.3812,0.3768,0.3726,0.3687,0.3623,0.3487,0.3486,0.3505,0.3369,0.3244,0.3204,0.3205,0.3184,0.308,0.295,0.2717,0.2582,0.243,0.2296,0.2038,0.1834,0.1596,0.1348,0.1244,0.1185,0.112,0.1032,0.0948,0.0912,0.0854,0.0636,0.0505,0.0485,0.0478,0.0453,0.0447,0.0452,0.0428,0.0427,0.0446,0.0437,0.0436,0.0437,0.0428,0.0427,0.0412,0.0421,0.0406,0.0361,0.0329,0.03,0.0278,0.027,0.018,0.0127,0.012,0.0116,0.0114,0.0115
0.4534,0.4521,0.4483,0.4483,0.4506,0.4469,0.4449,0.4497,0.451,0.4479,0.4521,0.4533,0.4456,0.4303,0.4224,0.4142,0.4067,0.4018,0.3953,0.3949,0.3945,0.3959,0.398,0.3991,0.3964,0.3888,0.3819,0.3783,0.3651,0.3531,0.3357,0.3338,0.3169,0.3128,0.2984,0.2856,0.2731,0.2597,0.2526,0.2412,0.2107,0.1996,0.1947,0.1879,0.1835,0.1771,0.162,0.1457,0.1208,0.1027,0.0833,0.061,0.055,0.0487,0.0457,0.0442,0.0438,0.0433,0.043,0.041,0.04,0.0382,0.0376,0.0353,0.0327,0.029,0.0277,0.0269,0.0255,0.0248,0.0209,0.0187,0.0183,0.0182,0.0185,0.0182,0.017,0.017,0.0169,0.0163,0.0145,0.0112,0.0103,0.009,0.0079,0.0076,0.0074,0.0071,0.0071,0.007
0.4018,0.3956,0.3916,0.3906,0.3892,0.3873,0.3856,0.383,0.3844,0.3823,0.378,0.3674,0.3601,0.3474,0.344,0.3338,0.3256,0.3181,0.3089,0.2993,0.2939,0.286,0.279,0.2741,0.2702,0.261,0.252,0.2477,0.2429,0.2277,0.2146,0.2062,0.2036,0.1952,0.1806,0.1612,0.1373,0.1169,0.106,0.1073,0.1049,0.0992,0.0918,0.0816,0.081,0.0796,0.0698,0.062,0.0586,0.0569,0.0556,0.0543,0.0522,0.0502,0.0483,0.046,0.0445,0.0437,0.0419,0.0428,0.0393,0.0385,0.0373,0.0353,0.0343,0.0325,0.0315,0.031,0.0291,0.0266,0.0248,0.0235,0.0215,0.0205,0.0194,0.02,0.0209,0.0201,0.0183,0.0167,0.0153,0.013,0.0121,0.0119,0.0106,0.0101,0.0099,0.0094,0.0091,0.009
0.3131,0.3114,0.3079,0.3072,0.3068,0.3053,0.3054,0.3033,0.3001,0.3,0.2944,0.2896,0.287,0.2822,0.2779,0.2727,0.2687,0.2636,0.2571,0.2503,0.2508,0.2453,0.2355,0.2269,0.2211,0.2182,0.2099,0.2054,0.2015,0.1901,0.1756,0.1644,0.1625,0.1619,0.1541,0.1453,0.1386,0.1326,0.1246,0.1231,0.1213,0.1179,0.108,0.1011,0.096,0.0911,0.0871,0.0843,0.0797,0.0759,0.0689,0.0622,0.0575,0.0558,0.0524,0.0487,0.046,0.0435,0.0411,0.0384,0.0368,0.0368,0.0363,0.0352,0.034,0.0324,0.0308,0.0288,0.0227,0.0163,0.0113,0.0083,0.0057,0.0033,0.0016,0.0011,0.001,9e-04,9e-04,8e-04,7e-04,6e-04,7e-04,6e-04,5e-04,5e-04,5e-04,4e-04,4e-04,3e-04
0.2829,0.2805,0.2776,0.2778,0.2786,0.2794,0.2743,0.2681,0.2576,0.2534,0.2389,0.2252,0.2102,0.1988,0.1939,0.195,0.1956,0.1931,0.1905,0.1858,0.1849,0.1782,0.1701,0.1548,0.1434,0.1326,0.1247,0.1197,0.1145,0.1056,0.0904,0.0795,0.0698,0.0613,0.0533,0.0481,0.0394,0.0321,0.0291,0.0284,0.0237,0.0215,0.0216,0.0163,0.0139,0.0127,0.0139,0.0138,0.0108,0.0094,0.0071,0.0048,0.004,0.0033,0.0024,0.002,0.0018,0.0016,8e-04,6e-04,5e-04,5e-04,5e-04,5e-04,5e-04,5e-04,5e-04,4e-04,2e-04,1e-04,1e-04,1e-04,0,0,0,0,0,1e-04,1e-04,1e-04,1e-04,1e-04,1e-04,2e-04,3e-04,4e-04,5e-04,5e-04,7e-04,7e-04
0.2,0.1989,0.1959,0.1888,0.185,0.1811,0.1745,0.166,0.1549,0.1457,0.134,0.1251,0.1138,0.1062,0.101,0.0947,0.0909,0.084,0.0808,0.0788,0.0702,0.0621,0.0571,0.0449,0.0396,0.0355,0.0328,0.0297,0.0293,0.0293,0.0288,0.0251,0.024,0.0233,0.0235,0.0236,0.0231,0.0225,0.0223,0.0214,0.0209,0.021,0.0198,0.0172,0.0159,0.0147,0.013,0.0115,0.0113,0.011,0.0102,0.0088,0.0083,0.0077,0.0072,0.007,0.007,0.007,0.0069,0.0073,0.0076,0.008,0.0085,0.0091,0.0094,0.0096,0.0099,0.0103,0.0105,0.0106,0.0107,0.0093,0.0084,0.0088,0.0095,0.0106,0.0115,0.0116,0.0123,0.0126,0.0115,0.0097,0.0086,0.0084,0.0073,0.0056,0.0042,0.0029,0.0023,0.0022
0.151,0.1445,0.14,0.1354,0.1341,0.1356,0.1333,0.1296,0.1322,0.1323,0.1301,0.1289,0.1276,0.1276,0.1278,0.1244,0.1271,0.1262,0.1234,0.1199,0.118,0.1157,0.1133,0.1098,0.1073,0.1048,0.1005,0.097,0.0957,0.0944,0.0915,0.087,0.0831,0.0822,0.081,0.0785,0.0781,0.0774,0.0756,0.0734,0.0722,0.0715,0.0688,0.0639,0.0624,0.0593,0.052,0.0488,0.0488,0.048,0.0481,0.0459,0.0461,0.0448,0.0448,0.0444,0.0433,0.0409,0.036,0.0322,0.0306,0.0286,0.026,0.0239,0.0228,0.022,0.021,0.0198,0.0187,0.0176,0.0166,0.0134,0.0104,0.0093,0.0072,0.0054,0.0037,0.0027,0.002,0.0017,0.0012,9e-04,9e-04,8e-04,8e-04,7e-04,7e-04,6e-04,5e-04,5e-04
0.2244,0.2216,0.2152,0.2092,0.2016,0.199,0.1994,0.1951,0.188,0.1845,0.1805,0.1777,0.1732,0.1701,0.1639,0.1606,0.1575,0.1541,0.1511,0.1483,0.145,0.1407,0.136,0.1345,0.1335,0.133,0.1276,0.1206,0.1175,0.1144,0.1106,0.1076,0.1033,0.0988,0.094,0.0878,0.0794,0.0766,0.0754,0.0734,0.0664,0.054,0.0478,0.0455,0.0425,0.0395,0.0342,0.0326,0.0252,0.0193,0.018,0.0174,0.0132,0.0134,0.012,0.0112,0.0106,0.0102,0.009,0.0073,0.0052,0.0036,0.0024,0.002,0.002,0.0019,0.0018,0.0016,0.0015,0.0016,0.0017,0.0016,6e-04,5e-04,5e-04,4e-04,4e-04,4e-04,3e-04,3e-04,4e-04,4e-04,3e-04,3e-04,3e-04,2e-04,2e-04,1e-04,1e-04,1e-04
0.2061,0.2027,0.1988,0.1974,0.1941,0.1888,0.1851,0.1831,0.1737,0.1698,0.1662,0.1613,0.1572,0.1505,0.1462,0.1415,0.1343,0.1316,0.129,0.1259,0.1218,0.1175,0.1156,0.1141,0.1135,0.1093,0.1085,0.1038,0.0979,0.0924,0.0834,0.078,0.0736,0.069,0.0652,0.061,0.057,0.053,0.0499,0.0468,0.0444,0.0402,0.0358,0.0348,0.0333,0.032,0.0312,0.0292,0.0276,0.0257,0.0256,0.0254,0.0249,0.0239,0.0237,0.0233,0.0228,0.0219,0.0211,0.0201,0.0192,0.0187,0.018,0.0176,0.0174,0.0172,0.017,0.0167,0.0165,0.0163,0.0161,0.0154,0.0147,0.0144,0.0139,0.0135,0.0134,0.0131,0.0131,0.0129,0.012,0.0109,0.0097,0.0093,0.0091,0.0096,0.0094,0.0073,0.0058,0.0069
0.1282,0.1233,0.1189,0.119,0.1168,0.1145,0.1133,0.1121,0.108,0.1036,0.1021,0.0994,0.096,0.0919,0.084,0.0756,0.0704,0.0694,0.0689,0.0685,0.0675,0.0623,0.0583,0.0563,0.05,0.0474,0.0505,0.0494,0.0477,0.0465,0.0476,0.0479,0.0476,0.0468,0.046,0.0458,0.0453,0.0434,0.0417,0.0437,0.0445,0.0423,0.0434,0.0435,0.0439,0.0428,0.0398,0.0391,0.0406,0.0416,0.0417,0.0417,0.0412,0.0417,0.043,0.0431,0.0429,0.042,0.0397,0.0383,0.0389,0.0393,0.0391,0.0384,0.0384,0.0392,0.0397,0.0403,0.0408,0.0409,0.0405,0.0392,0.0384,0.04,0.0425,0.0432,0.045,0.0455,0.0457,0.0457,0.0449,0.0467,0.0476,0.0479,0.0466,0.0458,0.0446,0.0356,0.0265,0.0262
0.4706,0.4703,0.4744,0.4784,0.4819,0.4876,0.4957,0.4992,0.5011,0.5008,0.5005,0.4953,0.4899,0.4862,0.4766,0.4679,0.4625,0.4587,0.4537,0.4516,0.4515,0.444,0.4381,0.4351,0.4269,0.4155,0.4101,0.4008,0.3919,0.3877,0.3902,0.3936,0.3973,0.4027,0.4047,0.4042,0.4035,0.3996,0.3884,0.3808,0.3768,0.3714,0.3659,0.3757,0.3838,0.3867,0.3812,0.3784,0.3823,0.3898,0.3909,0.3939,0.3981,0.4053,0.4099,0.4071,0.4067,0.4044,0.3964,0.389,0.3812,0.3794,0.3733,0.364,0.3644,0.3706,0.3757,0.3808,0.3833,0.3833,0.3816,0.3792,0.377,0.3751,0.3754,0.3751,0.3728,0.3734,0.3728,0.3712,0.3663,0.3634,0.3661,0.3635,0.3583,0.3518,0.3442,0.3398,0.3323,0.3239
0.625,0.6201,0.6125,0.6118,0.6129,0.6126,0.609,0.6108,0.6142,0.6181,0.6199,0.6211,0.6193,0.6153,0.6133,0.61,0.5983,0.5904,0.589,0.584,0.5789,0.5747,0.5668,0.5601,0.5567,0.5441,0.5327,0.5259,0.5183,0.5123,0.5053,0.4994,0.5044,0.5099,0.5124,0.5132,0.5161,0.5191,0.5223,0.5173,0.5117,0.5065,0.4976,0.4878,0.4859,0.4866,0.4924,0.5008,0.5032,0.5002,0.4921,0.4871,0.4837,0.4736,0.4651,0.4598,0.4564,0.4517,0.4476,0.4426,0.4261,0.4196,0.4009,0.3877,0.3863,0.3783,0.3706,0.3609,0.3483,0.3387,0.3357,0.3358,0.3337,0.326,0.3139,0.3035,0.294,0.2803,0.2737,0.2686,0.2651,0.2442,0.2353,0.2274,0.2258,0.2246,0.2239,0.2207,0.223,0.2227
0.7343,0.7277,0.7208,0.7146,0.7063,0.6996,0.6948,0.6908,0.686,0.6878,0.689,0.6887,0.6881,0.6874,0.6861,0.6867,0.6799,0.6715,0.6663,0.6624,0.6562,0.652,0.6515,0.6488,0.6583,0.6602,0.6565,0.6509,0.6437,0.6315,0.6128,0.6046,0.6093,0.6027,0.5963,0.5951,0.5903,0.5817,0.5741,0.5718,0.5676,0.561,0.5464,0.5289,0.5112,0.5035,0.501,0.5057,0.5024,0.4895,0.4753,0.4699,0.4494,0.4369,0.423,0.4194,0.418,0.409,0.4043,0.4055,0.3862,0.3194,0.3167,0.3037,0.2941,0.2835,0.2676,0.2297,0.1953,0.1737,0.1639,0.1576,0.1368,0.1212,0.0937,0.0623,0.0353,0.0304,0.0291,0.0282,0.0277,0.0267,0.0256,0.0235,0.0231,0.0237,0.0241,0.0238,0.0236,0.0238
0.7388,0.7343,0.7229,0.7169,0.7125,0.7029,0.7008,0.7004,0.6956,0.6905,0.6805,0.6715,0.6589,0.654,0.6532,0.651,0.6471,0.6391,0.6326,0.6267,0.6247,0.6229,0.6228,0.6212,0.6197,0.6235,0.6182,0.6172,0.6221,0.6229,0.6118,0.59,0.5743,0.5673,0.5615,0.5549,0.5461,0.5402,0.5329,0.5205,0.5146,0.518,0.5215,0.5133,0.5032,0.4987,0.4932,0.4923,0.4736,0.4435,0.4243,0.4083,0.3739,0.3197,0.3037,0.2967,0.2906,0.2785,0.2653,0.2632,0.2569,0.2304,0.2066,0.1922,0.1821,0.165,0.1431,0.1171,0.1021,0.0928,0.0811,0.0678,0.0508,0.034,0.0261,0.0155,0.0115,0.0108,0.0104,0.0101,0.0094,0.0092,0.0091,0.0089,0.0091,0.0094,0.0094,0.0093,0.0096,0.0096
0.6564,0.6572,0.6461,0.6444,0.6469,0.6461,0.6345,0.6269,0.6282,0.626,0.6187,0.6202,0.6247,0.6266,0.6294,0.631,0.6309,0.6333,0.6249,0.6086,0.5975,0.5968,0.5927,0.5883,0.5832,0.5828,0.5749,0.5722,0.5746,0.5703,0.5705,0.5329,0.514,0.5124,0.5018,0.4742,0.4658,0.4614,0.4511,0.4286,0.4137,0.4144,0.4191,0.413,0.4003,0.3939,0.384,0.3705,0.3563,0.3321,0.3031,0.2842,0.2306,0.1962,0.1957,0.1884,0.1764,0.1705,0.1629,0.1385,0.1105,0.0902,0.0672,0.0486,0.0378,0.03,0.0233,0.0164,0.0123,0.0113,0.009,0.0083,0.0081,0.0079,0.0079,0.0071,0.0058,0.0056,0.0054,0.0052,0.005,0.005,0.005,0.0052,0.005,0.005,0.0049,0.0048,0.0049,0.0051
0.6163,0.6189,0.616,0.602,0.596,0.5949,0.5816,0.5673,0.5681,0.5626,0.5504,0.5476,0.5384,0.5344,0.5361,0.5346,0.5334,0.5338,0.5318,0.5291,0.52,0.5169,0.5162,0.5151,0.5124,0.5056,0.493,0.4816,0.4809,0.4711,0.4615,0.4422,0.3961,0.3769,0.3587,0.3504,0.3455,0.3436,0.3369,0.3214,0.2632,0.2509,0.2467,0.2461,0.2257,0.1953,0.1852,0.1397,0.1156,0.1137,0.103,0.0866,0.069,0.0387,0.0278,0.0266,0.0216,0.0177,0.0171,0.0137,0.0115,0.0112,0.0111,0.0106,0.0094,0.008,0.0068,0.0062,0.006,0.0058,0.0056,0.0055,0.005,0.0047,0.0046,0.0042,0.0039,0.0038,0.0036,0.0035,0.0034,0.0034,0.0033,0.0033,0.0033,0.0033,0.0032,0.0031,0.0031,0.003
