0.7204,0.7227,0.7244,0.7054,0.6954,0.6918,0.6891,0.6665,0.6553,0.6504,0.636,0.6338,0.636,0.6384,0.6395,0.6334,0.6269,0.6276,0.629,0.6237,0.618,0.6197,0.5901,0.5804,0.5389,0.5186,0.5077,0.5051,0.5024,0.4966,0.4935,0.4891,0.4886,0.4695,0.4507,0.4477,0.4419,0.4419,0.4394,0.4291,0.4111,0.3719,0.3328,0.2847,0.2752,0.2739,0.2677,0.2557,0.2493,0.2431,0.2328,0.2085,0.1943,0.1838,0.1714,0.1412,0.1299,0.1104,0.0989,0.0918,0.0677,0.0524,0.019,0.017,0.0159,0.0169,0.0167,0.0177,0.0196,0.0195,0.0196,0.024,0.0202,0.0158,0.0116,0.0093,0.0063,0.0049,0.0047,0.0047,0.0044,0.0041,0.0041,0.004,0.0038,0.0038,0.0034,0.0031,0.0031,0.0031
0.6517,0.6536,0.6515,0.6527,0.6402,0.6392,0.6468,0.6412,0.6402,0.6421,0.6328,0.6309,0.6305,0.6252,0.6198,0.6168,0.5858,0.5628,0.5607,0.556,0.5445,0.5443,0.5415,0.5345,0.5036,0.4909,0.4689,0.4606,0.4627,0.4492,0.4466,0.4426,0.4379,0.4347,0.3892,0.3727,0.3258,0.3234,0.3235,0.3214,0.3024,0.2941,0.2716,0.2216,0.1947,0.1866,0.1806,0.1668,0.1386,0.1202,0.104,0.0832,0.0767,0.0627,0.0503,0.0366,0.0261,0.0144,0.0115,0.0112,0.0102,0.0098,0.0098,0.0099,0.0095,0.011,0.0127,0.0114,0.0085,0.0055,0.0046,0.0041,0.0032,0.0022,0.0021,0.0023,0.0023,0.0021,0.0017,0.0017,0.0019,0.002,0.0021,0.0022,0.0025,0.0028,0.0031,0.0031,0.0033,0.0032
0.5283,0.5247,0.513,0.4958,0.4923,0.4926,0.4909,0.4915,0.4849,0.4858,0.489,0.4849,0.4827,0.4865,0.479,0.4778,0.466,0.4432,0.4246,0.4207,0.397,0.388,0.3863,0.3774,0.3635,0.3192,0.3203,0.318,0.3179,0.3134,0.3089,0.3066,0.2983,0.2929,0.2788,0.2667,0.242,0.2355,0.2311,0.227,0.2126,0.1936,0.1757,0.1627,0.1408,0.1252,0.1185,0.1041,0.0908,0.0778,0.0523,0.0459,0.0419,0.0368,0.0293,0.0222,0.0169,0.0133,0.013,0.0134,0.0136,0.013,0.0135,0.013,0.0118,0.0119,0.0133,0.0134,0.014,0.0133,0.0132,0.0131,0.0138,0.0128,0.0103,0.0086,0.0087,0.0093,0.009,0.0095,0.0085,0.007,0.0062,0.0048,0.0036,0.003,0.0024,0.002,0.0017,0.0015
0.4513,0.4486,0.4363,0.4222,0.4198,0.4187,0.4146,0.4106,0.405,0.4008,0.4033,0.4043,0.3849,0.3759,0.3708,0.3711,0.3728,0.359,0.3432,0.3381,0.3341,0.3289,0.3304,0.3322,0.3328,0.3266,0.3235,0.3235,0.3216,0.3179,0.3128,0.3066,0.2997,0.2918,0.282,0.2679,0.252,0.2275,0.2147,0.2079,0.2041,0.2005,0.1951,0.1852,0.1686,0.1534,0.1431,0.1218,0.1021,0.0881,0.0733,0.0677,0.0651,0.0567,0.0446,0.0366,0.0341,0.033,0.0316,0.0318,0.0306,0.0289,0.0285,0.025,0.022,0.0198,0.0211,0.021,0.0232,0.021,0.0192,0.0164,0.0146,0.0145,0.0131,0.0111,0.01,0.0089,0.0073,0.0059,0.0037,0.0021,0.0015,0.0011,0.001,0.001,0.001,0.0011,0.0012,0.0014
0.3975,0.3995,0.4003,0.3991,0.3946,0.3942,0.3899,0.3867,0.3826,0.3679,0.3602,0.3571,0.3391,0.31,0.301,0.3022,0.3025,0.2933,0.2814,0.2719,0.2636,0.2569,0.2573,0.2502,0.2439,0.2341,0.2127,0.2138,0.2122,0.2047,0.1971,0.1787,0.1605,0.1483,0.143,0.1323,0.1231,0.1033,0.0914,0.0809,0.0726,0.0633,0.0464,0.0374,0.0328,0.0237,0.0199,0.0168,0.012,0.009,0.0088,0.0093,0.0099,0.0099,0.009,0.0084,0.009,0.0101,0.0116,0.013,0.014,0.0145,0.014,0.0141,0.0104,0.0097,0.0094,0.009,0.0086,0.0082,0.0066,0.0053,0.005,0.0046,0.0037,0.0019,0.0018,0.0017,0.0017,0.0017,0.0017,0.0017,0.0017,0.0017,0.0017,0.0017,0.0016,0.0016,0.0016,0.0015
0.3601,0.3634,0.3633,0.363,0.3623,0.3608,0.3573,0.3479,0.3439,0.3446,0.3369,0.3119,0.3001,0.2886,0.2845,0.2841,0.2797,0.2687,0.2615,0.257,0.2424,0.2406,0.2373,0.2306,0.2253,0.2186,0.2121,0.2089,0.2068,0.2029,0.1965,0.1934,0.1881,0.1789,0.1736,0.1682,0.1612,0.1516,0.1434,0.1267,0.1094,0.0932,0.085,0.072,0.0651,0.0516,0.0519,0.04,0.0381,0.0373,0.0363,0.0324,0.0278,0.0227,0.0201,0.0188,0.0167,0.016,0.0123,0.0112,0.0107,0.0106,0.0099,0.0084,0.007,0.0059,0.0055,0.0051,0.0052,0.0047,0.004,0.0033,0.0023,0.0015,0.001,9e-04,9e-04,9e-04,8e-04,9e-04,8e-04,8e-04,8e-04,8e-04,7e-04,6e-04,6e-04,4e-04,3e-04,3e-04
0.325,0.3233,0.319,0.3156,0.315,0.3135,0.3119,0.3114,0.3004,0.2978,0.2912,0.29,0.2792,0.2709,0.2705,0.269,0.2667,0.2585,0.2571,0.2536,0.2396,0.2253,0.2182,0.2168,0.2158,0.2105,0.2077,0.2035,0.198,0.1921,0.1859,0.181,0.1806,0.1741,0.17,0.1648,0.1588,0.1455,0.1216,0.0619,0.0346,0.018,0.0166,0.016,0.0152,0.0135,0.0123,0.0099,0.0081,0.0068,0.0061,0.0045,0.0039,0.0033,0.0029,0.0026,0.0024,0.0023,0.0021,0.002,0.0018,0.0017,0.0016,0.0015,0.0014,0.0012,0.0011,0.0011,0.001,0.001,8e-04,7e-04,5e-04,2e-04,2e-04,2e-04,2e-04,2e-04,2e-04,2e-04,2e-04,1e-04,1e-04,1e-04,1e-04,1e-04,1e-04,1e-04,1e-04,1e-04
0.3235,0.3177,0.314,0.2992,0.2984,0.297,0.2937,0.2915,0.2843,0.2786,0.2641,0.2585,0.2557,0.2519,0.2507,0.2458,0.237,0.2291,0.2284,0.2251,0.2194,0.2024,0.1832,0.1751,0.1696,0.1582,0.147,0.1373,0.1215,0.1051,0.0938,0.0824,0.0677,0.057,0.0471,0.0374,0.0252,0.0225,0.0196,0.0159,0.0128,0.0115,0.0114,0.0114,0.0109,0.0104,0.01,0.0085,0.0073,0.0063,0.0061,0.0054,0.005,0.0046,0.004,0.004,0.0036,0.0034,0.0035,0.0029,0.0027,0.0019,0.0017,0.0015,0.0013,0.0012,7e-04,6e-04,5e-04,4e-04,4e-04,3e-04,3e-04,3e-04,2e-04,2e-04,2e-04,2e-04,2e-04,2e-04,2e-04,1e-04,1e-04,0,0,0,0,0,0,0
0.2205,0.2212,0.221,0.2143,0.2132,0.2115,0.2093,0.2059,0.2064,0.2036,0.1902,0.1835,0.1808,0.1787,0.1751,0.1705,0.1643,0.147,0.1415,0.1269,0.1149,0.1073,0.085,0.0689,0.0609,0.051,0.0375,0.0318,0.0211,0.0126,0.012,0.0105,0.0092,0.0083,0.0078,0.007,0.0069,0.0069,0.0066,0.0061,0.0028,0.0022,0.0021,0.0021,0.0019,0.0016,0.0015,0.0012,0.0011,0.001,7e-04,7e-04,5e-04,4e-04,4e-04,4e-04,3e-04,3e-04,3e-04,2e-04,2e-04,1e-04,1e-04,0,0,0,0,0,0,0,0,0,0,0,0,0,0,0,0,0,0,0,0,0,0,0,0,0,0,0
0.1699,0.1693,0.1685,0.1658,0.1634,0.1612,0.1579,0.1558,0.1549,0.1527,0.146,0.1429,0.1418,0.142,0.1388,0.1364,0.1315,0.1222,0.1183,0.1113,0.104,0.0969,0.0906,0.0769,0.0705,0.0666,0.0499,0.0413,0.0347,0.0241,0.0202,0.0163,0.0126,0.0127,0.0127,0.0114,0.0094,0.0067,0.0064,0.0063,0.0059,0.0056,0.0049,0.0035,0.0026,7e-04,6e-04,5e-04,4e-04,4e-04,4e-04,3e-04,3e-04,2e-04,3e-04,3e-04,3e-04,3e-04,1e-04,0,0,0,0,0,0,0,0,0,0,0,0,0,0,0,0,0,0,0,0,0,0,0,0,0,0,0,0,0,0,0
0.2116,0.2081,0.2073,0.2011,0.1977,0.193,0.192,0.1882,0.1847,0.1845,0.1824,0.1723,0.1649,0.163,0.16,0.1543,0.1492,0.1423,0.1349,0.1259,0.1183,0.1109,0.1039,0.0922,0.0796,0.0735,0.0609,0.052,0.0466,0.0367,0.0292,0.0237,0.0173,0.0121,0.0106,0.0073,0.0059,0.0053,0.0045,0.0045,0.0044,0.0043,0.0042,0.004,0.0032,0.0018,0.0017,0.0016,0.0016,0.0016,0.0014,0.0013,0.0011,0.0011,0.0011,0.0011,0.0011,8e-04,2e-04,1e-04,1e-04,0,0,0,0,0,0,0,0,0,0,0,0,0,0,0,0,1e-04,1e-04,1e-04,1e-04,1e-04,1e-04,1e-04,1e-04,1e-04,2e-04,2e-04,2e-04,2e-04
0.2132,0.2101,0.2052,0.2019,0.1933,0.1934,0.1912,0.1906,0.1859,0.1811,0.1801,0.1782,0.1546,0.1435,0.141,0.1381,0.132,0.1189,0.1115,0.1032,0.099,0.0885,0.0736,0.0675,0.0451,0.0323,0.0276,0.0216,0.0132,0.0072,0.007,0.0059,0.0056,0.0034,0.0027,0.0026,0.0024,0.0023,0.002,0.0019,0.0019,0.0017,0.0014,0.0011,8e-04,6e-04,6e-04,5e-04,5e-04,4e-04,4e-04,3e-04,3e-04,4e-04,4e-04,3e-04,4e-04,4e-04,3e-04,3e-04,2e-04,2e-04,2e-04,2e-04,2e-04,2e-04,3e-04,2e-04,3e-04,3e-04,3e-04,4e-04,4e-04,4e-04,4e-04,4e-04,4e-04,4e-04,5e-04,5e-04,5e-04,5e-04,5e-04,5e-04,6e-04,6e-04,6e-04,6e-04,6e-04,6e-04
0.1506,0.1461,0.1386,0.1441,0.1436,0.1395,0.1356,0.1321,0.1288,0.1167,0.1078,0.1058,0.0985,0.0861,0.0764,0.0703,0.065,0.0606,0.0561,0.0506,0.0437,0.0398,0.0278,0.0253,0.0173,0.0119,0.0094,0.0083,0.0067,0.0031,0.0031,0.003,0.003,0.0028,0.0019,0.0018,0.0018,0.0017,0.0017,0.0017,0.0017,0.0015,0.0013,0.0016,0.002,0.0019,0.002,0.0021,0.002,0.0023,0.0019,0.0019,0.0015,0.0015,0.0016,0.0017,0.0017,0.0024,0.0027,0.0021,0.0019,0.002,0.0019,0.0018,0.0018,0.0021,0.0024,0.0022,0.0024,0.0027,0.0028,0.0027,0.0027,0.0026,0.0026,0.0024,0.0024,0.0024,0.0024,0.0025,0.0025,0.0025,0.0023,0.0023,0.0024,0.0024,0.0024,0.0025,0.0024,0.0025
0.1301,0.1274,0.1284,0.1323,0.1299,0.1282,0.1272,0.1251,0.1227,0.1155,0.1125,0.1101,0.1044,0.0948,0.0814,0.0761,0.084,0.0898,0.0911,0.0917,0.0918,0.0882,0.0739,0.0737,0.0737,0.0669,0.062,0.0621,0.0613,0.0604,0.0605,0.0607,0.0604,0.057,0.0536,0.0585,0.0606,0.0589,0.0569,0.0538,0.0535,0.0513,0.0574,0.0562,0.0547,0.0518,0.0476,0.0448,0.043,0.0408,0.0366,0.0356,0.0331,0.0312,0.0316,0.0297,0.0252,0.0257,0.0258,0.0213,0.0146,0.0123,0.0095,0.0074,0.0061,0.0054,0.0048,0.0045,0.004,0.0042,0.0038,0.0038,0.0035,0.0031,0.0034,0.0036,0.0036,0.0037,0.0035,0.0037,0.0033,0.0032,0.0032,0.0032,0.0034,0.0037,0.0038,0.0047,0.0053,0.0055
0.188,0.1871,0.1845,0.1817,0.1791,0.1787,0.1789,0.1781,0.1757,0.1748,0.1713,0.1699,0.1687,0.1668,0.1616,0.1567,0.1556,0.1556,0.1517,0.1486,0.1443,0.1462,0.1475,0.1469,0.1454,0.1421,0.1383,0.1373,0.136,0.1319,0.1307,0.1284,0.1249,0.1231,0.1165,0.1136,0.1093,0.1056,0.104,0.1001,0.0968,0.0951,0.0934,0.0925,0.0904,0.0899,0.0894,0.0877,0.0875,0.0877,0.0856,0.0838,0.0824,0.0822,0.0816,0.0805,0.0751,0.0718,0.0696,0.0685,0.0678,0.0674,0.0687,0.068,0.0674,0.0661,0.0652,0.067,0.0668,0.0641,0.0638,0.0669,0.0693,0.0715,0.0719,0.071,0.0697,0.0695,0.0696,0.0694,0.0695,0.0692,0.0677,0.0668,0.0672,0.0663,0.0656,0.0645,0.065,0.0642
0.2721,0.2661,0.2578,0.2493,0.2463,0.2479,0.2471,0.2463,0.2469,0.2463,0.2447,0.2455,0.2423,0.2428,0.2405,0.223,0.2231,0.2176,0.2148,0.2119,0.2021,0.2058,0.2098,0.2092,0.2045,0.1963,0.1919,0.1908,0.1902,0.188,0.1816,0.1802,0.1733,0.1747,0.1721,0.1664,0.1673,0.166,0.1616,0.1631,0.1568,0.1533,0.1495,0.1472,0.1447,0.1439,0.1456,0.1459,0.146,0.1465,0.1458,0.1474,0.1444,0.1422,0.1431,0.144,0.1433,0.1411,0.1361,0.1338,0.1317,0.1312,0.127,0.1257,0.1239,0.1198,0.1117,0.1134,0.1155,0.1098,0.1056,0.1037,0.1024,0.1012,0.1012,0.1001,0.0958,0.0939,0.091,0.0894,0.0875,0.0851,0.0828,0.0861,0.084,0.0825,0.0804,0.0782,0.075,0.0696
0.37,0.3614,0.3558,0.3465,0.3453,0.3488,0.3488,0.3446,0.3417,0.3421,0.3445,0.3418,0.3356,0.3355,0.336,0.3313,0.3161,0.3109,0.3078,0.3015,0.2971,0.2858,0.2855,0.2863,0.2805,0.2726,0.2727,0.278,0.2821,0.2819,0.2804,0.2811,0.2763,0.2646,0.2616,0.2556,0.2532,0.2506,0.2437,0.235,0.2337,0.2251,0.2181,0.212,0.2081,0.2006,0.1975,0.1974,0.1934,0.1846,0.1768,0.1784,0.1728,0.1659,0.1618,0.159,0.1605,0.1606,0.1563,0.1495,0.1444,0.1392,0.1338,0.1284,0.1241,0.1227,0.1211,0.1183,0.1144,0.1143,0.1106,0.1042,0.0954,0.0923,0.0896,0.0805,0.073,0.0672,0.0591,0.0484,0.0432,0.0399,0.0358,0.0338,0.0315,0.0302,0.0299,0.0298,0.0294,0.028
0.4167,0.4164,0.4135,0.4082,0.4037,0.4036,0.4076,0.407,0.4036,0.3983,0.395,0.3895,0.3844,0.3804,0.3822,0.3844,0.3767,0.3685,0.3651,0.3635,0.3597,0.3525,0.3487,0.3491,0.3501,0.3501,0.3474,0.343,0.3381,0.335,0.3265,0.3194,0.3185,0.3091,0.303,0.2967,0.2891,0.2857,0.2815,0.2666,0.2594,0.2519,0.2463,0.2401,0.239,0.2255,0.218,0.2063,0.1972,0.1953,0.189,0.1871,0.1832,0.1767,0.1696,0.1646,0.1572,0.1507,0.1456,0.1422,0.1427,0.1416,0.1387,0.1313,0.1272,0.1155,0.1107,0.1077,0.0977,0.0936,0.0895,0.0848,0.0801,0.0704,0.0576,0.0424,0.0383,0.0354,0.0321,0.0274,0.0271,0.023,0.0194,0.0142,0.0104,0.0105,0.0107,0.0109,0.0107,0.0105
0.4341,0.4331,0.4328,0.432,0.4243,0.4223,0.4253,0.4302,0.4305,0.4291,0.422,0.4151,0.4138,0.4129,0.411,0.4127,0.4141,0.4126,0.4054,0.394,0.3893,0.3819,0.372,0.3672,0.3622,0.3565,0.3437,0.3349,0.3312,0.3286,0.323,0.3137,0.3117,0.304,0.298,0.2995,0.2983,0.2964,0.294,0.283,0.2752,0.2706,0.2667,0.2576,0.2517,0.2459,0.2416,0.2309,0.2247,0.2193,0.2116,0.2106,0.2091,0.2029,0.1979,0.195,0.1942,0.1927,0.1868,0.1805,0.1778,0.1772,0.174,0.1678,0.153,0.1492,0.1472,0.1455,0.1393,0.129,0.1222,0.1127,0.1086,0.0986,0.085,0.0819,0.0745,0.0676,0.062,0.0589,0.0561,0.0539,0.0499,0.0365,0.0203,0.0196,0.0194,0.0194,0.0196,0.0197
0.4981,0.5026,0.5052,0.5043,0.4953,0.4829,0.4731,0.4762,0.4817,0.4857,0.4864,0.4812,0.4782,0.4818,0.4791,0.4792,0.4837,0.4817,0.4792,0.4802,0.4679,0.4593,0.4504,0.4389,0.4291,0.4148,0.4003,0.3873,0.3763,0.3695,0.3626,0.3513,0.3477,0.3482,0.3395,0.3395,0.3394,0.3392,0.3362,0.3336,0.3194,0.31,0.3077,0.2992,0.2941,0.2934,0.2817,0.2626,0.2498,0.2363,0.2258,0.2167,0.2062,0.2013,0.1962,0.1911,0.1876,0.1852,0.1835,0.1677,0.1527,0.1467,0.1403,0.136,0.1158,0.1099,0.1067,0.1039,0.1034,0.1004,0.0909,0.0872,0.0855,0.0839,0.0731,0.0647,0.0621,0.0551,0.0457,0.0443,0.0439,0.0431,0.0431,0.0274,0.013,0.0105,0.0099,0.0099,0.01,0.01
0.4873,0.4894,0.4914,0.492,0.4946,0.4822,0.4715,0.4714,0.4732,0.4764,0.4789,0.4776,0.4691,0.4611,0.4606,0.4604,0.4595,0.4569,0.4467,0.4447,0.447,0.4363,0.4297,0.4007,0.3964,0.3871,0.3811,0.367,0.3612,0.3572,0.3548,0.3467,0.3416,0.3355,0.3314,0.3328,0.3322,0.3301,0.3278,0.3217,0.3184,0.3093,0.2979,0.2959,0.2917,0.2712,0.2464,0.2322,0.2204,0.2046,0.1844,0.1528,0.1338,0.1261,0.124,0.1152,0.1063,0.1009,0.093,0.0604,0.0492,0.0467,0.0466,0.0471,0.0446,0.0396,0.035,0.0347,0.0293,0.0261,0.0195,0.0192,0.0193,0.019,0.0186,0.0174,0.0143,0.0124,0.0092,0.0082,0.0075,0.0066,0.0065,0.0061,0.0043,0.0032,0.0032,0.0033,0.0032,0.0031
0.454,0.452,0.4477,0.447,0.4489,0.4461,0.4392,0.4405,0.4405,0.4424,0.4443,0.4425,0.4357,0.4107,0.4053,0.407,0.4044,0.398,0.3967,0.393,0.3933,0.3996,0.3973,0.3663,0.344,0.3275,0.3116,0.3061,0.2879,0.2885,0.2936,0.2907,0.2855,0.2768,0.2734,0.2717,0.2705,0.2688,0.2657,0.2526,0.2306,0.2234,0.2112,0.2041,0.1928,0.1744,0.1509,0.1348,0.1236,0.1087,0.0968,0.0869,0.0688,0.0613,0.0516,0.0455,0.0433,0.0393,0.0367,0.0316,0.03,0.0287,0.0276,0.0254,0.0252,0.0244,0.0203,0.0183,0.0118,0.0081,0.0069,0.0066,0.0066,0.0064,0.0063,0.0065,0.0065,0.005,0.0025,0.0018,0.0017,0.0016,0.0016,0.0016,0.0015,0.0013,0.0011,0.001,8e-04,7e-04
0.4008,0.3949,0.393,0.3917,0.3908,0.3966,0.3923,0.3859,0.3873,0.3876,0.3868,0.3838,0.3724,0.3609,0.3434,0.3359,0.3276,0.3193,0.3191,0.3165,0.3108,0.3082,0.3073,0.2977,0.2839,0.2738,0.2593,0.247,0.2305,0.218,0.2114,0.2064,0.1992,0.1948,0.1905,0.1866,0.1805,0.1663,0.1505,0.1373,0.1079,0.0839,0.0756,0.0662,0.0564,0.0541,0.0503,0.0427,0.0394,0.0364,0.0325,0.0306,0.0289,0.0285,0.0283,0.0285,0.0286,0.0286,0.0286,0.0288,0.0291,0.0291,0.029,0.0295,0.029,0.0267,0.0237,0.0234,0.0227,0.0191,0.018,0.0183,0.0175,0.0183,0.0173,0.0164,0.0154,0.0146,0.0069,0.0053,0.0046,0.0036,0.0034,0.0031,0.0026,0.0022,9e-04,8e-04,8e-04,8e-04
0.3127,0.3103,0.3076,0.3064,0.3052,0.3099,0.3106,0.3051,0.3,0.2964,0.2937,0.2927,0.2899,0.2845,0.2792,0.2734,0.2707,0.2676,0.2648,0.262,0.2512,0.241,0.2354,0.2306,0.2265,0.2186,0.2119,0.2032,0.195,0.1853,0.1739,0.1686,0.1645,0.1656,0.1653,0.1629,0.1579,0.1492,0.1388,0.1361,0.13,0.1227,0.1204,0.115,0.1079,0.1016,0.0961,0.0897,0.0812,0.0771,0.0727,0.0695,0.064,0.0595,0.0539,0.0483,0.0449,0.041,0.0379,0.0351,0.0302,0.0266,0.0222,0.0193,0.0181,0.0169,0.0145,0.0121,0.0102,0.0093,0.0084,0.0067,0.0041,0.0038,0.0038,0.0033,0.0031,0.003,0.0028,0.0026,0.0021,8e-04,8e-04,7e-04,5e-04,5e-04,2e-04,1e-04,1e-04,1e-04
0.2831,0.2813,0.2786,0.2765,0.276,0.2713,0.271,0.2703,0.2645,0.2558,0.2501,0.2479,0.2408,0.2333,0.2309,0.2226,0.2082,0.1969,0.192,0.1879,0.1784,0.1673,0.164,0.162,0.1562,0.1459,0.1349,0.1267,0.117,0.1093,0.1068,0.109,0.1134,0.1093,0.0981,0.0909,0.0877,0.0776,0.0651,0.058,0.0553,0.0491,0.0441,0.0409,0.0364,0.03,0.0258,0.0226,0.0167,0.015,0.014,0.0124,0.009,0.0054,0.0033,0.0017,7e-04,2e-04,1e-04,0,0,0,0,0,0,0,0,0,0,1e-04,1e-04,1e-04,1e-04,2e-04,2e-04,3e-04,3e-04,3e-04,4e-04,4e-04,4e-04,4e-04,4e-04,4e-04,4e-04,4e-04,4e-04,5e-04,7e-04,9e-04
0.2005,0.1999,0.1976,0.1913,0.1764,0.163,0.1544,0.1492,0.1457,0.1409,0.1357,0.1295,0.1243,0.1169,0.1121,0.1034,0.096,0.0895,0.0842,0.0797,0.0743,0.0664,0.0583,0.0494,0.042,0.0359,0.0324,0.0304,0.0282,0.0267,0.0251,0.0252,0.0255,0.024,0.0229,0.0234,0.0238,0.0239,0.0235,0.0217,0.0216,0.0212,0.0209,0.0209,0.0206,0.0202,0.0196,0.0183,0.0165,0.0168,0.017,0.0161,0.0147,0.0142,0.0136,0.0135,0.0135,0.0138,0.0138,0.0139,0.0134,0.0129,0.013,0.0124,0.0124,0.0125,0.0127,0.0124,0.012,0.0108,0.0102,0.0102,0.0099,0.0099,0.0098,0.0084,0.0063,0.006,0.006,0.0059,0.0057,0.0059,0.0061,0.0058,0.0054,0.0051,0.0052,0.0051,0.0049,0.0043
0.1507,0.1446,0.1403,0.1349,0.1282,0.1279,0.1279,0.1263,0.1276,0.1285,0.1283,0.1281,0.1274,0.1252,0.1236,0.1226,0.1221,0.1196,0.1166,0.1142,0.1128,0.1126,0.1107,0.1091,0.1071,0.1051,0.1015,0.097,0.0934,0.0825,0.0769,0.0773,0.0766,0.0754,0.0751,0.074,0.0715,0.0698,0.0653,0.0607,0.0579,0.0554,0.0542,0.0526,0.0493,0.0463,0.044,0.0418,0.038,0.0343,0.0302,0.0265,0.0238,0.0201,0.0171,0.0151,0.0127,0.0111,0.0093,0.0072,0.0052,0.0042,0.0036,0.0031,0.0025,0.0022,0.002,0.0016,0.0011,7e-04,6e-04,5e-04,4e-04,4e-04,3e-04,3e-04,1e-04,0,0,0,0,0,0,0,0,0,0,0,0,0
0.2242,0.2222,0.2155,0.2114,0.2016,0.1945,0.1941,0.1896,0.1835,0.1801,0.1802,0.1781,0.1755,0.1716,0.1671,0.1628,0.1579,0.1508,0.1463,0.144,0.1398,0.1326,0.1238,0.1158,0.11,0.1019,0.095,0.0894,0.0805,0.0686,0.0553,0.0467,0.0408,0.0361,0.0279,0.0226,0.0202,0.0198,0.0191,0.0178,0.0172,0.0164,0.0162,0.016,0.0154,0.0149,0.0128,0.0119,0.0058,0.0032,0.0011,4e-04,2e-04,1e-04,1e-04,2e-04,2e-04,1e-04,1e-04,1e-04,1e-04,1e-04,1e-04,1e-04,1e-04,0,0,0,1e-04,1e-04,1e-04,1e-04,1e-04,1e-04,1e-04,1e-04,1e-04,1e-04,1e-04,1e-04,1e-04,1e-04,1e-04,1e-04,1e-04,1e-04,1e-04,1e-04,1e-04,1e-04
0.2062,0.2036,0.1993,0.1987,0.1976,0.1926,0.1888,0.1867,0.1806,0.1751,0.1716,0.1686,0.1663,0.1639,0.1553,0.1451,0.1371,0.1336,0.1319,0.1272,0.1202,0.1143,0.1076,0.1036,0.0989,0.0917,0.087,0.0834,0.0767,0.0709,0.0664,0.0627,0.0555,0.0504,0.0408,0.035,0.0306,0.0303,0.0298,0.029,0.0279,0.0262,0.0255,0.0244,0.0236,0.0233,0.0226,0.0205,0.0177,0.0172,0.0148,0.0136,0.0122,0.0118,0.0116,0.0114,0.0108,0.0104,0.0103,0.0103,0.0099,0.0092,0.009,0.0088,0.008,0.0071,0.0064,0.0064,0.0056,0.0054,0.0052,0.0049,0.005,0.0044,0.0041,0.0038,0.0034,0.003,0.0034,0.0037,0.0035,0.0037,0.0039,0.004,0.0043,0.0044,0.0041,0.0037,0.0035,0.0033
0.128,0.1234,0.1184,0.1204,0.1186,0.1175,0.1132,0.1112,0.1012,0.0926,0.0867,0.0863,0.0854,0.0844,0.0806,0.0742,0.0723,0.0713,0.0725,0.0733,0.0725,0.0721,0.0722,0.0729,0.0725,0.0721,0.0704,0.0689,0.0681,0.0674,0.0655,0.0627,0.0597,0.0554,0.0584,0.0634,0.0647,0.0653,0.0664,0.0674,0.0674,0.0674,0.0673,0.0669,0.0667,0.0665,0.0664,0.0656,0.0653,0.0651,0.0644,0.0643,0.0642,0.0639,0.0638,0.0636,0.0629,0.0626,0.0625,0.0621,0.0612,0.0601,0.0594,0.0584,0.0585,0.0591,0.0587,0.0594,0.0594,0.0592,0.0595,0.0591,0.0586,0.0575,0.0561,0.0549,0.0545,0.0543,0.0539,0.0527,0.0517,0.0507,0.0502,0.0501,0.0506,0.05,0.0494,0.0492,0.0489,0.0484
0.4711,0.4711,0.4757,0.4795,0.4825,0.4898,0.502,0.5035,0.495,0.4865,0.4813,0.4796,0.4762,0.4764,0.472,0.4717,0.4743,0.4802,0.4772,0.4742,0.476,0.4793,0.485,0.4913,0.4961,0.5001,0.4998,0.4979,0.4978,0.5018,0.5018,0.494,0.4893,0.4919,0.496,0.5033,0.5057,0.5066,0.5106,0.5207,0.5317,0.5394,0.5455,0.5472,0.5464,0.5443,0.5424,0.5371,0.5293,0.5266,0.5233,0.5232,0.5233,0.5205,0.516,0.5129,0.5143,0.5189,0.5242,0.5256,0.5288,0.5346,0.5363,0.5402,0.547,0.5497,0.5456,0.543,0.5483,0.5553,0.5618,0.5655,0.5686,0.5678,0.5665,0.564,0.5632,0.5653,0.5667,0.5608,0.5597,0.5622,0.5615,0.5621,0.5657,0.5656,0.566,0.5673,0.5654,0.56
0.6253,0.6217,0.6149,0.6146,0.6141,0.6132,0.6116,0.6146,0.625,0.6248,0.6244,0.6218,0.6175,0.6143,0.6113,0.6074,0.6054,0.6024,0.5991,0.598,0.5982,0.5977,0.5984,0.5982,0.6011,0.6057,0.6049,0.6028,0.6003,0.5971,0.6005,0.5979,0.5923,0.5901,0.5866,0.5837,0.5814,0.5798,0.5737,0.5674,0.5517,0.5439,0.5433,0.5398,0.5354,0.5362,0.5377,0.5356,0.5297,0.5255,0.5242,0.5201,0.5152,0.5119,0.5075,0.4929,0.4761,0.4678,0.4653,0.4546,0.4476,0.4395,0.43,0.4165,0.4087,0.4037,0.4004,0.3928,0.3809,0.3697,0.3576,0.3433,0.321,0.296,0.2765,0.2632,0.2533,0.2386,0.2274,0.2241,0.2141,0.2056,0.204,0.1895,0.163,0.1433,0.1285,0.1153,0.1055,0.1028
0.7343,0.7272,0.7206,0.7152,0.7075,0.6981,0.6883,0.6924,0.697,0.7021,0.7017,0.7021,0.7,0.6936,0.692,0.6881,0.6857,0.6806,0.6773,0.6757,0.6723,0.6698,0.6653,0.662,0.6627,0.6626,0.6562,0.654,0.6475,0.6351,0.6334,0.6319,0.625,0.6079,0.6024,0.5889,0.5737,0.5614,0.5505,0.5331,0.5183,0.5099,0.4872,0.4757,0.4553,0.4409,0.4173,0.4045,0.3946,0.3813,0.3725,0.3618,0.311,0.3026,0.2996,0.286,0.2673,0.2233,0.2106,0.1977,0.1851,0.1641,0.1526,0.1321,0.1201,0.1117,0.105,0.095,0.0873,0.0748,0.0644,0.0498,0.0349,0.0169,0.0115,0.0081,0.0065,0.0064,0.0062,0.0064,0.0064,0.0063,0.0062,0.0059,0.0056,0.0053,0.0051,0.0049,0.0049,0.0051
0.739,0.7349,0.7212,0.7148,0.7124,0.7063,0.7025,0.6958,0.6865,0.6747,0.6738,0.6673,0.6631,0.6568,0.65,0.6389,0.6341,0.6281,0.6271,0.624,0.6148,0.6081,0.6022,0.5847,0.572,0.5631,0.5573,0.552,0.5501,0.5407,0.5362,0.5413,0.5434,0.5371,0.5249,0.5168,0.5063,0.4893,0.4842,0.479,0.464,0.4348,0.4048,0.3961,0.3658,0.3541,0.3318,0.3235,0.3154,0.3067,0.2949,0.2796,0.2475,0.2291,0.2086,0.1731,0.149,0.1141,0.0985,0.0791,0.0549,0.0388,0.0285,0.0192,0.0133,0.0097,0.0088,0.0079,0.007,0.0068,0.0067,0.0065,0.0067,0.0067,0.0047,0.0049,0.0047,0.0048,0.0048,0.0049,0.0049,0.0049,0.0049,0.0049,0.0048,0.0048,0.0048,0.0048,0.0048,0.0048
0.6561,0.6586,0.6497,0.6466,0.6472,0.6476,0.6409,0.6346,0.6296,0.6226,0.6243,0.6226,0.6141,0.6093,0.5995,0.5988,0.5993,0.5922,0.5865,0.5862,0.583,0.5711,0.5674,0.5437,0.5271,0.5225,0.5064,0.4935,0.4841,0.4916,0.4872,0.4799,0.4749,0.4709,0.4614,0.4579,0.4436,0.4239,0.4113,0.4043,0.384,0.3229,0.3099,0.3019,0.2901,0.2783,0.2663,0.2468,0.2259,0.2016,0.175,0.1573,0.1322,0.1093,0.0682,0.038,0.0347,0.0167,0.0153,0.0131,0.0124,0.0126,0.0128,0.0151,0.0137,0.0146,0.0171,0.0189,0.0185,0.0192,0.0181,0.0146,0.0117,0.0101,0.0094,0.0081,0.0071,0.0064,0.0057,0.0054,0.0052,0.0051,0.005,0.0049,0.0047,0.0046,0.0046,0.0045,0.0043,0.0042
0.616,0.6181,0.6154,0.5956,0.5925,0.5929,0.5834,0.5618,0.5599,0.557,0.5553,0.5605,0.5567,0.5546,0.5523,0.5484,0.5486,0.5472,0.5414,0.5398,0.5354,0.5245,0.5106,0.4906,0.4588,0.4492,0.4397,0.4418,0.4373,0.4397,0.4376,0.431,0.4088,0.4034,0.3999,0.4002,0.4023,0.3939,0.3775,0.3752,0.3745,0.3383,0.3241,0.3003,0.2908,0.2807,0.2592,0.2179,0.2119,0.2023,0.1862,0.1749,0.165,0.1565,0.1453,0.121,0.107,0.1001,0.094,0.0845,0.07,0.0478,0.0383,0.0381,0.038,0.0371,0.0369,0.0374,0.0382,0.0357,0.0267,0.0104,0.0099,0.0084,0.0065,0.0063,0.0071,0.0052,0.0051,0.0049,0.0049,0.0048,0.0047,0.0047,0.0049,0.005,0.0053,0.0054,0.0054,0.0054
