0.7239,0.7259,0.7275,0.7083,0.7001,0.6976,0.7026,0.686,0.6805,0.6769,0.6574,0.6522,0.6453,0.6411,0.6359,0.6303,0.628,0.6223,0.6185,0.6087,0.5929,0.5638,0.5575,0.5577,0.5604,0.5559,0.5404,0.537,0.5393,0.5397,0.5398,0.5383,0.5211,0.494,0.4841,0.4599,0.4372,0.4312,0.4179,0.3873,0.3642,0.3438,0.2901,0.2707,0.26,0.2476,0.2304,0.2239,0.2157,0.186,0.1534,0.1291,0.1119,0.0934,0.0802,0.0731,0.0678,0.0588,0.0484,0.0375,0.0378,0.0336,0.033,0.0288,0.027,0.0259,0.0264,0.0266,0.0257,0.025,0.0248,0.0235,0.023,0.0208,0.0196,0.0182,0.0153,0.0139,0.0136,0.0129,0.0117,0.0122,0.0111,0.0111,0.011,0.0111,0.011,0.011,0.011,0.011
0.6505,0.6526,0.6528,0.6514,0.6436,0.6451,0.648,0.6491,0.6345,0.6336,0.6315,0.6296,0.6147,0.6113,0.6086,0.6041,0.5986,0.5824,0.5758,0.5718,0.555,0.543,0.5232,0.505,0.4996,0.4956,0.4537,0.378,0.3709,0.3654,0.361,0.3531,0.3482,0.331,0.3134,0.309,0.3044,0.2965,0.2901,0.2736,0.229,0.2184,0.1953,0.1597,0.1537,0.1478,0.1448,0.1343,0.1102,0.0598,0.0188,0.0142,0.0132,0.0121,0.0116,0.01,0.0088,0.0066,0.006,0.0057,0.0056,0.0051,0.0049,0.0047,0.0045,0.0044,0.0044,0.0042,0.0041,0.0041,0.0042,0.004,0.0039,0.0038,0.0037,0.0036,0.0037,0.0037,0.0036,0.0036,0.0035,0.0034,0.0034,0.0033,0.0033,0.0034,0.0036,0.0038,0.004,0.0041
0.5312,0.5307,0.5122,0.5025,0.4973,0.4906,0.4843,0.4803,0.4809,0.475,0.4735,0.477,0.4787,0.468,0.46,0.4588,0.4575,0.4555,0.4518,0.4466,0.4387,0.414,0.41,0.3997,0.3933,0.3884,0.3859,0.3597,0.3543,0.351,0.3487,0.3392,0.3318,0.3208,0.2961,0.2686,0.2636,0.2562,0.2547,0.243,0.2236,0.2103,0.1947,0.1623,0.1378,0.1155,0.0826,0.0479,0.0364,0.0259,0.012,0.0105,0.0061,0.0042,0.0041,0.0044,0.0036,0.0015,0.0015,0.0016,0.0019,0.0021,0.0024,0.0028,0.0027,0.0025,0.0027,0.0027,0.0026,0.0026,0.0026,0.0024,0.003,0.0033,0.004,0.0043,0.0045,0.0046,0.0044,0.0037,0.0033,0.0039,0.0044,0.0046,0.0051,0.0043,0.0032,0.0029,0.0019,0.0015
0.4553,0.4529,0.4427,0.4349,0.434,0.4285,0.4177,0.4152,0.4139,0.4128,0.4102,0.4059,0.4011,0.3978,0.3826,0.3716,0.3641,0.3592,0.3489,0.3425,0.338,0.3201,0.3073,0.3029,0.2956,0.2916,0.2885,0.2809,0.2666,0.254,0.2495,0.2456,0.2376,0.2256,0.2197,0.2027,0.1931,0.1793,0.1569,0.1441,0.1286,0.1058,0.0898,0.0811,0.0735,0.0614,0.0514,0.0438,0.043,0.0439,0.041,0.0394,0.0387,0.0385,0.0369,0.0333,0.0289,0.0269,0.0247,0.0241,0.0229,0.0216,0.0214,0.0215,0.0203,0.0188,0.0183,0.0185,0.018,0.0166,0.0176,0.0195,0.0203,0.0192,0.0155,0.0071,0.0042,0.0045,0.0041,0.0029,0.0022,0.0024,0.0021,0.002,0.0021,0.0022,0.0024,0.0025,0.0028,0.0028
0.398,0.4,0.4012,0.4018,0.3998,0.3943,0.3928,0.3906,0.3817,0.3791,0.3792,0.376,0.3537,0.3356,0.3308,0.3282,0.3135,0.297,0.2714,0.2564,0.2516,0.229,0.2182,0.2142,0.2108,0.2064,0.2009,0.1953,0.1893,0.1841,0.178,0.1705,0.1641,0.1571,0.1457,0.1294,0.1182,0.1092,0.0848,0.0782,0.0724,0.0663,0.0627,0.0621,0.0577,0.0547,0.0558,0.0552,0.0531,0.0521,0.0497,0.0444,0.039,0.0297,0.0304,0.0315,0.0303,0.027,0.0184,0.0167,0.0154,0.0151,0.016,0.0165,0.0162,0.0162,0.0161,0.0161,0.0165,0.017,0.0174,0.0186,0.0183,0.0172,0.0181,0.0182,0.0177,0.0171,0.016,0.0137,0.0129,0.0123,0.0108,0.0102,0.0096,0.0091,0.0089,0.0087,0.0086,0.0083
0.3663,0.3701,0.37,0.3724,0.3739,0.3752,0.3733,0.3709,0.3587,0.3445,0.3444,0.3356,0.3316,0.3236,0.3191,0.318,0.3046,0.3002,0.2725,0.2668,0.2622,0.2556,0.2355,0.2303,0.2276,0.2234,0.2218,0.2203,0.2179,0.2062,0.2035,0.2016,0.1994,0.1981,0.1919,0.1893,0.1888,0.1849,0.181,0.1762,0.1708,0.1687,0.163,0.1597,0.1551,0.1492,0.1457,0.1413,0.1356,0.1284,0.1242,0.1178,0.1103,0.1014,0.095,0.0867,0.0827,0.0796,0.0757,0.0671,0.0535,0.0376,0.0296,0.0254,0.0176,0.0145,0.014,0.0138,0.0132,0.0122,0.0117,0.0121,0.0118,0.0094,0.0041,0.0037,0.0028,0.0017,0.0016,0.0016,0.0015,0.0015,0.0015,0.0015,0.0015,0.0014,0.0014,0.0014,0.0013,0.0013
0.3271,0.3245,0.3219,0.3174,0.3145,0.3123,0.3091,0.3089,0.301,0.2971,0.295,0.2915,0.2851,0.2736,0.2642,0.258,0.2552,0.2539,0.249,0.2388,0.2313,0.2278,0.2117,0.2066,0.2037,0.2011,0.2013,0.202,0.2008,0.1942,0.1871,0.1808,0.1754,0.165,0.1569,0.1509,0.1422,0.1368,0.1294,0.1177,0.1142,0.1017,0.0891,0.077,0.0592,0.0459,0.0293,0.0191,0.0121,0.0092,0.0071,0.0061,0.0059,0.0054,0.0046,0.0035,0.0031,0.003,0.0028,0.0025,6e-04,5e-04,5e-04,4e-04,4e-04,3e-04,3e-04,3e-04,3e-04,3e-04,3e-04,3e-04,3e-04,3e-04,3e-04,3e-04,2e-04,2e-04,2e-04,2e-04,2e-04,2e-04,2e-04,2e-04,2e-04,2e-04,2e-04,2e-04,2e-04,2e-04
0.3267,0.3208,0.3154,0.3007,0.3001,0.2972,0.2963,0.2964,0.2932,0.289,0.2748,0.2684,0.2622,0.2551,0.2321,0.2138,0.21,0.2081,0.2054,0.1935,0.1858,0.1807,0.1771,0.1581,0.1455,0.1391,0.121,0.0987,0.0919,0.0834,0.0667,0.0476,0.0385,0.0303,0.0242,0.0202,0.0175,0.0164,0.016,0.0143,0.0137,0.0131,0.0132,0.0129,0.0109,0.0101,0.0091,0.0081,0.0077,0.0074,0.0066,0.0062,0.0059,0.0042,0.0041,0.0037,0.0029,0.0023,0.0017,9e-04,6e-04,5e-04,4e-04,3e-04,2e-04,2e-04,2e-04,1e-04,1e-04,1e-04,1e-04,1e-04,1e-04,1e-04,1e-04,1e-04,1e-04,1e-04,1e-04,0,0,0,0,0,0,0,0,0,0,0
0.2211,0.2217,0.222,0.2178,0.2102,0.2092,0.2099,0.21,0.2053,0.2016,0.1895,0.1802,0.1771,0.171,0.1574,0.1437,0.1357,0.13,0.1228,0.1051,0.0976,0.0855,0.0756,0.0614,0.0383,0.0294,0.0173,0.0102,0.0097,0.0093,0.0088,0.0077,0.0051,0.0046,0.0043,0.004,0.0038,0.0035,0.0034,0.0032,0.0031,0.0031,0.0027,0.0013,0.0012,5e-04,4e-04,4e-04,2e-04,2e-04,2e-04,1e-04,1e-04,1e-04,1e-04,1e-04,1e-04,0,0,0,0,0,0,0,0,0,0,0,0,0,0,0,0,0,0,0,0,0,0,0,0,0,0,0,0,0,0,0,0,0
0.1697,0.1691,0.1685,0.1657,0.1629,0.1616,0.161,0.1603,0.1584,0.1546,0.1531,0.1506,0.1503,0.1463,0.139,0.1389,0.1361,0.134,0.1319,0.1253,0.1213,0.1162,0.1128,0.11,0.0995,0.0936,0.0854,0.073,0.0694,0.0562,0.0382,0.0291,0.0294,0.0263,0.0193,0.0137,0.0119,0.01,0.009,0.0078,0.0075,0.0068,0.0052,0.0035,0.0031,0.0022,0.0012,7e-04,5e-04,5e-04,3e-04,2e-04,1e-04,1e-04,1e-04,0,0,0,0,0,0,0,0,0,0,0,0,0,0,0,0,0,0,0,0,0,0,0,0,0,0,0,0,0,0,0,0,0,0,0
0.2137,0.2098,0.2091,0.202,0.1986,0.1978,0.1963,0.1928,0.19,0.189,0.1863,0.1783,0.1733,0.1694,0.1672,0.1637,0.1546,0.1457,0.1391,0.1388,0.137,0.1342,0.129,0.1231,0.1171,0.092,0.0822,0.0724,0.0673,0.0574,0.049,0.039,0.0213,0.0129,0.0065,0.0047,0.0046,0.0038,0.0034,0.0034,0.0028,0.001,6e-04,6e-04,7e-04,8e-04,4e-04,2e-04,1e-04,1e-04,1e-04,1e-04,1e-04,1e-04,1e-04,1e-04,1e-04,1e-04,1e-04,1e-04,1e-04,1e-04,1e-04,0,1e-04,0,0,0,0,0,0,0,0,1e-04,1e-04,1e-04,1e-04,1e-04,1e-04,1e-04,1e-04,1e-04,1e-04,1e-04,1e-04,1e-04,1e-04,1e-04,1e-04,1e-04
0.2179,0.2158,0.2107,0.2065,0.1994,0.197,0.1986,0.1963,0.1933,0.1894,0.186,0.1834,0.1711,0.1563,0.1524,0.142,0.1365,0.1189,0.1106,0.1028,0.0938,0.0835,0.0754,0.0705,0.0625,0.0564,0.0382,0.0275,0.0246,0.0212,0.0163,0.0104,0.0067,0.0042,0.0044,0.0047,0.0037,0.003,0.0036,0.003,0.0022,0.0015,7e-04,6e-04,7e-04,6e-04,2e-04,1e-04,1e-04,1e-04,1e-04,1e-04,1e-04,1e-04,1e-04,1e-04,1e-04,1e-04,1e-04,1e-04,1e-04,1e-04,1e-04,1e-04,1e-04,1e-04,1e-04,1e-04,1e-04,1e-04,1e-04,1e-04,1e-04,1e-04,1e-04,1e-04,1e-04,1e-04,1e-04,2e-04,2e-04,2e-04,2e-04,2e-04,2e-04,3e-04,3e-04,4e-04,4e-04,4e-04
0.1532,0.1464,0.1373,0.1423,0.1414,0.14,0.1335,0.1273,0.1209,0.1144,0.11,0.1065,0.0949,0.0771,0.0667,0.056,0.0516,0.0445,0.0379,0.0358,0.0258,0.0197,0.0179,0.0156,0.011,0.01,0.005,0.0027,0.0017,0.0014,0.0012,0.0012,0.0011,0.0011,0.0012,0.0012,0.0013,0.0013,0.0012,0.0012,0.001,9e-04,7e-04,5e-04,5e-04,6e-04,8e-04,7e-04,0.0011,0.0017,0.0021,0.0022,0.0024,0.0025,0.0041,0.0065,0.0048,0.0051,0.0054,0.0064,0.0077,0.0057,0.0048,0.0039,0.0037,0.0034,0.0034,0.0034,0.0033,0.0025,0.0023,0.0019,0.0018,0.0022,0.0021,0.0021,0.0021,0.0023,0.0021,0.0022,0.002,0.0021,0.0021,0.002,0.0022,0.0023,0.0021,0.0021,0.0021,0.0029
0.1309,0.1285,0.1271,0.1298,0.1268,0.1243,0.1224,0.1195,0.1179,0.1152,0.1132,0.1123,0.1003,0.0902,0.0852,0.0824,0.0796,0.0779,0.0741,0.0744,0.0721,0.0698,0.0696,0.0741,0.0731,0.0726,0.0725,0.0682,0.0675,0.0666,0.0657,0.0643,0.0628,0.0598,0.0586,0.0608,0.0623,0.0608,0.061,0.0605,0.0585,0.0532,0.0447,0.0416,0.0416,0.0416,0.0409,0.0393,0.0347,0.0275,0.0193,0.0127,0.0105,0.0076,0.0077,0.0081,0.0075,0.0048,0.0047,0.0043,0.0043,0.004,0.0035,0.0034,0.0032,0.0029,0.003,0.0029,0.0027,0.0032,0.003,0.0024,0.0026,0.0032,0.0032,0.0033,0.0033,0.0032,0.0027,0.0024,0.0021,0.0019,0.0018,0.0018,0.0019,0.0019,0.0019,0.0019,0.0021,0.0027
0.1907,0.1893,0.1867,0.1839,0.1818,0.1827,0.1819,0.179,0.1796,0.1806,0.1847,0.1881,0.1849,0.1835,0.181,0.1786,0.1776,0.1765,0.1731,0.1735,0.1731,0.1695,0.1673,0.1672,0.1645,0.1623,0.1614,0.1554,0.1496,0.1477,0.1427,0.1385,0.1362,0.1288,0.1218,0.1146,0.1086,0.1043,0.1025,0.1017,0.1039,0.0988,0.0927,0.0915,0.0904,0.0882,0.0853,0.0867,0.0869,0.086,0.0848,0.0845,0.0857,0.0833,0.0817,0.0797,0.0784,0.0771,0.0789,0.0794,0.0781,0.0753,0.0724,0.071,0.0703,0.0687,0.068,0.0672,0.0653,0.058,0.0507,0.0456,0.0431,0.0464,0.0531,0.0558,0.0537,0.0494,0.0462,0.0469,0.0492,0.049,0.049,0.0497,0.052,0.0522,0.0544,0.0554,0.057,0.0569
0.275,0.2699,0.2629,0.2545,0.2529,0.253,0.2534,0.2507,0.2451,0.2489,0.2534,0.2517,0.2495,0.2533,0.2526,0.2519,0.247,0.2502,0.2502,0.2476,0.2468,0.2452,0.2402,0.2404,0.2325,0.2229,0.2213,0.2219,0.2169,0.2081,0.2039,0.1915,0.1876,0.1789,0.1647,0.1562,0.1488,0.1411,0.1321,0.131,0.1298,0.1352,0.133,0.1349,0.1351,0.127,0.1213,0.1233,0.1273,0.1246,0.1242,0.122,0.1164,0.1136,0.1087,0.1016,0.103,0.1014,0.098,0.0928,0.0885,0.0781,0.0746,0.0765,0.0734,0.0715,0.0716,0.0694,0.0653,0.0578,0.0559,0.0551,0.0544,0.0516,0.047,0.044,0.0432,0.0419,0.0423,0.0377,0.0315,0.0309,0.0304,0.029,0.0264,0.0256,0.0208,0.013,0.0107,0.0087
0.3802,0.3711,0.3669,0.3589,0.3577,0.3627,0.3676,0.3653,0.3556,0.349,0.3408,0.3367,0.3379,0.3334,0.3292,0.3263,0.324,0.3255,0.3272,0.3221,0.319,0.3162,0.3132,0.3077,0.3006,0.2954,0.2942,0.2945,0.2875,0.2767,0.264,0.2678,0.2694,0.2669,0.2503,0.2391,0.2307,0.2195,0.2133,0.2071,0.1979,0.1899,0.1861,0.1837,0.1766,0.1671,0.1544,0.146,0.1446,0.1432,0.141,0.1369,0.1306,0.1291,0.1202,0.1059,0.102,0.1004,0.0911,0.0562,0.0413,0.0259,0.0185,0.0143,0.0131,0.0119,0.0108,0.0097,0.0092,0.0083,0.0075,0.0076,0.0072,0.0072,0.007,0.007,0.0064,0.0064,0.0066,0.0066,0.0066,0.0071,0.0071,0.007,0.0069,0.0067,0.0067,0.0067,0.0066,0.0065
0.4161,0.4152,0.4093,0.4014,0.3928,0.3917,0.3934,0.4003,0.4004,0.3936,0.3882,0.3866,0.3892,0.3889,0.3867,0.3771,0.3743,0.3727,0.3753,0.3726,0.3647,0.3625,0.3592,0.3527,0.3474,0.3393,0.3349,0.3327,0.3305,0.3238,0.3176,0.3117,0.3021,0.3,0.2944,0.2911,0.286,0.2843,0.2836,0.2775,0.2718,0.2663,0.2561,0.2446,0.2424,0.2346,0.2286,0.2204,0.2036,0.1933,0.1841,0.1737,0.1513,0.1372,0.1268,0.0961,0.0849,0.071,0.0638,0.0516,0.0442,0.0208,0.0169,0.0163,0.0155,0.0153,0.0148,0.0141,0.0135,0.0124,0.012,0.0116,0.0103,0.0101,0.0097,0.0094,0.0093,0.0092,0.0092,0.0091,0.0091,0.0088,0.0083,0.0083,0.0083,0.0083,0.0083,0.0083,0.0083,0.0084
0.4348,0.4349,0.4338,0.4284,0.419,0.4125,0.4048,0.4019,0.4061,0.4102,0.4063,0.4006,0.3985,0.3936,0.3905,0.3891,0.3818,0.3796,0.3795,0.3818,0.3739,0.3642,0.3596,0.3534,0.3471,0.3369,0.3262,0.3117,0.3052,0.2956,0.2901,0.2821,0.2726,0.2672,0.267,0.2632,0.2618,0.2622,0.2607,0.2572,0.2518,0.2487,0.2483,0.2412,0.2377,0.229,0.2228,0.2172,0.2093,0.2011,0.1958,0.1935,0.1897,0.1827,0.1777,0.1754,0.1691,0.1638,0.1603,0.1493,0.1448,0.1361,0.1207,0.1133,0.1095,0.1048,0.1009,0.0839,0.0756,0.0723,0.0702,0.0674,0.0666,0.0601,0.0533,0.0498,0.0477,0.0439,0.0427,0.0396,0.0311,0.0158,0.0151,0.014,0.0138,0.0136,0.0139,0.0156,0.0155,0.0141
0.4976,0.503,0.5062,0.5039,0.4949,0.4858,0.4742,0.4714,0.474,0.4767,0.4752,0.4602,0.4515,0.4487,0.4471,0.445,0.4354,0.4301,0.4258,0.4223,0.4157,0.4048,0.3946,0.3895,0.3877,0.3778,0.3618,0.3441,0.3352,0.328,0.3244,0.3144,0.3059,0.2951,0.2949,0.2933,0.2924,0.2907,0.2907,0.2896,0.2854,0.2824,0.2792,0.2731,0.2667,0.264,0.2539,0.2477,0.243,0.2309,0.2237,0.2201,0.2178,0.2109,0.2032,0.198,0.1928,0.1886,0.1855,0.1782,0.1737,0.1669,0.1566,0.1571,0.1543,0.1543,0.1516,0.1482,0.1386,0.1317,0.1295,0.1278,0.1256,0.1092,0.1,0.0913,0.0843,0.073,0.0756,0.0763,0.073,0.0605,0.0607,0.0571,0.0555,0.0562,0.0561,0.0578,0.0597,0.0582
0.49,0.4921,0.4933,0.4929,0.4936,0.4867,0.4798,0.4775,0.4766,0.4791,0.4794,0.4688,0.4539,0.4533,0.4557,0.454,0.4507,0.4472,0.4444,0.4394,0.437,0.4302,0.4171,0.4132,0.4104,0.4144,0.3847,0.3748,0.3676,0.361,0.3624,0.354,0.3508,0.3486,0.3442,0.3522,0.3521,0.3549,0.3571,0.3493,0.3415,0.3441,0.3452,0.3469,0.3479,0.3519,0.3483,0.3423,0.3405,0.337,0.3335,0.3217,0.3131,0.3049,0.3008,0.2903,0.2835,0.2684,0.2684,0.2575,0.2553,0.2403,0.2184,0.2027,0.1951,0.1893,0.1859,0.1752,0.1764,0.1685,0.1645,0.1671,0.1602,0.1522,0.1468,0.1302,0.1225,0.1185,0.1218,0.1166,0.1078,0.0704,0.0667,0.0669,0.0607,0.0604,0.0629,0.0562,0.0462,0.0418
0.4548,0.4523,0.4479,0.4477,0.449,0.4503,0.445,0.4495,0.4506,0.4479,0.4475,0.4456,0.4411,0.4374,0.4346,0.4176,0.4102,0.4033,0.4008,0.399,0.389,0.3798,0.3662,0.3558,0.3519,0.3576,0.3427,0.3036,0.2958,0.2988,0.2973,0.2923,0.2919,0.2922,0.2884,0.2903,0.2873,0.2837,0.2802,0.2749,0.2732,0.2756,0.2765,0.2724,0.2658,0.2637,0.2636,0.2606,0.2479,0.2377,0.2328,0.2267,0.2173,0.207,0.2039,0.1989,0.1913,0.1628,0.1495,0.1247,0.1172,0.1002,0.0914,0.0832,0.0764,0.0723,0.0689,0.0606,0.0542,0.0492,0.0475,0.0443,0.0374,0.0346,0.0314,0.0288,0.0287,0.029,0.027,0.0259,0.0273,0.0273,0.0243,0.0243,0.0225,0.0239,0.0249,0.0213,0.0208,0.0214
0.4017,0.3951,0.3932,0.3932,0.3932,0.39,0.3935,0.3907,0.3847,0.3814,0.3757,0.3733,0.3675,0.3602,0.35,0.3197,0.302,0.2987,0.291,0.2806,0.2738,0.2692,0.2653,0.2603,0.2554,0.2459,0.2338,0.2214,0.2151,0.2167,0.2147,0.2141,0.2097,0.2116,0.2093,0.2073,0.2052,0.202,0.1984,0.1841,0.1743,0.1668,0.164,0.1553,0.1322,0.119,0.1017,0.1,0.0834,0.0717,0.0621,0.0573,0.0526,0.0498,0.0463,0.0431,0.0405,0.0392,0.0369,0.0329,0.0328,0.0327,0.0315,0.0305,0.0295,0.0294,0.0276,0.027,0.026,0.0248,0.0234,0.0227,0.0194,0.0187,0.0169,0.016,0.0156,0.015,0.0149,0.0147,0.0146,0.0143,0.0142,0.014,0.014,0.0156,0.0163,0.0159,0.0154,0.0148
0.3146,0.3117,0.3097,0.31,0.3118,0.3081,0.3076,0.3066,0.3048,0.3004,0.2963,0.2941,0.2918,0.2892,0.2837,0.2701,0.27,0.2669,0.2649,0.2578,0.25,0.2433,0.2371,0.2318,0.2259,0.2157,0.2061,0.1962,0.196,0.1945,0.1895,0.1853,0.1785,0.1746,0.1747,0.1729,0.1708,0.1673,0.1618,0.1491,0.1343,0.1266,0.1179,0.1075,0.0955,0.0899,0.0843,0.0822,0.0758,0.0683,0.0639,0.0606,0.0556,0.0523,0.0485,0.0462,0.0434,0.0404,0.0309,0.0258,0.0255,0.0261,0.0256,0.025,0.025,0.025,0.0212,0.0162,0.0156,0.0158,0.0174,0.0157,0.0128,0.0122,0.0118,0.0123,0.0128,0.0133,0.0132,0.0132,0.0127,0.0122,0.0127,0.0125,0.0105,0.0109,0.0107,0.0106,0.0105,0.0104
0.2845,0.282,0.2795,0.2783,0.2778,0.2773,0.2739,0.2677,0.2612,0.2562,0.2506,0.2456,0.2388,0.2172,0.2109,0.2028,0.1942,0.1894,0.1847,0.1764,0.171,0.1637,0.1565,0.1505,0.1391,0.126,0.1139,0.1082,0.1049,0.0949,0.0875,0.0793,0.0736,0.0696,0.0669,0.0618,0.0585,0.0542,0.0497,0.0351,0.0258,0.0187,0.0139,0.01,0.0082,0.0076,0.0078,0.0078,0.0071,0.0063,0.0059,0.0057,0.0056,0.0053,0.0053,0.0057,0.006,0.0046,0.0035,0.0025,0.0019,0.0017,6e-04,2e-04,2e-04,2e-04,3e-04,3e-04,4e-04,4e-04,4e-04,4e-04,5e-04,4e-04,5e-04,5e-04,4e-04,5e-04,4e-04,4e-04,5e-04,4e-04,4e-04,3e-04,4e-04,4e-04,3e-04,3e-04,3e-04,3e-04
0.2042,0.2027,0.2,0.1927,0.1853,0.1781,0.1702,0.1635,0.1576,0.1535,0.1494,0.1452,0.1379,0.1296,0.1233,0.1179,0.1143,0.1097,0.1038,0.0933,0.0832,0.0789,0.0767,0.0715,0.0635,0.0584,0.0538,0.0502,0.0429,0.0367,0.0276,0.0253,0.0243,0.024,0.0236,0.0205,0.0196,0.0189,0.0184,0.0146,0.0123,0.0123,0.0118,0.0108,0.011,0.0114,0.0122,0.0126,0.0123,0.013,0.0136,0.0141,0.014,0.0141,0.0142,0.0149,0.0168,0.0157,0.0123,0.0107,0.0087,0.0074,0.0071,0.0067,0.0062,0.0064,0.0064,0.0058,0.0049,0.0032,0.0026,0.0015,6e-04,4e-04,2e-04,3e-04,2e-04,2e-04,1e-04,1e-04,1e-04,1e-04,1e-04,1e-04,1e-04,1e-04,1e-04,1e-04,1e-04,1e-04
0.1498,0.143,0.1377,0.1338,0.1346,0.1356,0.1362,0.1367,0.1367,0.1359,0.1343,0.1321,0.1298,0.1278,0.1258,0.125,0.1231,0.1184,0.1146,0.1133,0.1104,0.1079,0.1064,0.1024,0.0957,0.0915,0.0858,0.0822,0.0797,0.0788,0.0769,0.0743,0.0722,0.0711,0.0668,0.061,0.0569,0.0541,0.0502,0.0462,0.0421,0.0398,0.0381,0.0356,0.0337,0.0327,0.0306,0.0276,0.0225,0.0198,0.0182,0.016,0.0127,0.0112,0.0101,0.0087,0.0081,0.0072,0.0061,0.0049,0.0043,0.0037,0.0035,0.0033,0.0032,0.003,0.0027,0.0023,0.0019,0.0018,0.0018,0.0016,0.0016,0.0015,0.0013,0.001,9e-04,9e-04,9e-04,9e-04,9e-04,8e-04,8e-04,8e-04,8e-04,7e-04,7e-04,7e-04,6e-04,6e-04
0.2239,0.2208,0.2136,0.2082,0.2012,0.1967,0.1935,0.19,0.1866,0.1829,0.1821,0.1799,0.1763,0.1742,0.1679,0.1653,0.1625,0.1599,0.1533,0.1416,0.1356,0.1329,0.1321,0.1307,0.1296,0.1241,0.1204,0.1187,0.1123,0.0987,0.0799,0.0633,0.0546,0.0464,0.0336,0.0277,0.024,0.0211,0.0192,0.0184,0.0175,0.0165,0.0159,0.0155,0.0149,0.0147,0.0139,0.0092,0.0043,0.004,0.0039,0.0037,0.0038,0.0039,0.004,0.0039,0.0036,0.0034,0.0034,0.0033,0.0033,0.0034,0.0034,0.0034,0.0035,0.0035,0.0035,0.0034,0.0033,0.002,6e-04,4e-04,5e-04,5e-04,6e-04,5e-04,4e-04,3e-04,3e-04,3e-04,2e-04,2e-04,2e-04,2e-04,2e-04,2e-04,2e-04,2e-04,2e-04,2e-04
0.2146,0.2124,0.2084,0.2067,0.203,0.1977,0.1921,0.1852,0.1807,0.1771,0.1738,0.1706,0.1659,0.1622,0.1595,0.1558,0.1538,0.1521,0.1475,0.1416,0.1374,0.1318,0.1261,0.1235,0.121,0.1172,0.1119,0.1074,0.0978,0.0886,0.079,0.0711,0.0661,0.0629,0.0606,0.0589,0.0563,0.0508,0.0444,0.0396,0.0378,0.0354,0.0333,0.0318,0.0309,0.0305,0.0295,0.0262,0.024,0.0231,0.0225,0.0218,0.0215,0.0212,0.0204,0.0202,0.0197,0.0189,0.0179,0.0178,0.0169,0.0168,0.0161,0.0148,0.0143,0.0139,0.0133,0.0129,0.0125,0.0121,0.0105,0.0084,0.0066,0.0058,0.0051,0.0035,0.003,0.0021,0.0023,0.0022,0.0023,0.002,0.0013,0.0012,0.0011,0.0011,0.001,0.001,8e-04,7e-04
0.1543,0.148,0.1455,0.1486,0.1453,0.1419,0.1392,0.1343,0.1316,0.1261,0.1221,0.1203,0.1167,0.1125,0.1101,0.1091,0.108,0.1066,0.1033,0.1007,0.0982,0.0969,0.0963,0.0938,0.0904,0.0888,0.0852,0.0787,0.0812,0.0885,0.0924,0.0952,0.0963,0.0953,0.0946,0.0942,0.0933,0.092,0.0902,0.0891,0.089,0.0891,0.0894,0.0899,0.0908,0.091,0.091,0.0909,0.0895,0.0892,0.0894,0.0891,0.0889,0.0885,0.0882,0.0879,0.0872,0.0864,0.0856,0.0846,0.084,0.0839,0.0835,0.0832,0.0828,0.0817,0.0807,0.0801,0.0791,0.0786,0.0784,0.0784,0.0776,0.0762,0.0762,0.0758,0.0696,0.0575,0.0597,0.0684,0.0719,0.0721,0.073,0.073,0.0725,0.0686,0.065,0.0635,0.0638,0.0659
0.4722,0.4731,0.4752,0.4788,0.483,0.4889,0.4967,0.5017,0.5019,0.4977,0.499,0.5006,0.4993,0.4991,0.5029,0.5142,0.5227,0.5262,0.5203,0.5146,0.5136,0.5119,0.5121,0.5105,0.5028,0.4986,0.495,0.4884,0.4776,0.4749,0.4765,0.483,0.493,0.5001,0.5073,0.5116,0.5108,0.5091,0.5136,0.5197,0.5229,0.5309,0.5357,0.5419,0.5462,0.5483,0.5504,0.5516,0.5461,0.5438,0.5503,0.5551,0.5584,0.5608,0.5613,0.556,0.5529,0.5488,0.5418,0.5373,0.5402,0.5414,0.545,0.5469,0.5467,0.5476,0.5461,0.5446,0.5426,0.541,0.5399,0.5392,0.536,0.5277,0.5222,0.5234,0.5182,0.5091,0.5074,0.5089,0.5193,0.528,0.535,0.5392,0.5411,0.5392,0.5348,0.5345,0.5352,0.5381
0.6266,0.622,0.6149,0.6135,0.6139,0.6128,0.6088,0.6129,0.6174,0.6189,0.6194,0.6235,0.6225,0.6224,0.6156,0.6092,0.6053,0.605,0.607,0.6041,0.6079,0.611,0.611,0.6095,0.6146,0.6152,0.6133,0.6149,0.6047,0.5896,0.5832,0.5777,0.572,0.5655,0.5624,0.5609,0.5608,0.5645,0.5694,0.567,0.5676,0.5666,0.5655,0.5624,0.5582,0.5585,0.5622,0.5648,0.5616,0.5537,0.5532,0.552,0.5476,0.5461,0.5403,0.5334,0.5277,0.5266,0.5278,0.5209,0.5,0.4936,0.494,0.4941,0.4931,0.4723,0.4669,0.4619,0.4597,0.4589,0.4601,0.4538,0.4522,0.4554,0.4539,0.4444,0.445,0.4456,0.4481,0.4482,0.439,0.4344,0.4351,0.4324,0.4308,0.4295,0.4302,0.4283,0.428,0.4255
0.7367,0.7301,0.7239,0.7168,0.7094,0.7016,0.694,0.6951,0.6929,0.6917,0.6903,0.6891,0.6881,0.6904,0.6913,0.6707,0.665,0.6677,0.6707,0.6723,0.6715,0.6719,0.6719,0.6644,0.6663,0.6705,0.6706,0.6701,0.6725,0.6579,0.6383,0.6252,0.6142,0.6008,0.5878,0.5704,0.5608,0.5551,0.5461,0.5382,0.5244,0.5116,0.5056,0.4899,0.4665,0.4552,0.4472,0.437,0.4268,0.4128,0.3714,0.3611,0.35,0.3447,0.3412,0.3323,0.3301,0.3309,0.332,0.3323,0.327,0.3121,0.3063,0.3002,0.2911,0.2773,0.2546,0.2435,0.2284,0.2106,0.2043,0.1991,0.1971,0.1979,0.1975,0.1935,0.1898,0.1829,0.1726,0.1665,0.1607,0.154,0.1483,0.1433,0.1322,0.1277,0.1278,0.127,0.1248,0.1199
0.743,0.7378,0.7247,0.72,0.7196,0.7142,0.7082,0.7024,0.6949,0.6868,0.6815,0.6749,0.6571,0.6549,0.655,0.6466,0.6408,0.6368,0.6368,0.6369,0.6335,0.6288,0.626,0.6224,0.6126,0.5995,0.5909,0.5904,0.5844,0.5825,0.569,0.5533,0.5459,0.5436,0.5383,0.5323,0.5278,0.5218,0.5195,0.5104,0.4815,0.4745,0.4772,0.4744,0.4643,0.4626,0.4565,0.4324,0.4167,0.4167,0.4028,0.3946,0.3862,0.3809,0.3741,0.368,0.3567,0.3377,0.3255,0.3134,0.2906,0.2665,0.2491,0.2322,0.2189,0.2029,0.1607,0.1236,0.1099,0.1034,0.0919,0.0825,0.0741,0.07,0.06,0.0522,0.0483,0.046,0.0406,0.0366,0.0324,0.0256,0.0203,0.0142,0.0113,0.0109,0.0111,0.0113,0.0106,0.0102
0.6611,0.6621,0.6493,0.6511,0.6521,0.653,0.6443,0.6323,0.6229,0.6232,0.6269,0.6251,0.6224,0.6203,0.6199,0.6184,0.6146,0.6102,0.605,0.6018,0.5992,0.5838,0.5834,0.577,0.5683,0.5482,0.5366,0.5357,0.5388,0.538,0.5347,0.5044,0.4832,0.4758,0.4612,0.4465,0.438,0.4442,0.4487,0.4437,0.421,0.408,0.3941,0.3859,0.3808,0.3747,0.3681,0.352,0.3458,0.345,0.3419,0.3306,0.3171,0.2764,0.247,0.2328,0.2126,0.1689,0.1457,0.1179,0.1075,0.1041,0.103,0.0996,0.092,0.0715,0.0614,0.0333,0.0267,0.0265,0.0234,0.0212,0.018,0.0177,0.0169,0.0161,0.016,0.0159,0.0159,0.013,0.0127,0.0128,0.0121,0.0122,0.0118,0.0115,0.0115,0.0116,0.0119,0.0122
0.6521,0.6547,0.6516,0.6362,0.6223,0.6245,0.6187,0.603,0.6002,0.5983,0.5867,0.5795,0.5737,0.5629,0.5562,0.5528,0.5533,0.5515,0.5489,0.547,0.5398,0.5125,0.5069,0.5074,0.5059,0.4959,0.4867,0.4873,0.4855,0.4851,0.483,0.4714,0.4199,0.4098,0.3971,0.3965,0.3911,0.3933,0.3927,0.3911,0.3796,0.3395,0.3324,0.3283,0.325,0.3187,0.313,0.3032,0.2956,0.2896,0.2886,0.2754,0.2436,0.2224,0.2009,0.1923,0.1773,0.1505,0.0856,0.0723,0.0666,0.0507,0.048,0.0442,0.0397,0.0311,0.0286,0.0286,0.0276,0.0262,0.0257,0.0234,0.0227,0.0212,0.0212,0.021,0.0201,0.0197,0.0197,0.0166,0.0115,0.009,0.0085,0.0085,0.0086,0.0087,0.0085,0.0083,0.0082,0.0081
