0.711,0.7234,0.722,0.7099,0.707,0.7031,0.7072,0.7093,0.7071,0.7003,0.6975,0.6976,0.6924,0.6863,0.6768,0.6758,0.6771,0.6767,0.6709,0.667,0.6402,0.6283,0.6079,0.5897,0.5697,0.5667,0.5689,0.5682,0.5514,0.5061,0.3633,0.3456,0.3388,0.3255,0.3097,0.2932,0.2731,0.264,0.2287,0.2079,0.1811,0.1562,0.1367,0.1295,0.1214,0.1099,0.0947,0.0885,0.0743,0.0559,0.0328,0.0283,0.0121,0.0134,0.0132,0.0126,0.0119,0.0111,0.0098,0.0079,0.0077,0.0083,0.0082,0.0083,0.0084,0.0084,0.0086,0.0088,0.009,0.0084,0.0078,0.0085,0.0083,0.0088,0.0086,0.0084,0.0084,0.0086,0.009,0.0088,0.0086,0.009,0.009,0.0091,0.0081,0.0075,0.0071,0.0057,0.0061,0.0062
0.6324,0.6366,0.6387,0.6356,0.631,0.6222,0.6136,0.6047,0.6015,0.6022,0.6012,0.5974,0.588,0.5875,0.583,0.569,0.5591,0.5615,0.5651,0.5658,0.563,0.505,0.464,0.4272,0.4073,0.3832,0.3764,0.3614,0.3515,0.3441,0.2659,0.182,0.1824,0.1812,0.1762,0.1721,0.1491,0.1316,0.1193,0.116,0.0969,0.0875,0.0822,0.0781,0.0747,0.0675,0.0584,0.0566,0.0536,0.0489,0.0458,0.0398,0.0306,0.0241,0.0204,0.0161,0.0147,0.0109,0.0097,0.0092,0.0093,0.0099,0.0101,0.01,0.009,0.0084,0.0082,0.0084,0.0081,0.007,0.0063,0.0058,0.0051,0.0047,0.0042,0.0039,0.0036,0.0033,0.003,0.0025,0.0023,0.0022,0.0021,0.002,0.0019,0.0018,0.0017,0.0017,0.0017,0.0019
0.5291,0.5226,0.5187,0.5174,0.5139,0.5021,0.4924,0.4849,0.4812,0.4797,0.4786,0.4787,0.4738,0.4731,0.4697,0.4655,0.4199,0.4115,0.4097,0.4075,0.4071,0.3955,0.3673,0.3293,0.3187,0.3073,0.3032,0.3024,0.3009,0.2966,0.2925,0.261,0.242,0.2393,0.2312,0.2195,0.1985,0.1777,0.1639,0.1524,0.1386,0.1269,0.1169,0.1079,0.0992,0.0935,0.077,0.0703,0.0637,0.056,0.0504,0.0423,0.0357,0.0327,0.031,0.0267,0.0235,0.0108,0.0074,0.006,0.0054,0.0038,0.003,0.0024,0.0017,0.0015,0.0013,0.001,9e-04,8e-04,8e-04,9e-04,0.001,0.0013,0.0018,0.0024,0.0028,0.0031,0.0033,0.0038,0.004,0.0055,0.0067,0.007,0.0059,0.0067,0.0065,0.0065,0.0065,0.0052
0.4307,0.4107,0.4007,0.4035,0.4039,0.4006,0.3856,0.3828,0.3838,0.3814,0.3765,0.3697,0.3653,0.3644,0.3624,0.3618,0.3388,0.3204,0.313,0.3051,0.3016,0.3,0.2924,0.2858,0.2807,0.2639,0.243,0.2378,0.233,0.226,0.2193,0.2117,0.1854,0.1588,0.1379,0.1238,0.1106,0.0986,0.0863,0.08,0.0746,0.0673,0.0601,0.0524,0.0431,0.0382,0.036,0.0347,0.0331,0.0327,0.0318,0.0306,0.03,0.0295,0.0291,0.0286,0.0282,0.0259,0.0234,0.0223,0.0212,0.0211,0.0214,0.0219,0.0206,0.0187,0.018,0.0179,0.0175,0.0167,0.0156,0.0152,0.0146,0.0126,0.011,0.0104,0.011,0.0106,0.0099,0.0097,0.0094,0.0089,0.0076,0.0059,0.0039,0.0032,0.002,0.0016,0.0015,0.0015
0.404,0.389,0.3723,0.3732,0.3711,0.3694,0.3618,0.3406,0.3358,0.3321,0.3297,0.3285,0.3301,0.3308,0.3282,0.3241,0.3149,0.2716,0.2425,0.2295,0.2208,0.2154,0.2066,0.2015,0.1981,0.1848,0.1786,0.1747,0.1687,0.1638,0.1561,0.1417,0.1208,0.1136,0.0989,0.0812,0.0596,0.0449,0.039,0.0318,0.0285,0.0273,0.0264,0.0251,0.0232,0.02,0.0186,0.0183,0.0181,0.0178,0.0164,0.0162,0.0169,0.0176,0.0184,0.0179,0.0168,0.0135,0.0096,0.0082,0.0083,0.0085,0.0083,0.0074,0.006,0.0056,0.0058,0.0059,0.006,0.0059,0.0059,0.0059,0.0043,0.0032,0.0031,0.0031,0.0032,0.0029,0.0028,0.0027,0.0028,0.0029,0.0029,0.003,0.0032,0.0033,0.0032,0.0033,0.0033,0.0033
0.3619,0.3631,0.3644,0.358,0.3546,0.3538,0.3554,0.3424,0.3167,0.314,0.3098,0.3068,0.3071,0.3078,0.3071,0.3078,0.3103,0.2964,0.2845,0.2841,0.2803,0.2786,0.2733,0.272,0.2707,0.2638,0.2573,0.2504,0.2457,0.2436,0.2369,0.2289,0.2244,0.2242,0.2203,0.2121,0.2058,0.1939,0.1869,0.1769,0.1632,0.1511,0.1425,0.1303,0.12,0.1074,0.0949,0.0703,0.0402,0.0318,0.0211,0.0182,0.0174,0.0159,0.0143,0.0126,0.0118,0.0107,0.0088,0.0078,0.0073,0.0064,0.0061,0.006,0.0056,0.0051,0.005,0.0049,0.0048,0.0048,0.0047,0.0046,0.0042,0.0039,0.0037,0.0036,0.0035,0.0035,0.0035,0.0035,0.0034,0.0032,0.003,0.0029,0.0027,0.0025,0.0025,0.0024,0.0023,0.0023
0.3553,0.3547,0.3434,0.3412,0.3371,0.3334,0.3318,0.3317,0.328,0.3223,0.3204,0.3099,0.3064,0.3053,0.3068,0.3076,0.3068,0.302,0.2957,0.2917,0.286,0.2786,0.2679,0.2586,0.2526,0.2438,0.2359,0.2245,0.2097,0.1989,0.1871,0.1814,0.1703,0.1549,0.143,0.1251,0.1088,0.0972,0.0766,0.059,0.0366,0.0253,0.0195,0.0092,0.0077,0.0069,0.0059,0.0046,0.0031,0.002,0.0016,0.0014,0.0013,0.0011,8e-04,7e-04,6e-04,7e-04,7e-04,7e-04,7e-04,8e-04,7e-04,6e-04,5e-04,5e-04,5e-04,5e-04,5e-04,5e-04,5e-04,5e-04,5e-04,4e-04,4e-04,4e-04,4e-04,3e-04,3e-04,3e-04,3e-04,3e-04,3e-04,2e-04,2e-04,2e-04,1e-04,1e-04,1e-04,1e-04
0.3957,0.391,0.3827,0.3773,0.3631,0.3491,0.3408,0.341,0.3411,0.3351,0.3228,0.3149,0.2984,0.2865,0.2799,0.2762,0.263,0.2518,0.2372,0.2223,0.2059,0.1761,0.1363,0.1117,0.1017,0.0885,0.0679,0.0523,0.0417,0.0371,0.033,0.0306,0.0259,0.0213,0.019,0.0138,0.0125,0.0119,0.0111,0.0101,0.0093,0.0086,0.0069,0.0061,0.0057,0.0055,0.0051,0.0049,0.0045,0.0043,0.0039,0.0032,0.0029,0.0027,0.0023,0.0018,0.0012,7e-04,5e-04,4e-04,3e-04,3e-04,2e-04,1e-04,1e-04,1e-04,1e-04,1e-04,0,0,0,0,0,0,0,0,0,0,0,0,0,0,0,0,1e-04,1e-04,1e-04,1e-04,1e-04,2e-04
0.2413,0.242,0.231,0.2188,0.2082,0.1968,0.1932,0.1915,0.1941,0.194,0.1887,0.1841,0.1796,0.1681,0.1642,0.1551,0.1342,0.1276,0.1133,0.1,0.0945,0.0618,0.026,0.0193,0.0166,0.0151,0.0126,0.0094,0.0086,0.0084,0.0077,0.0067,0.006,0.006,0.0056,0.0032,0.0029,0.0021,0.0021,0.0021,0.0019,0.0015,1e-04,1e-04,0,0,0,0,0,0,0,0,0,0,0,0,0,0,0,0,0,1e-04,1e-04,1e-04,1e-04,2e-04,2e-04,2e-04,2e-04,3e-04,3e-04,3e-04,4e-04,4e-04,4e-04,5e-04,5e-04,5e-04,5e-04,5e-04,6e-04,6e-04,6e-04,6e-04,7e-04,7e-04,7e-04,7e-04,7e-04,7e-04
0.1733,0.172,0.1668,0.1572,0.1512,0.1479,0.1459,0.1461,0.1458,0.1435,0.1347,0.1285,0.1277,0.1227,0.1198,0.1151,0.112,0.1082,0.1024,0.0985,0.0968,0.0913,0.0864,0.0824,0.0806,0.0765,0.0707,0.0651,0.0619,0.0576,0.0553,0.0533,0.0505,0.0488,0.0456,0.0417,0.0359,0.0295,0.024,0.0205,0.0164,0.0122,0.013,0.0122,0.011,0.0113,0.0097,0.007,0.0049,0.0041,0.0024,0.0015,0.0012,0.001,7e-04,7e-04,7e-04,6e-04,6e-04,5e-04,5e-04,4e-04,4e-04,4e-04,3e-04,3e-04,3e-04,3e-04,2e-04,2e-04,2e-04,2e-04,1e-04,1e-04,1e-04,1e-04,1e-04,1e-04,1e-04,1e-04,1e-04,0,0,0,0,0,0,0,0,0
0.226,0.2251,0.2206,0.2101,0.201,0.1971,0.193,0.1923,0.1878,0.1797,0.1727,0.1692,0.1659,0.1598,0.1554,0.1499,0.1427,0.1379,0.1265,0.1237,0.1206,0.1162,0.0979,0.0863,0.077,0.072,0.0629,0.0551,0.0478,0.0426,0.0306,0.0257,0.0172,0.0123,0.0075,0.0043,0.0027,0.0017,0.0016,0.0017,0.0014,8e-04,8e-04,4e-04,2e-04,2e-04,2e-04,2e-04,1e-04,1e-04,1e-04,0,0,0,0,0,0,0,0,0,0,0,0,0,0,0,0,0,0,0,0,0,0,0,0,0,0,0,0,0,0,0,0,0,0,0,0,0,0,0
0.2096,0.2092,0.2056,0.1985,0.1897,0.185,0.1687,0.16,0.1478,0.1298,0.1287,0.1287,0.1239,0.1154,0.1096,0.1001,0.0957,0.0866,0.0729,0.0639,0.0603,0.043,0.028,0.0207,0.0146,0.0071,0.0045,0.0031,0.0019,0.0018,0.0017,0.0016,0.0014,0.0011,9e-04,9e-04,8e-04,7e-04,7e-04,5e-04,4e-04,4e-04,3e-04,3e-04,2e-04,2e-04,2e-04,2e-04,2e-04,2e-04,2e-04,2e-04,1e-04,1e-04,1e-04,1e-04,1e-04,1e-04,1e-04,1e-04,1e-04,1e-04,1e-04,0,0,0,0,0,0,0,0,1e-04,1e-04,1e-04,1e-04,1e-04,1e-04,1e-04,2e-04,3e-04,4e-04,6e-04,7e-04,8e-04,8e-04,8e-04,8e-04,5e-04,6e-04,6e-04
0.1428,0.1408,0.1357,0.1274,0.124,0.1235,0.1176,0.1109,0.1013,0.0916,0.0871,0.083,0.0731,0.0615,0.0482,0.0354,0.0291,0.0175,0.0094,0.0054,0.004,0.0032,0.0029,0.0028,0.0028,0.0015,0.0012,0.0013,0.0012,0.0012,0.0013,0.0013,0.001,0.0011,0.0011,0.0012,0.0011,0.0012,0.0013,0.0015,0.0018,0.0022,0.0024,0.0021,0.0023,0.0021,0.0017,0.0014,0.0014,0.0014,0.0015,0.0017,0.0017,0.0016,0.0024,0.0014,0.0019,0.0016,0.0017,0.002,0.0021,0.0027,0.0037,0.0044,0.0032,0.0029,0.0039,0.005,0.0061,0.0073,0.0105,0.0105,0.0086,0.0085,0.0084,0.0075,0.0062,0.0058,0.0051,0.0048,0.0046,0.0042,0.0037,0.0035,0.0035,0.0038,0.0037,0.0044,0.0044,0.005
0.1284,0.1266,0.1258,0.1239,0.1155,0.1161,0.1073,0.1015,0.0961,0.0914,0.0885,0.0807,0.0687,0.0605,0.043,0.0393,0.0372,0.0385,0.0427,0.0503,0.0553,0.0583,0.0572,0.0531,0.0577,0.0577,0.0539,0.0519,0.0542,0.0561,0.0541,0.0596,0.0628,0.0633,0.0632,0.0639,0.0639,0.0655,0.0656,0.0647,0.062,0.0622,0.0619,0.053,0.0514,0.0499,0.0506,0.0508,0.0496,0.049,0.0421,0.0386,0.0336,0.0349,0.035,0.0333,0.0289,0.0261,0.0258,0.0237,0.0228,0.0253,0.0263,0.0263,0.0234,0.0192,0.02,0.0195,0.0163,0.0151,0.0117,0.0086,0.0082,0.0088,0.0137,0.0175,0.0187,0.0197,0.0215,0.0206,0.0195,0.0195,0.0119,0.0109,0.0123,0.0142,0.016,0.017,0.0185,0.0187
0.2007,0.1998,0.1963,0.1926,0.1922,0.1894,0.1899,0.1892,0.189,0.1889,0.1888,0.1875,0.1839,0.1809,0.1782,0.1735,0.1674,0.1612,0.1591,0.1609,0.1584,0.1546,0.1517,0.1535,0.1521,0.1504,0.1466,0.1461,0.1437,0.1417,0.1432,0.1396,0.1376,0.1354,0.1359,0.1334,0.1301,0.126,0.1216,0.1193,0.1159,0.1148,0.1137,0.1112,0.1101,0.1077,0.107,0.1035,0.1025,0.1015,0.0979,0.0959,0.096,0.0954,0.0934,0.092,0.0905,0.0882,0.0867,0.0839,0.0803,0.0788,0.0753,0.0692,0.0704,0.0715,0.0727,0.0748,0.0763,0.0749,0.0717,0.0697,0.0698,0.0694,0.0717,0.0724,0.0712,0.0692,0.0674,0.0666,0.066,0.0655,0.0657,0.0668,0.0662,0.0644,0.0644,0.0605,0.0609,0.0636
0.2845,0.2849,0.2837,0.2773,0.2722,0.2707,0.2721,0.2714,0.2689,0.27,0.2717,0.2717,0.2726,0.2709,0.27,0.2619,0.2542,0.2368,0.2293,0.2207,0.221,0.2201,0.2152,0.21,0.1991,0.1903,0.1834,0.1803,0.1778,0.1743,0.1747,0.1716,0.1692,0.167,0.166,0.1635,0.1569,0.1503,0.1454,0.1412,0.1385,0.1364,0.1335,0.1321,0.1308,0.1351,0.1381,0.1388,0.1375,0.1339,0.1299,0.1276,0.1266,0.1251,0.1225,0.1226,0.1212,0.1193,0.1163,0.1149,0.1126,0.1135,0.1132,0.1034,0.1006,0.1018,0.1027,0.1016,0.1024,0.1027,0.1031,0.1008,0.0998,0.0993,0.0958,0.0968,0.0978,0.0969,0.0946,0.0952,0.0956,0.0948,0.087,0.0839,0.0852,0.083,0.0837,0.0839,0.0836,0.0825
0.3577,0.3593,0.3612,0.3519,0.3441,0.3337,0.3306,0.3291,0.3295,0.3287,0.3263,0.3175,0.3063,0.3038,0.3015,0.2974,0.2958,0.29,0.2734,0.2638,0.2612,0.26,0.2633,0.2547,0.2494,0.2443,0.2429,0.2394,0.2359,0.2347,0.2277,0.2245,0.217,0.2153,0.2104,0.2039,0.1963,0.1897,0.1846,0.1821,0.1777,0.1721,0.1686,0.166,0.1654,0.1614,0.1584,0.1572,0.1558,0.1478,0.1412,0.1345,0.1324,0.1315,0.129,0.1264,0.1235,0.1236,0.1227,0.1186,0.1187,0.1161,0.1147,0.109,0.1062,0.105,0.1053,0.103,0.0994,0.0937,0.0916,0.0902,0.0881,0.0877,0.0851,0.0819,0.0823,0.0812,0.0785,0.0767,0.0742,0.0714,0.0676,0.0566,0.0532,0.0493,0.0471,0.0471,0.0465,0.0445
0.4118,0.4085,0.405,0.3999,0.3927,0.3866,0.3816,0.3796,0.3746,0.3688,0.3639,0.3614,0.3609,0.3631,0.3666,0.3662,0.3604,0.3589,0.3555,0.3464,0.3405,0.3353,0.3304,0.3248,0.3176,0.3086,0.3072,0.3021,0.2995,0.2973,0.2852,0.2787,0.2687,0.2598,0.2571,0.2496,0.2464,0.2445,0.2374,0.2297,0.2246,0.2198,0.2097,0.2074,0.2062,0.1993,0.1954,0.191,0.1872,0.1846,0.1717,0.1625,0.1519,0.1474,0.1459,0.1433,0.1405,0.1364,0.1362,0.1347,0.1314,0.1286,0.1266,0.1252,0.1206,0.1115,0.1077,0.1048,0.0994,0.0928,0.089,0.0866,0.0815,0.0781,0.0779,0.0756,0.0722,0.0713,0.0708,0.0699,0.0674,0.0638,0.0595,0.0489,0.0425,0.0397,0.037,0.0372,0.037,0.0366
0.435,0.4333,0.429,0.4214,0.4175,0.4086,0.3995,0.3896,0.3867,0.3778,0.3744,0.3742,0.3775,0.3789,0.3808,0.3814,0.3794,0.3758,0.3751,0.3703,0.3674,0.3575,0.3443,0.3386,0.3315,0.3239,0.3203,0.3153,0.3109,0.297,0.2869,0.2847,0.2808,0.2744,0.2711,0.2674,0.2658,0.2626,0.2567,0.2507,0.2449,0.2366,0.2322,0.2297,0.2241,0.2183,0.2098,0.2049,0.1964,0.1927,0.1857,0.1674,0.1527,0.1488,0.1466,0.1454,0.1414,0.1391,0.1419,0.1409,0.134,0.1305,0.1294,0.1273,0.1229,0.1154,0.1078,0.1031,0.0972,0.0804,0.0749,0.0734,0.0664,0.0573,0.0536,0.0497,0.0448,0.0463,0.0476,0.0479,0.0473,0.0397,0.0318,0.0285,0.024,0.0233,0.0199,0.0171,0.0172,0.0172
0.4861,0.489,0.4931,0.4914,0.4792,0.4733,0.4633,0.4462,0.4367,0.4326,0.4268,0.4231,0.4203,0.4152,0.4164,0.4189,0.4204,0.4221,0.4179,0.415,0.4138,0.4,0.3909,0.3839,0.3799,0.3739,0.3662,0.3608,0.3468,0.33,0.3158,0.3134,0.3093,0.3027,0.2944,0.2894,0.2853,0.2819,0.2788,0.2757,0.2717,0.264,0.2607,0.2519,0.2444,0.2385,0.2327,0.2279,0.2242,0.2175,0.2161,0.207,0.1902,0.176,0.1707,0.1706,0.1676,0.1594,0.1547,0.1481,0.1443,0.1414,0.1401,0.1386,0.1333,0.1266,0.1,0.0919,0.0825,0.0657,0.0543,0.051,0.05,0.0483,0.0465,0.0439,0.0383,0.0342,0.0312,0.0304,0.0283,0.0217,0.0177,0.017,0.0151,0.0125,0.0105,0.0074,0.0069,0.0068
0.4694,0.4714,0.4712,0.4723,0.474,0.4685,0.4691,0.4541,0.443,0.4411,0.44,0.4391,0.4378,0.4312,0.4262,0.4232,0.4228,0.4208,0.4092,0.399,0.3964,0.3946,0.3926,0.3893,0.3851,0.3832,0.3739,0.3642,0.3537,0.3415,0.3358,0.3268,0.3252,0.3263,0.3236,0.3165,0.3078,0.3041,0.3032,0.2984,0.2923,0.2794,0.2713,0.2602,0.2444,0.2254,0.2143,0.2026,0.1942,0.1868,0.1737,0.1575,0.14,0.1199,0.1099,0.0956,0.0868,0.0764,0.072,0.0679,0.0547,0.0505,0.0506,0.0489,0.0436,0.0367,0.0249,0.021,0.0176,0.0138,0.0074,0.007,0.0068,0.0064,0.0057,0.0049,0.0043,0.0032,0.0026,0.0023,0.0022,0.0018,0.0018,0.0018,0.0018,0.0018,0.0018,0.0018,0.002,0.002
0.4717,0.4721,0.4683,0.4611,0.456,0.4486,0.4327,0.4283,0.4067,0.4029,0.4007,0.4005,0.3992,0.3909,0.3812,0.3759,0.3741,0.3722,0.3695,0.3687,0.3661,0.3511,0.3409,0.3312,0.3239,0.3223,0.3182,0.3041,0.2974,0.2883,0.2779,0.2632,0.2568,0.2521,0.245,0.2269,0.2063,0.194,0.185,0.1743,0.1603,0.1427,0.1132,0.0838,0.0717,0.0612,0.048,0.0368,0.0298,0.0257,0.0201,0.0166,0.0148,0.0141,0.0136,0.0123,0.0108,0.0105,0.0093,0.007,0.0053,0.0056,0.0056,0.0055,0.0057,0.0061,0.0061,0.0059,0.005,0.0027,0.001,9e-04,7e-04,6e-04,5e-04,5e-04,4e-04,4e-04,4e-04,4e-04,4e-04,4e-04,3e-04,3e-04,3e-04,3e-04,3e-04,3e-04,3e-04,3e-04
0.4306,0.4336,0.4309,0.4207,0.408,0.3906,0.3748,0.3717,0.3594,0.3408,0.3306,0.3259,0.3222,0.3163,0.3032,0.2937,0.2855,0.2828,0.2816,0.28,0.2727,0.2619,0.2509,0.2397,0.2337,0.2292,0.2265,0.2194,0.2125,0.201,0.165,0.1446,0.133,0.1254,0.1125,0.1022,0.0943,0.0817,0.0774,0.075,0.0716,0.0681,0.066,0.0633,0.0596,0.0574,0.0569,0.0564,0.0558,0.0551,0.0519,0.0425,0.0364,0.0346,0.032,0.0301,0.0272,0.0261,0.0251,0.0211,0.0187,0.0188,0.019,0.0188,0.0161,0.0149,0.0143,0.0127,0.0119,0.0113,0.0094,0.0049,0.0025,0.0019,0.0014,0.001,0.0011,9e-04,6e-04,4e-04,4e-04,3e-04,4e-04,5e-04,5e-04,6e-04,7e-04,6e-04,6e-04,6e-04
0.3176,0.317,0.3115,0.3035,0.2956,0.2866,0.283,0.2818,0.2822,0.2773,0.275,0.277,0.2759,0.2761,0.273,0.2638,0.2606,0.257,0.2569,0.2512,0.2452,0.2377,0.2284,0.2196,0.2168,0.2144,0.2138,0.2114,0.2018,0.1744,0.1465,0.1374,0.134,0.1326,0.13,0.1226,0.1059,0.1021,0.1004,0.0972,0.0928,0.0887,0.0834,0.0787,0.0738,0.0691,0.0646,0.0574,0.0518,0.0488,0.0448,0.0413,0.0382,0.0371,0.0358,0.0344,0.0331,0.031,0.0289,0.0267,0.0259,0.0248,0.0239,0.0227,0.0209,0.0189,0.0184,0.0158,0.0141,0.011,0.01,0.0065,0.0041,0.0028,0.0023,0.0011,7e-04,5e-04,4e-04,4e-04,3e-04,3e-04,3e-04,2e-04,2e-04,2e-04,2e-04,1e-04,1e-04,1e-04
0.2763,0.2722,0.2681,0.2646,0.2616,0.2552,0.2483,0.2455,0.2438,0.2407,0.2407,0.2343,0.2248,0.2192,0.2144,0.2068,0.192,0.1814,0.175,0.1689,0.1598,0.1489,0.1435,0.1375,0.139,0.1293,0.1247,0.1183,0.1037,0.0902,0.0821,0.0707,0.0665,0.0624,0.0569,0.0495,0.0383,0.0319,0.0252,0.02,0.0164,0.0129,0.0115,0.0107,0.0098,0.0088,0.0063,0.0043,0.0033,0.003,0.0028,0.0028,0.0029,0.0029,0.0015,0.0015,0.0015,0.0015,0.0015,0.0014,0.0014,0.0014,0.0014,0.0014,0.0013,0.001,9e-04,9e-04,9e-04,8e-04,8e-04,8e-04,8e-04,8e-04,5e-04,1e-04,1e-04,1e-04,1e-04,1e-04,1e-04,1e-04,1e-04,0,1e-04,1e-04,0,0,0,0
0.1873,0.1743,0.1705,0.1677,0.1665,0.1643,0.1594,0.1576,0.1564,0.1545,0.1526,0.1421,0.1296,0.1172,0.1088,0.1051,0.0899,0.0785,0.0726,0.0704,0.0667,0.062,0.0595,0.0575,0.0572,0.0576,0.0565,0.0534,0.0462,0.0365,0.0327,0.0273,0.0259,0.0253,0.0257,0.0257,0.0248,0.0236,0.0232,0.0228,0.0229,0.0225,0.0229,0.0225,0.0234,0.0232,0.022,0.0217,0.0215,0.0217,0.0216,0.0212,0.0212,0.0201,0.0195,0.0195,0.0196,0.0196,0.0189,0.0178,0.0171,0.0165,0.015,0.0143,0.0131,0.0118,0.0114,0.0112,0.0113,0.0113,0.011,0.0098,0.0085,0.0082,0.0067,0.0049,0.0036,0.0027,0.0026,0.0025,0.0025,0.0025,0.0026,0.0027,0.003,0.0027,0.0026,0.0026,0.0027,0.0029
0.1472,0.1421,0.1415,0.1402,0.1412,0.1404,0.1388,0.1353,0.1317,0.1301,0.1274,0.1237,0.1219,0.1181,0.1133,0.1118,0.1085,0.1036,0.1008,0.0974,0.0942,0.0913,0.0895,0.0864,0.0827,0.0811,0.0803,0.0779,0.071,0.0706,0.0706,0.0693,0.0675,0.0656,0.0635,0.0617,0.0605,0.058,0.0548,0.0522,0.0499,0.0481,0.0456,0.0412,0.0381,0.0347,0.0327,0.0305,0.029,0.0285,0.027,0.0246,0.0229,0.0213,0.0193,0.0179,0.0166,0.0154,0.0147,0.014,0.0131,0.0121,0.0113,0.0107,0.0101,0.0097,0.0094,0.0091,0.0087,0.0084,0.0081,0.0074,0.0065,0.006,0.0057,0.0054,0.0051,0.0049,0.0048,0.0046,0.0042,0.0037,0.0031,0.0026,0.0023,0.0021,0.0019,0.0016,0.0013,0.0011
0.2171,0.2106,0.2064,0.2012,0.1973,0.1951,0.192,0.19,0.1815,0.1786,0.1733,0.1693,0.1651,0.159,0.1504,0.1425,0.1373,0.1318,0.1236,0.1206,0.1176,0.114,0.112,0.107,0.1027,0.1001,0.0962,0.0882,0.078,0.0702,0.0573,0.0503,0.0418,0.0329,0.0252,0.0208,0.0186,0.0174,0.0167,0.0156,0.0136,0.0132,0.0119,0.0103,0.0078,0.0057,0.0051,0.0048,0.0045,0.0044,0.0042,0.0033,0.0027,0.0028,0.0029,0.0028,0.0025,0.001,6e-04,4e-04,1e-04,1e-04,1e-04,2e-04,2e-04,3e-04,3e-04,3e-04,4e-04,5e-04,5e-04,6e-04,6e-04,5e-04,6e-04,6e-04,6e-04,6e-04,6e-04,6e-04,6e-04,5e-04,5e-04,4e-04,4e-04,3e-04,3e-04,3e-04,3e-04,3e-04
0.2113,0.2085,0.2029,0.1985,0.1956,0.1946,0.1958,0.1947,0.1879,0.1796,0.1715,0.1657,0.164,0.1598,0.1559,0.1529,0.1499,0.1491,0.148,0.1459,0.1443,0.1418,0.138,0.1374,0.136,0.131,0.125,0.1212,0.116,0.1108,0.0967,0.0886,0.0772,0.0681,0.0568,0.0512,0.0476,0.0455,0.0424,0.0389,0.0367,0.0338,0.0311,0.0272,0.0224,0.0201,0.0181,0.0173,0.0164,0.0162,0.0155,0.0148,0.0148,0.0147,0.0147,0.0139,0.0127,0.0117,0.0111,0.0108,0.0099,0.0091,0.008,0.0079,0.0077,0.0068,0.0066,0.0065,0.0062,0.0059,0.0057,0.0051,0.0045,0.0046,0.0043,0.0043,0.004,0.0034,0.0028,0.0022,0.002,0.0022,0.0022,0.0019,0.0018,0.0017,0.0016,0.0015,0.0014,0.0013
0.1047,0.1014,0.096,0.0912,0.0869,0.083,0.0792,0.0747,0.073,0.0711,0.0693,0.0695,0.0697,0.069,0.067,0.066,0.0651,0.0636,0.0614,0.0604,0.0589,0.0573,0.0559,0.0543,0.0537,0.0543,0.054,0.0545,0.0549,0.0565,0.0582,0.0602,0.0613,0.0616,0.0613,0.0605,0.0614,0.0619,0.0621,0.0626,0.0623,0.0628,0.0631,0.0615,0.0596,0.0566,0.0568,0.0566,0.0559,0.0554,0.0542,0.054,0.0551,0.0562,0.0566,0.0559,0.0556,0.0548,0.0534,0.0504,0.0471,0.0473,0.0462,0.0448,0.0484,0.0491,0.0487,0.0487,0.0485,0.048,0.0479,0.0482,0.0474,0.0469,0.0467,0.0474,0.0476,0.0474,0.0461,0.0458,0.0465,0.0463,0.0471,0.0472,0.0474,0.0458,0.0464,0.0489,0.0491,0.0474
0.4792,0.4759,0.4737,0.467,0.4605,0.4557,0.4513,0.444,0.4395,0.44,0.4441,0.4477,0.4487,0.4493,0.4481,0.4461,0.4429,0.4389,0.4344,0.4366,0.441,0.4423,0.4438,0.4442,0.4454,0.4503,0.4583,0.4669,0.4734,0.4807,0.4906,0.4967,0.4993,0.5025,0.5048,0.4992,0.5019,0.5045,0.5064,0.5096,0.512,0.5152,0.5165,0.5107,0.5017,0.4941,0.4846,0.4791,0.4766,0.4751,0.4733,0.4744,0.4779,0.4849,0.4899,0.4915,0.4911,0.4871,0.4808,0.4713,0.46,0.455,0.4464,0.4334,0.4296,0.435,0.4341,0.4307,0.4289,0.4313,0.4353,0.4382,0.4378,0.434,0.4332,0.4374,0.437,0.4356,0.4301,0.4241,0.424,0.4347,0.443,0.4481,0.447,0.4505,0.4513,0.4525,0.4601,0.467
0.631,0.6312,0.63,0.6296,0.6299,0.628,0.6291,0.6317,0.6276,0.6205,0.6151,0.6105,0.6081,0.6073,0.6033,0.5994,0.596,0.5935,0.5923,0.5906,0.5841,0.5832,0.5862,0.5901,0.5906,0.5881,0.5869,0.5843,0.5898,0.5962,0.6003,0.602,0.6034,0.6024,0.6037,0.6004,0.5981,0.5966,0.5969,0.5953,0.5922,0.5922,0.5904,0.5899,0.5908,0.5906,0.5828,0.5736,0.5676,0.5624,0.5587,0.5568,0.5553,0.545,0.5385,0.5355,0.532,0.528,0.5275,0.5285,0.5265,0.5153,0.5103,0.506,0.4788,0.4663,0.4596,0.4532,0.447,0.4394,0.4297,0.426,0.4257,0.4249,0.4174,0.4101,0.4045,0.4022,0.405,0.4044,0.3879,0.373,0.3609,0.3484,0.3444,0.3414,0.3419,0.3406,0.3435,0.3386
0.736,0.7375,0.7349,0.7325,0.7322,0.7305,0.7265,0.723,0.7166,0.7044,0.6965,0.6868,0.6809,0.6787,0.6821,0.6899,0.6946,0.6936,0.6926,0.6837,0.6786,0.6757,0.6752,0.6766,0.6778,0.668,0.6497,0.6381,0.628,0.6192,0.6185,0.6075,0.5999,0.5982,0.5951,0.5729,0.5625,0.5362,0.525,0.5104,0.4973,0.4897,0.4798,0.464,0.4604,0.4545,0.4531,0.4525,0.4489,0.4419,0.4256,0.3834,0.3599,0.3517,0.3363,0.3213,0.3111,0.3038,0.293,0.2846,0.2808,0.275,0.2676,0.2565,0.245,0.2244,0.2124,0.2073,0.1984,0.1822,0.1501,0.124,0.1085,0.0976,0.0907,0.0811,0.0786,0.0787,0.0796,0.0801,0.0776,0.0647,0.0503,0.0422,0.0409,0.0397,0.0359,0.0294,0.0233,0.0157
0.7342,0.7365,0.739,0.7412,0.7393,0.7323,0.7175,0.703,0.6949,0.688,0.6799,0.6739,0.6649,0.6598,0.6617,0.6631,0.6628,0.6631,0.6633,0.6496,0.6412,0.6374,0.6343,0.6314,0.6231,0.6163,0.6078,0.5898,0.5798,0.5766,0.566,0.5591,0.5539,0.5494,0.5442,0.5257,0.5058,0.4988,0.4827,0.4374,0.4244,0.4127,0.3977,0.3731,0.3416,0.3102,0.2934,0.2814,0.2703,0.2633,0.2233,0.1593,0.1287,0.1073,0.0803,0.0555,0.0395,0.0348,0.0317,0.0299,0.0273,0.0262,0.0261,0.0259,0.0259,0.0251,0.0159,0.0156,0.0156,0.0103,0.0093,0.0087,0.0083,0.0081,0.0079,0.0078,0.0078,0.0078,0.0079,0.008,0.008,0.008,0.008,0.008,0.008,0.008,0.0082,0.0083,0.0079,0.008
0.6557,0.6514,0.6457,0.6446,0.6421,0.6401,0.6397,0.6339,0.6249,0.6252,0.6233,0.6249,0.6249,0.6126,0.5999,0.5938,0.589,0.5855,0.5869,0.5875,0.5792,0.5781,0.5712,0.576,0.5713,0.5694,0.5683,0.552,0.5157,0.47,0.4595,0.4491,0.4371,0.4292,0.4229,0.4169,0.4088,0.3948,0.363,0.3246,0.2935,0.258,0.2326,0.2126,0.1806,0.1444,0.1244,0.1111,0.1021,0.0938,0.0651,0.0447,0.0422,0.0408,0.036,0.0334,0.0334,0.0326,0.0296,0.027,0.0259,0.0244,0.0244,0.0242,0.0241,0.0245,0.0221,0.0221,0.023,0.0201,0.0137,0.0125,0.0113,0.011,0.0109,0.0106,0.01,0.0099,0.0101,0.0102,0.0101,0.0102,0.01,0.0094,0.0094,0.0096,0.0082,0.0081,0.008,0.0076
0.6292,0.6289,0.6251,0.6261,0.6233,0.6119,0.6091,0.6073,0.6011,0.599,0.5948,0.5945,0.5878,0.5842,0.5717,0.5659,0.5622,0.5533,0.5552,0.554,0.528,0.5219,0.5168,0.5056,0.4984,0.4957,0.4906,0.4794,0.4303,0.3966,0.3766,0.3724,0.3664,0.365,0.3643,0.3603,0.3587,0.3477,0.3281,0.3007,0.2794,0.2693,0.255,0.2503,0.2424,0.2217,0.2142,0.213,0.2111,0.2077,0.193,0.1521,0.1212,0.1174,0.1126,0.0983,0.075,0.0673,0.0616,0.0513,0.0482,0.0446,0.0421,0.0386,0.0373,0.0372,0.0371,0.0359,0.0308,0.029,0.0268,0.007,0.0053,0.0053,0.0053,0.0052,0.0051,0.0051,0.0052,0.0053,0.0054,0.0054,0.0054,0.0055,0.0054,0.0047,0.0037,0.0026,0.0023,0.0021
