0.7211,0.7237,0.7247,0.703,0.6938,0.6913,0.6872,0.6859,0.6808,0.6728,0.671,0.6661,0.6721,0.6746,0.6672,0.6605,0.6515,0.6458,0.641,0.6261,0.6191,0.6072,0.6119,0.6153,0.6093,0.5961,0.5643,0.5382,0.5346,0.536,0.5438,0.538,0.5239,0.4934,0.4655,0.449,0.4357,0.4304,0.4243,0.4121,0.3899,0.3235,0.2746,0.2683,0.2493,0.2327,0.229,0.2187,0.2102,0.2068,0.1995,0.1854,0.1634,0.1529,0.1483,0.1193,0.0655,0.0624,0.0509,0.0501,0.0393,0.0232,0.0223,0.0199,0.0173,0.0146,0.0134,0.0115,0.0105,0.01,0.0074,0.0052,0.0052,0.0052,0.0051,0.0048,0.0045,0.0036,0.0034,0.0033,0.0032,0.0032,0.0031,0.0031,0.0032,0.0028,0.0017,0.0012,9e-04,9e-04
0.6518,0.6543,0.6516,0.6506,0.643,0.6426,0.6507,0.6511,0.6479,0.6387,0.6386,0.6391,0.6435,0.639,0.6317,0.6311,0.6252,0.6248,0.6218,0.6132,0.6014,0.5899,0.5786,0.5507,0.5337,0.522,0.5164,0.4942,0.4235,0.4152,0.4175,0.415,0.4117,0.4028,0.3443,0.328,0.3231,0.3134,0.3022,0.2954,0.2785,0.2484,0.2174,0.1905,0.1691,0.1415,0.1321,0.1271,0.1127,0.104,0.0912,0.0764,0.0602,0.0499,0.0496,0.0382,0.023,0.0163,0.0116,0.0109,0.0088,0.005,0.0042,0.0041,0.004,0.0038,0.0014,7e-04,6e-04,6e-04,3e-04,0,0,0,0,0,1e-04,1e-04,2e-04,3e-04,3e-04,4e-04,4e-04,5e-04,5e-04,6e-04,6e-04,6e-04,6e-04,6e-04
0.5271,0.5253,0.5096,0.4982,0.4953,0.497,0.4981,0.4985,0.495,0.4939,0.4965,0.4955,0.4919,0.4814,0.478,0.479,0.4703,0.4589,0.4515,0.4388,0.4279,0.4173,0.4057,0.3849,0.3625,0.3454,0.3408,0.3386,0.3239,0.313,0.2949,0.2868,0.2806,0.2714,0.2567,0.2309,0.185,0.1461,0.121,0.1106,0.1002,0.075,0.063,0.0407,0.0257,0.017,0.0148,0.015,0.0143,0.0139,0.0138,0.0137,0.0136,0.0129,0.0127,0.0127,0.0118,0.0101,0.0068,0.0059,0.0051,0.0041,0.004,0.0037,0.0032,0.003,0.0016,0.0017,0.0018,0.002,0.0021,0.0018,0.0017,0.0018,0.0017,0.0016,0.0014,0.0013,0.0012,0.001,9e-04,9e-04,9e-04,8e-04,8e-04,8e-04,8e-04,0.001,9e-04,8e-04
0.4506,0.4483,0.4401,0.4307,0.4291,0.4227,0.4103,0.3974,0.3921,0.3882,0.3859,0.3859,0.3809,0.3788,0.3793,0.377,0.3763,0.3741,0.366,0.3625,0.3572,0.3561,0.3508,0.3485,0.3313,0.3032,0.2995,0.3007,0.2966,0.2753,0.2627,0.2402,0.2328,0.226,0.2183,0.2027,0.1655,0.1376,0.1204,0.0968,0.0663,0.0516,0.0435,0.0406,0.0363,0.033,0.0317,0.03,0.0288,0.0285,0.0285,0.0284,0.0282,0.0282,0.0281,0.0279,0.0275,0.0268,0.0256,0.025,0.0211,0.0189,0.0178,0.0169,0.0151,0.0129,0.0104,0.0076,0.0052,0.0041,0.0038,0.0039,0.0028,0.0025,0.0024,0.0025,0.0025,0.0025,0.0024,0.0025,0.0028,0.003,0.0029,0.003,0.0029,0.003,0.0032,0.0033,0.0036,0.0039
0.3975,0.3995,0.4002,0.4009,0.3981,0.3968,0.3894,0.3756,0.3605,0.3521,0.3475,0.3359,0.3283,0.3217,0.3103,0.3036,0.3041,0.2948,0.2909,0.2696,0.2608,0.2616,0.2531,0.2392,0.2172,0.2066,0.2061,0.2059,0.2016,0.1897,0.1851,0.183,0.1841,0.1807,0.1777,0.1722,0.1662,0.1599,0.1545,0.1402,0.1238,0.1114,0.0951,0.0801,0.0687,0.0665,0.0676,0.0615,0.0587,0.0579,0.0595,0.0575,0.0545,0.0499,0.0461,0.0432,0.0413,0.0351,0.0266,0.0183,0.0172,0.0168,0.0149,0.014,0.013,0.0128,0.0142,0.015,0.0153,0.0165,0.0179,0.0176,0.0181,0.018,0.0146,0.0122,0.0113,0.0092,0.0081,0.0075,0.0074,0.007,0.0066,0.0059,0.0053,0.005,0.0047,0.0046,0.0045,0.0043
0.3602,0.3632,0.3633,0.3635,0.3646,0.3628,0.3576,0.351,0.3469,0.3127,0.2906,0.2796,0.2782,0.272,0.2701,0.2696,0.2702,0.2688,0.2603,0.2567,0.2574,0.2532,0.2477,0.241,0.2304,0.2161,0.2099,0.2042,0.202,0.199,0.1888,0.1851,0.1824,0.1786,0.1731,0.1692,0.1663,0.1605,0.1563,0.1496,0.1427,0.1387,0.1333,0.1295,0.1203,0.1098,0.1085,0.1017,0.0973,0.0949,0.0918,0.0866,0.0812,0.0747,0.0671,0.06,0.0578,0.0508,0.0393,0.0327,0.0271,0.0212,0.0189,0.0161,0.013,0.0104,0.0085,0.0074,0.0064,0.0061,0.0056,0.0052,0.0039,0.0028,0.0023,0.0015,0.001,8e-04,7e-04,6e-04,6e-04,5e-04,5e-04,5e-04,5e-04,6e-04,6e-04,6e-04,6e-04,6e-04
0.3249,0.3232,0.3178,0.3133,0.311,0.3096,0.3068,0.305,0.3015,0.2926,0.2734,0.2582,0.2515,0.2438,0.2355,0.2326,0.2275,0.2223,0.216,0.2102,0.2053,0.1985,0.1909,0.1879,0.183,0.1752,0.1711,0.1679,0.1669,0.1651,0.1605,0.1511,0.1371,0.1239,0.116,0.1088,0.1028,0.0919,0.0768,0.0665,0.0615,0.0573,0.0549,0.0516,0.0448,0.0407,0.0307,0.0254,0.0156,0.0121,0.009,0.0078,0.0062,0.004,0.0031,0.0028,0.0027,0.0021,9e-04,7e-04,7e-04,7e-04,6e-04,5e-04,4e-04,2e-04,2e-04,2e-04,3e-04,3e-04,3e-04,3e-04,3e-04,3e-04,3e-04,3e-04,3e-04,3e-04,3e-04,4e-04,4e-04,4e-04,3e-04,3e-04,3e-04,3e-04,3e-04,2e-04,2e-04,2e-04
0.3239,0.3199,0.3136,0.3019,0.3018,0.3017,0.2997,0.2987,0.2951,0.2818,0.266,0.2577,0.2352,0.2199,0.2077,0.1969,0.1908,0.1831,0.1797,0.1713,0.1526,0.1448,0.1426,0.1387,0.1312,0.116,0.091,0.0779,0.0722,0.0638,0.0549,0.0483,0.0346,0.0274,0.023,0.0195,0.0175,0.0161,0.015,0.0143,0.0139,0.0134,0.0131,0.0124,0.0107,0.0102,0.0095,0.0092,0.0087,0.0085,0.0075,0.0063,0.0054,0.0051,0.0047,0.0042,0.0041,0.0038,0.003,0.0027,0.0024,0.0021,0.002,0.0015,8e-04,4e-04,3e-04,2e-04,2e-04,2e-04,2e-04,1e-04,1e-04,1e-04,1e-04,1e-04,1e-04,1e-04,1e-04,1e-04,1e-04,0,0,0,0,0,0,0,0,0
0.2204,0.2214,0.2213,0.2163,0.216,0.2141,0.2152,0.2136,0.2102,0.2025,0.1875,0.183,0.1741,0.1589,0.1418,0.124,0.109,0.1016,0.0931,0.0854,0.0639,0.0527,0.0501,0.0415,0.0323,0.0245,0.0128,0.01,0.009,0.0075,0.0061,0.0059,0.0049,0.0036,0.003,0.0029,0.0027,0.0024,0.0018,0.0017,0.0015,0.0015,0.0014,0.0013,0.0012,0.001,9e-04,8e-04,8e-04,7e-04,5e-04,2e-04,1e-04,1e-04,1e-04,1e-04,0,0,0,0,0,0,0,0,0,0,0,0,0,0,0,0,0,0,0,0,0,0,0,0,0,0,0,0,0,0,0,0,0,0
0.17,0.1691,0.1692,0.1666,0.1644,0.1622,0.1613,0.1597,0.1546,0.1502,0.147,0.1458,0.1466,0.1378,0.1332,0.1313,0.1265,0.1216,0.1148,0.1082,0.0976,0.0841,0.079,0.0712,0.0615,0.0426,0.0335,0.0258,0.0222,0.0202,0.0168,0.015,0.0103,0.0095,0.0091,0.0056,0.0019,7e-04,6e-04,2e-04,1e-04,1e-04,0,0,0,0,0,0,0,0,0,0,0,0,0,0,0,0,0,0,0,0,0,0,0,0,0,0,0,0,0,0,0,0,0,0,0,0,0,0,0,0,0,0,0,0,0,0,0,0
0.2118,0.2074,0.2066,0.2013,0.1974,0.1947,0.1904,0.1891,0.186,0.1831,0.1811,0.1784,0.1754,0.1685,0.1634,0.1562,0.1501,0.1431,0.1328,0.1222,0.1054,0.0877,0.0802,0.071,0.0618,0.0424,0.0245,0.0113,0.0095,0.0081,0.0068,0.0063,0.0058,0.0059,0.0057,0.0043,0.0022,0.0017,0.0016,0.0015,0.0013,6e-04,3e-04,3e-04,3e-04,3e-04,3e-04,3e-04,3e-04,2e-04,2e-04,1e-04,1e-04,1e-04,1e-04,1e-04,0,0,1e-04,0,1e-04,1e-04,1e-04,1e-04,1e-04,1e-04,1e-04,1e-04,1e-04,1e-04,1e-04,1e-04,1e-04,1e-04,1e-04,1e-04,1e-04,1e-04,2e-04,2e-04,2e-04,2e-04,2e-04,2e-04,2e-04,2e-04,1e-04,1e-04,1e-04,1e-04
0.2138,0.211,0.2062,0.1989,0.1892,0.1876,0.1889,0.1875,0.1851,0.1839,0.1852,0.1858,0.1819,0.1721,0.1702,0.1541,0.1397,0.1173,0.1019,0.0943,0.0833,0.0718,0.0611,0.039,0.0276,0.0148,0.006,0.0038,0.003,0.0024,0.0022,0.0022,0.0021,0.0019,0.0018,0.0017,0.0016,0.0014,0.0014,0.0013,0.0011,8e-04,6e-04,5e-04,5e-04,5e-04,5e-04,5e-04,4e-04,4e-04,4e-04,4e-04,4e-04,4e-04,3e-04,4e-04,3e-04,3e-04,3e-04,2e-04,2e-04,2e-04,2e-04,1e-04,2e-04,1e-04,1e-04,1e-04,1e-04,2e-04,2e-04,2e-04,2e-04,2e-04,1e-04,2e-04,2e-04,2e-04,2e-04,2e-04,2e-04,3e-04,3e-04,3e-04,3e-04,4e-04,4e-04,3e-04,3e-04,4e-04
0.1509,0.1479,0.1393,0.1428,0.1406,0.1343,0.1302,0.1218,0.1175,0.1109,0.1077,0.1036,0.094,0.0836,0.0794,0.0695,0.0608,0.0487,0.041,0.0356,0.0334,0.0263,0.0166,0.0103,0.0084,0.0035,0.0025,0.0021,0.0021,0.002,0.002,0.002,0.002,0.0019,0.0019,0.0019,0.0018,0.0017,0.0017,0.0017,0.0016,0.0014,0.001,0.001,0.001,0.001,0.001,0.001,0.0012,0.0014,0.0014,0.0013,0.0011,0.0018,0.0039,0.002,0.001,8e-04,9e-04,0.001,9e-04,9e-04,0.0016,0.0014,0.0018,0.0016,0.0014,0.0014,0.0014,0.0015,0.0015,0.0016,0.0015,0.0013,0.0013,0.0014,0.0013,0.0014,0.0014,0.0014,0.0015,0.0016,0.0016,0.0016,0.0016,0.0016,0.0016,0.002,0.0018,0.0017
0.1302,0.1278,0.1265,0.1318,0.1296,0.128,0.1249,0.1197,0.1168,0.1145,0.1141,0.1143,0.1084,0.105,0.106,0.1039,0.0999,0.0991,0.0941,0.0908,0.089,0.0874,0.0853,0.0832,0.0776,0.0683,0.0633,0.0643,0.0711,0.0672,0.0652,0.063,0.0617,0.0577,0.0562,0.0524,0.0511,0.0484,0.0413,0.0359,0.0327,0.027,0.022,0.0188,0.0199,0.0185,0.0132,0.0086,0.0066,0.0065,0.0055,0.0038,0.0032,0.0029,0.0029,0.0027,0.0029,0.0028,0.0028,0.0028,0.0031,0.0033,0.0038,0.004,0.0043,0.0031,0.0034,0.0029,0.0035,0.0038,0.0037,0.0035,0.0033,0.0031,0.0031,0.0029,0.003,0.0032,0.0034,0.0035,0.0034,0.0032,0.0031,0.003,0.003,0.003,0.0034,0.0037,0.005,0.0054
0.1881,0.1872,0.1856,0.1835,0.1816,0.1804,0.1796,0.1754,0.1755,0.1741,0.1729,0.1731,0.1737,0.172,0.1701,0.1673,0.1677,0.1656,0.1642,0.1621,0.1606,0.1597,0.1601,0.1582,0.1572,0.155,0.1504,0.1417,0.1366,0.1327,0.1284,0.1271,0.1263,0.1264,0.1252,0.1239,0.1227,0.1199,0.1161,0.1135,0.1097,0.1007,0.0938,0.0863,0.0814,0.0755,0.0734,0.0794,0.0816,0.0815,0.0789,0.0754,0.0727,0.0722,0.0692,0.0667,0.0669,0.066,0.0651,0.0627,0.0612,0.0605,0.0613,0.0597,0.0594,0.0615,0.0607,0.0587,0.0585,0.0581,0.057,0.0572,0.0565,0.0563,0.0604,0.0626,0.0642,0.0647,0.065,0.0643,0.0637,0.0635,0.0637,0.064,0.0639,0.0632,0.0628,0.0634,0.0674,0.0669
0.2724,0.2675,0.2591,0.2509,0.2487,0.2502,0.2497,0.2471,0.2472,0.2453,0.2421,0.2399,0.2407,0.2386,0.2246,0.2193,0.2098,0.2075,0.2077,0.2064,0.2044,0.2083,0.2092,0.2041,0.1996,0.1964,0.1965,0.1948,0.1902,0.1862,0.1814,0.1755,0.1724,0.171,0.1714,0.1733,0.173,0.1713,0.1718,0.1737,0.1719,0.1678,0.1692,0.1657,0.1638,0.1616,0.1577,0.1571,0.1563,0.1546,0.1517,0.1444,0.142,0.1445,0.1429,0.1418,0.1354,0.1293,0.1237,0.1244,0.1231,0.1215,0.1204,0.1194,0.1153,0.1003,0.0962,0.0959,0.0935,0.0905,0.0885,0.0835,0.0788,0.0738,0.0627,0.0532,0.0445,0.0402,0.0363,0.0353,0.0344,0.0328,0.0318,0.0296,0.0279,0.0269,0.0241,0.02,0.0159,0.0098
0.3697,0.3611,0.3561,0.3484,0.3443,0.3499,0.3537,0.3501,0.343,0.341,0.3391,0.3346,0.3278,0.3165,0.3036,0.296,0.2858,0.2825,0.288,0.2937,0.2957,0.2979,0.297,0.2972,0.2941,0.2902,0.2898,0.2898,0.2881,0.2862,0.2867,0.2816,0.2757,0.2792,0.2732,0.2608,0.2486,0.2405,0.2358,0.2278,0.2216,0.2188,0.2115,0.2056,0.2022,0.1932,0.1742,0.1482,0.122,0.103,0.0977,0.0848,0.0791,0.0668,0.0626,0.0541,0.0477,0.0424,0.0363,0.0324,0.0294,0.0257,0.0194,0.0161,0.0137,0.011,0.0085,0.0067,0.0062,0.0056,0.005,0.0045,0.0044,0.0042,0.004,0.004,0.004,0.0039,0.0039,0.0039,0.0039,0.0039,0.0039,0.004,0.0039,0.0039,0.0038,0.0038,0.0037,0.0037
0.4168,0.4162,0.4113,0.4049,0.3975,0.4007,0.4071,0.4092,0.4036,0.3998,0.3982,0.3956,0.3872,0.3795,0.3744,0.3728,0.3707,0.3639,0.3576,0.3553,0.3564,0.3592,0.361,0.3611,0.3552,0.3498,0.3473,0.3479,0.3522,0.3504,0.346,0.3397,0.3319,0.3273,0.3108,0.3007,0.2936,0.2833,0.2729,0.2637,0.2584,0.2561,0.2519,0.2423,0.2377,0.2317,0.2235,0.208,0.1928,0.1786,0.1592,0.1412,0.1195,0.0988,0.0889,0.085,0.0798,0.0735,0.0617,0.0604,0.0596,0.0581,0.0529,0.0472,0.0439,0.039,0.0361,0.0223,0.0204,0.0208,0.0228,0.023,0.0217,0.0201,0.0193,0.0165,0.0167,0.0166,0.016,0.0153,0.0147,0.0145,0.0114,0.0104,0.0095,0.009,0.0091,0.0093,0.0094,0.0094
0.4341,0.4335,0.4329,0.4301,0.4224,0.4187,0.4206,0.4296,0.433,0.4298,0.4283,0.4281,0.4285,0.4272,0.4249,0.416,0.4156,0.4094,0.3966,0.3901,0.3842,0.3798,0.3749,0.3675,0.3572,0.3527,0.3475,0.3487,0.345,0.3402,0.3361,0.3319,0.3288,0.3207,0.31,0.3021,0.298,0.2909,0.2772,0.2697,0.2645,0.2585,0.2557,0.2499,0.2385,0.2383,0.2365,0.2311,0.2185,0.2137,0.2064,0.1944,0.1811,0.1715,0.1628,0.1556,0.1506,0.1468,0.1386,0.1352,0.134,0.128,0.1197,0.1153,0.1093,0.0996,0.0916,0.0789,0.0692,0.0656,0.0659,0.0655,0.0634,0.0608,0.0554,0.0519,0.0507,0.0493,0.0476,0.0405,0.0387,0.0343,0.0256,0.0248,0.0245,0.0245,0.0245,0.0241,0.0226,0.0224
0.4978,0.5025,0.5047,0.503,0.4933,0.4821,0.4693,0.4673,0.4721,0.4731,0.4749,0.4765,0.4785,0.4795,0.4792,0.4759,0.4713,0.4724,0.465,0.451,0.4413,0.4278,0.4097,0.3984,0.3944,0.3829,0.3869,0.3889,0.3831,0.3798,0.3751,0.3789,0.376,0.3624,0.3505,0.3444,0.3411,0.3372,0.3237,0.3137,0.3058,0.2974,0.2932,0.2924,0.2824,0.2778,0.2769,0.2739,0.2576,0.2437,0.2318,0.2082,0.1902,0.1643,0.1488,0.1412,0.1359,0.1324,0.1287,0.1257,0.1183,0.1134,0.1128,0.1085,0.087,0.0737,0.0672,0.0638,0.0558,0.0391,0.0351,0.0313,0.0294,0.0295,0.0295,0.0286,0.0277,0.0271,0.0243,0.0216,0.0204,0.0172,0.014,0.013,0.013,0.0127,0.0125,0.0121,0.0117,0.0118
0.4868,0.49,0.4918,0.4917,0.4919,0.4847,0.4754,0.4709,0.4718,0.474,0.4747,0.4704,0.4661,0.4665,0.4657,0.4603,0.4534,0.4502,0.4508,0.4443,0.4389,0.4222,0.4144,0.404,0.4037,0.4033,0.4103,0.4026,0.3941,0.3917,0.3894,0.3903,0.3877,0.386,0.3803,0.3773,0.3718,0.3537,0.3417,0.2931,0.2871,0.2842,0.2677,0.2598,0.2443,0.2283,0.2178,0.2101,0.1895,0.1579,0.1421,0.12,0.0674,0.0526,0.0487,0.0465,0.0392,0.0357,0.0361,0.0383,0.0397,0.0401,0.0354,0.0299,0.0247,0.0178,0.0166,0.0156,0.0143,0.0138,0.0128,0.0114,0.0092,0.0077,0.0062,0.0055,0.0047,0.0045,0.0039,0.0031,0.0022,0.0014,0.0012,0.0011,0.001,8e-04,7e-04,6e-04,6e-04,6e-04
0.4539,0.4514,0.4466,0.4463,0.448,0.442,0.4393,0.4406,0.4392,0.4413,0.442,0.4408,0.4388,0.4372,0.4311,0.4281,0.4241,0.4152,0.4094,0.4028,0.3993,0.3898,0.3639,0.3527,0.3107,0.3112,0.3057,0.2953,0.2829,0.2769,0.2579,0.2444,0.2242,0.2111,0.1973,0.189,0.173,0.1415,0.1202,0.0991,0.0981,0.0936,0.0901,0.0803,0.0574,0.0463,0.0386,0.0356,0.0287,0.0241,0.0234,0.0226,0.02,0.018,0.0168,0.0169,0.0159,0.0151,0.0149,0.0135,0.011,0.0082,0.0042,0.0016,0.0013,0.0011,0.0011,0.001,8e-04,7e-04,6e-04,5e-04,5e-04,4e-04,3e-04,3e-04,3e-04,3e-04,4e-04,4e-04,4e-04,4e-04,5e-04,6e-04,6e-04,7e-04,7e-04,8e-04,8e-04,9e-04
0.4003,0.3941,0.3917,0.3915,0.3921,0.3897,0.3822,0.3848,0.3809,0.3775,0.3695,0.3558,0.3466,0.3378,0.3312,0.3264,0.3212,0.3132,0.2948,0.2839,0.2795,0.2765,0.27,0.2615,0.244,0.2271,0.2117,0.1948,0.1841,0.1704,0.1579,0.1353,0.1224,0.1101,0.1026,0.0965,0.09,0.0847,0.0802,0.0718,0.0704,0.0677,0.065,0.0579,0.0488,0.0436,0.0414,0.0401,0.0373,0.0361,0.0347,0.0323,0.031,0.0277,0.0253,0.0254,0.0248,0.0247,0.024,0.0221,0.0199,0.0193,0.0162,0.0155,0.0141,0.0138,0.014,0.0131,0.0122,0.0118,0.0116,0.0118,0.0107,0.0085,0.0074,0.0068,0.0063,0.0059,0.0055,0.0046,0.0032,0.003,0.0028,0.0027,0.0026,0.0025,0.0024,0.0023,0.0021,0.002
0.3126,0.3099,0.3072,0.307,0.3078,0.306,0.3041,0.2985,0.2958,0.2924,0.2902,0.2834,0.2786,0.2745,0.2695,0.2642,0.2619,0.2618,0.2556,0.2434,0.2398,0.2326,0.2265,0.2223,0.217,0.2041,0.1764,0.1562,0.145,0.1393,0.1343,0.126,0.1197,0.1143,0.1087,0.1036,0.1006,0.0967,0.0942,0.0887,0.0854,0.0829,0.0804,0.0771,0.0721,0.0676,0.0647,0.0615,0.0594,0.0574,0.055,0.0509,0.049,0.0474,0.0442,0.0417,0.04,0.0346,0.0282,0.022,0.0191,0.0144,0.0103,0.0075,0.006,0.0052,0.0048,0.0049,0.0043,0.0043,0.0042,0.0037,0.0033,0.0023,0.0011,7e-04,4e-04,3e-04,2e-04,1e-04,1e-04,1e-04,1e-04,1e-04,1e-04,1e-04,1e-04,0,0,0
0.2829,0.2804,0.2763,0.2742,0.2767,0.2766,0.2716,0.2662,0.2622,0.2641,0.2584,0.2417,0.227,0.2205,0.2116,0.1952,0.1893,0.187,0.1824,0.1656,0.1579,0.1516,0.1439,0.1363,0.1283,0.1116,0.0966,0.0897,0.0828,0.0794,0.0771,0.0699,0.0624,0.0584,0.0529,0.048,0.0445,0.042,0.038,0.0342,0.0308,0.0286,0.0266,0.0245,0.0229,0.0197,0.0185,0.0154,0.0131,0.0123,0.0108,0.01,0.0094,0.0086,0.0081,0.0066,0.0065,0.0033,6e-04,1e-04,1e-04,1e-04,1e-04,1e-04,1e-04,0,0,0,0,0,0,0,0,0,0,0,0,0,0,0,0,0,0,0,0,0,0,0,0,0
0.2003,0.1986,0.1965,0.1887,0.1811,0.1727,0.1667,0.1625,0.1566,0.1476,0.1388,0.1305,0.1188,0.111,0.1026,0.0908,0.0824,0.0741,0.0691,0.0656,0.0628,0.0602,0.0567,0.054,0.0515,0.0475,0.0457,0.0431,0.0435,0.0431,0.0409,0.0366,0.0337,0.0327,0.0312,0.0303,0.03,0.029,0.0272,0.0248,0.0212,0.0188,0.0176,0.0164,0.0149,0.0121,0.01,0.0092,0.0083,0.0079,0.0076,0.0073,0.0068,0.0068,0.0067,0.0061,0.006,0.0035,1e-04,2e-04,3e-04,2e-04,2e-04,4e-04,5e-04,6e-04,7e-04,7e-04,6e-04,5e-04,4e-04,4e-04,4e-04,4e-04,4e-04,4e-04,4e-04,2e-04,2e-04,2e-04,2e-04,2e-04,2e-04,2e-04,2e-04,2e-04,2e-04,2e-04,2e-04,2e-04
0.1507,0.1447,0.14,0.1343,0.1299,0.129,0.128,0.1256,0.1245,0.124,0.1218,0.1214,0.1188,0.1172,0.1201,0.1194,0.1152,0.1119,0.1122,0.1119,0.111,0.1109,0.1108,0.1084,0.1054,0.1022,0.1008,0.098,0.0961,0.0946,0.0898,0.0866,0.0857,0.0841,0.0831,0.0829,0.0822,0.0805,0.0776,0.074,0.0665,0.0598,0.056,0.0533,0.0502,0.0398,0.0309,0.0264,0.0242,0.0214,0.0203,0.0196,0.019,0.0186,0.018,0.0174,0.0159,0.0128,0.0074,0.0066,0.006,0.0023,0.0011,6e-04,4e-04,3e-04,2e-04,1e-04,1e-04,1e-04,1e-04,1e-04,1e-04,1e-04,1e-04,1e-04,1e-04,1e-04,1e-04,1e-04,1e-04,1e-04,1e-04,1e-04,1e-04,1e-04,1e-04,1e-04,1e-04,1e-04
0.224,0.2207,0.2147,0.2106,0.1989,0.1934,0.1907,0.1903,0.1896,0.1883,0.1864,0.1835,0.1793,0.1744,0.169,0.1618,0.1587,0.1557,0.1512,0.1447,0.1412,0.1376,0.1322,0.1288,0.1234,0.1182,0.1124,0.1077,0.1042,0.1011,0.0939,0.0875,0.0751,0.0653,0.061,0.059,0.0543,0.0482,0.0418,0.0367,0.0298,0.0239,0.0225,0.0216,0.0201,0.0179,0.0163,0.0156,0.0145,0.0135,0.0128,0.0123,0.0116,0.0104,0.0096,0.0066,0.0017,0.001,3e-04,1e-04,2e-04,1e-04,1e-04,1e-04,1e-04,1e-04,0,0,0,0,0,0,0,0,0,0,0,0,0,0,0,0,0,0,0,0,0,0,0,0
0.2065,0.2035,0.1996,0.1994,0.1974,0.1936,0.1924,0.1933,0.19,0.1841,0.1806,0.178,0.1759,0.17,0.1589,0.1509,0.1457,0.1428,0.1326,0.1261,0.1219,0.1139,0.1076,0.1044,0.1025,0.0989,0.0936,0.0882,0.0853,0.0802,0.0747,0.0695,0.0636,0.0567,0.0524,0.0504,0.0442,0.0405,0.0395,0.0378,0.0351,0.0327,0.0318,0.0304,0.0292,0.0282,0.0267,0.0253,0.0244,0.0215,0.0211,0.0207,0.02,0.018,0.0169,0.014,0.0125,0.0122,0.0129,0.013,0.0134,0.0125,0.0119,0.011,0.0108,0.0104,0.0111,0.0093,0.0089,0.0083,0.0084,0.0085,0.0076,0.0068,0.0072,0.0071,0.0065,0.0067,0.0063,0.0059,0.0047,0.0043,0.0026,0.0021,0.002,0.0021,0.002,0.0019,0.0017,0.0017
0.128,0.1224,0.1169,0.1191,0.1152,0.1133,0.1097,0.1065,0.1058,0.0997,0.0951,0.0956,0.0957,0.0938,0.0884,0.0859,0.0846,0.0829,0.0802,0.0768,0.0741,0.071,0.0697,0.0693,0.0692,0.0687,0.0676,0.0664,0.0653,0.0645,0.0643,0.0644,0.0651,0.0648,0.0645,0.0645,0.0642,0.064,0.0641,0.0643,0.0643,0.0642,0.0643,0.064,0.0634,0.0619,0.0606,0.0595,0.0589,0.0591,0.0592,0.0597,0.0602,0.0595,0.0602,0.0598,0.0595,0.0595,0.0595,0.0596,0.0599,0.058,0.0567,0.0562,0.0573,0.059,0.0587,0.0589,0.0583,0.0572,0.0569,0.0563,0.0507,0.0514,0.0529,0.0536,0.0527,0.0527,0.0535,0.0516,0.0493,0.0503,0.0513,0.0514,0.0497,0.0491,0.0492,0.0483,0.0482,0.0454
0.4713,0.4711,0.4752,0.4795,0.4811,0.4853,0.4914,0.4936,0.4937,0.4922,0.5017,0.5061,0.5087,0.5114,0.5109,0.5104,0.51,0.5049,0.498,0.4946,0.4911,0.4951,0.4989,0.5052,0.513,0.5148,0.5095,0.5022,0.4977,0.4938,0.4944,0.5005,0.5055,0.5094,0.5147,0.519,0.5223,0.5262,0.5296,0.5332,0.5352,0.5371,0.5382,0.5391,0.5369,0.5336,0.5286,0.5221,0.5195,0.5174,0.517,0.5256,0.531,0.5322,0.5316,0.5309,0.527,0.5244,0.5225,0.5216,0.5201,0.516,0.5068,0.4953,0.4927,0.4962,0.4973,0.4962,0.4912,0.488,0.4836,0.4773,0.4724,0.4739,0.4776,0.4817,0.48,0.4783,0.4801,0.4748,0.4689,0.4671,0.4711,0.4735,0.4689,0.466,0.4682,0.4678,0.4638,0.4595
0.6252,0.6219,0.6156,0.6148,0.6153,0.6166,0.6171,0.621,0.6234,0.6189,0.6154,0.6193,0.6209,0.6201,0.6238,0.6257,0.6257,0.6276,0.6281,0.6217,0.6054,0.5941,0.5878,0.5862,0.5863,0.5867,0.5866,0.5865,0.5855,0.5835,0.5761,0.5782,0.5793,0.5805,0.5791,0.5715,0.5608,0.5548,0.5501,0.5472,0.5451,0.545,0.5447,0.5445,0.5401,0.5339,0.5272,0.5196,0.514,0.5008,0.4909,0.4781,0.4685,0.4614,0.4621,0.4624,0.4611,0.4597,0.4582,0.4536,0.4497,0.4435,0.4385,0.4332,0.4316,0.4236,0.4141,0.4056,0.399,0.395,0.3917,0.3913,0.3822,0.3818,0.3752,0.3723,0.3709,0.3695,0.3649,0.3673,0.3642,0.3566,0.3476,0.3398,0.3364,0.3342,0.333,0.3346,0.3354,0.3318
0.7337,0.7268,0.7207,0.7163,0.7089,0.7013,0.6943,0.6941,0.6941,0.6924,0.6814,0.6758,0.6733,0.6712,0.6713,0.6703,0.666,0.6663,0.6679,0.6692,0.6694,0.6558,0.6438,0.6298,0.6205,0.6128,0.6143,0.612,0.6081,0.5997,0.5776,0.5671,0.5626,0.561,0.5469,0.5353,0.5226,0.5077,0.4939,0.4825,0.4644,0.4324,0.4216,0.4112,0.4028,0.3976,0.395,0.3926,0.3842,0.3537,0.3419,0.3138,0.3016,0.2979,0.2907,0.2866,0.2833,0.2796,0.2736,0.2703,0.2656,0.2534,0.2473,0.245,0.2413,0.2371,0.2307,0.2131,0.2004,0.1837,0.1743,0.1717,0.1544,0.1235,0.1055,0.0935,0.0763,0.0641,0.0599,0.0583,0.0583,0.0581,0.0585,0.0565,0.0437,0.0416,0.0424,0.0432,0.0448,0.0457
0.7385,0.7326,0.7196,0.713,0.7119,0.7082,0.7018,0.6904,0.6852,0.6835,0.6694,0.6547,0.6381,0.6284,0.619,0.616,0.6146,0.6114,0.6057,0.6036,0.6006,0.597,0.5892,0.5728,0.5562,0.5388,0.5278,0.5315,0.5391,0.5442,0.5376,0.5237,0.5213,0.5203,0.5138,0.5171,0.5175,0.5118,0.4882,0.4643,0.4548,0.441,0.4228,0.4066,0.3893,0.3885,0.3893,0.3882,0.3852,0.3769,0.3429,0.3026,0.2644,0.2566,0.2553,0.2545,0.2556,0.252,0.2515,0.2485,0.2429,0.2357,0.23,0.2254,0.218,0.2067,0.1981,0.1909,0.1771,0.166,0.1482,0.1336,0.1274,0.0909,0.0717,0.0515,0.0408,0.0341,0.0306,0.0268,0.0249,0.0212,0.0211,0.0204,0.0164,0.0165,0.0165,0.0161,0.0161,0.0157
0.657,0.6564,0.6467,0.6429,0.6447,0.6466,0.6464,0.6322,0.6311,0.6327,0.6348,0.6255,0.6113,0.6065,0.6011,0.5972,0.5969,0.5951,0.59,0.591,0.593,0.5853,0.5783,0.5706,0.5519,0.5405,0.5285,0.5252,0.5287,0.5334,0.5415,0.5304,0.4876,0.4674,0.4594,0.4602,0.4562,0.4563,0.4583,0.4312,0.4115,0.3942,0.375,0.3709,0.374,0.3763,0.3739,0.3625,0.3548,0.3492,0.3464,0.342,0.3125,0.2933,0.2849,0.277,0.2739,0.265,0.2493,0.2124,0.1928,0.1855,0.1796,0.1721,0.1503,0.1315,0.1093,0.1004,0.0752,0.0582,0.038,0.0229,0.0182,0.0157,0.0095,0.0072,0.0064,0.0062,0.0061,0.006,0.0059,0.0059,0.0059,0.0058,0.0056,0.0051,0.0049,0.0047,0.0045,0.0045
0.6167,0.6182,0.6124,0.5926,0.5846,0.5822,0.5776,0.5812,0.5788,0.5739,0.566,0.5621,0.5623,0.5601,0.553,0.5493,0.5501,0.5487,0.5413,0.5296,0.5329,0.5304,0.5308,0.5326,0.5238,0.5056,0.4734,0.4648,0.4665,0.4647,0.4658,0.4659,0.4244,0.3893,0.3868,0.3848,0.3744,0.3764,0.3769,0.377,0.3596,0.3132,0.304,0.3014,0.291,0.286,0.2767,0.2562,0.2402,0.2336,0.2149,0.1925,0.1783,0.1653,0.1514,0.1155,0.1,0.0917,0.0797,0.0622,0.0297,0.0217,0.0201,0.0175,0.0168,0.0151,0.0138,0.0123,0.0101,0.0097,0.0094,0.0083,0.0076,0.0074,0.0074,0.0069,0.0057,0.0045,0.0034,0.0034,0.0033,0.0032,0.0032,0.0033,0.0025,0.0018,0.0013,0.0011,0.0011,0.0011
