0.7234,0.7247,0.7282,0.7084,0.7001,0.7006,0.6959,0.673,0.6702,0.6594,0.619,0.6124,0.6007,0.5923,0.5846,0.5777,0.5768,0.5724,0.5666,0.5666,0.5663,0.5399,0.5407,0.5349,0.5253,0.5196,0.5171,0.5068,0.4936,0.4922,0.4968,0.494,0.4922,0.4872,0.4731,0.448,0.4286,0.407,0.2612,0.2448,0.2348,0.2258,0.2098,0.2042,0.1856,0.1581,0.1334,0.1192,0.1144,0.1055,0.0957,0.0866,0.073,0.0568,0.0493,0.0467,0.039,0.026,0.0154,0.0109,0.0103,0.0099,0.0101,0.0101,0.0106,0.007,0.0028,0.0026,0.0024,0.002,0.0017,0.0015,0.0012,0.001,7e-04,6e-04,4e-04,3e-04,2e-04,1e-04,1e-04,1e-04,0,0,0,0,0,0,1e-04,1e-04
0.6508,0.6525,0.648,0.648,0.6381,0.6412,0.6476,0.6407,0.6467,0.6487,0.6089,0.5912,0.5903,0.586,0.583,0.5793,0.5782,0.5804,0.5738,0.5696,0.5725,0.5628,0.5598,0.5597,0.5538,0.5404,0.5369,0.535,0.5317,0.5177,0.5075,0.4843,0.4471,0.4423,0.4409,0.4401,0.4029,0.3936,0.322,0.2751,0.2672,0.2596,0.2468,0.2414,0.2082,0.1638,0.1083,0.0868,0.0834,0.0805,0.0787,0.0641,0.0551,0.0462,0.0443,0.0442,0.0441,0.0412,0.0283,0.0186,0.0179,0.016,0.0129,0.0112,0.0096,0.0046,8e-04,5e-04,4e-04,3e-04,1e-04,0,0,0,0,0,0,0,0,1e-04,2e-04,2e-04,3e-04,4e-04,6e-04,7e-04,8e-04,9e-04,9e-04,0.001
0.5312,0.5292,0.5185,0.4971,0.4953,0.494,0.4899,0.4932,0.4892,0.4892,0.4787,0.4693,0.4659,0.4601,0.4582,0.4527,0.4471,0.4485,0.4536,0.4557,0.4571,0.4585,0.4544,0.4568,0.4535,0.4353,0.4202,0.4185,0.4221,0.419,0.4104,0.3927,0.3724,0.3692,0.3693,0.3583,0.3448,0.3325,0.3173,0.2714,0.2483,0.1992,0.1812,0.1757,0.145,0.1021,0.0664,0.0426,0.035,0.0329,0.032,0.0319,0.0297,0.0278,0.0269,0.0258,0.024,0.0232,0.021,0.0153,0.0135,0.0113,0.0095,0.0069,0.0066,0.0027,0.001,9e-04,9e-04,0.0012,0.0013,0.0023,0.0034,0.0029,0.0033,0.0045,0.0046,0.0044,0.0043,0.0048,0.0041,0.0033,0.003,0.0025,0.0024,0.0024,0.0022,0.0017,0.0014,0.0012
0.4556,0.4519,0.4409,0.4294,0.4269,0.4238,0.4125,0.4078,0.4045,0.4032,0.4006,0.3976,0.3962,0.3977,0.3983,0.3922,0.3707,0.3513,0.3496,0.3473,0.346,0.3464,0.3429,0.3391,0.3398,0.3229,0.3177,0.3152,0.3047,0.2918,0.2816,0.2703,0.2478,0.2362,0.229,0.222,0.2145,0.1997,0.1817,0.1668,0.153,0.1164,0.1024,0.0868,0.077,0.0645,0.0509,0.0456,0.0417,0.0402,0.0389,0.0388,0.0383,0.0382,0.0379,0.0372,0.0356,0.0328,0.0317,0.0313,0.0292,0.0252,0.0264,0.0245,0.0234,0.0219,0.0227,0.0226,0.0216,0.0192,0.0162,0.0129,0.0094,0.0089,0.0093,0.0089,0.0069,0.0075,0.007,0.0053,0.003,0.0018,0.0016,0.0015,0.0014,0.0015,0.0017,0.002,0.0022,0.0025
0.3972,0.3988,0.3989,0.3993,0.3963,0.3932,0.3897,0.3753,0.37,0.3711,0.3728,0.3707,0.3681,0.3631,0.3564,0.3438,0.3345,0.2931,0.2753,0.2722,0.2665,0.2625,0.2561,0.2517,0.2469,0.2324,0.2078,0.1979,0.1687,0.1573,0.1519,0.1434,0.1345,0.1246,0.1162,0.1095,0.1052,0.1026,0.0927,0.0833,0.0676,0.0498,0.0329,0.0287,0.0254,0.0215,0.0195,0.0187,0.0179,0.0163,0.0155,0.014,0.0134,0.0131,0.0132,0.0142,0.0115,0.0118,0.0129,0.0139,0.0145,0.0145,0.0147,0.0143,0.0144,0.0139,0.0157,0.0134,0.0126,0.0119,0.0106,0.0103,0.01,0.0099,0.0098,0.0095,0.0094,0.0094,0.0093,0.0091,0.0072,0.0067,0.0066,0.0064,0.0061,0.006,0.0059,0.0059,0.0058,0.0058
0.3654,0.3692,0.3681,0.3695,0.3719,0.3737,0.3653,0.3584,0.3481,0.3421,0.3411,0.3442,0.3437,0.34,0.3383,0.3308,0.3226,0.3094,0.2833,0.2782,0.2705,0.2718,0.2711,0.2663,0.2551,0.2458,0.2318,0.226,0.2228,0.2198,0.2205,0.2168,0.2133,0.2091,0.2062,0.204,0.2012,0.1972,0.192,0.1872,0.1824,0.1693,0.1609,0.1578,0.1535,0.1505,0.1405,0.1267,0.1083,0.0943,0.0886,0.0752,0.0635,0.0474,0.0407,0.0391,0.0347,0.0324,0.0302,0.027,0.0175,0.0161,0.0152,0.0134,0.0109,0.0098,0.0076,0.0054,0.005,0.0051,0.0049,0.0049,0.0048,0.0047,0.0046,0.0046,0.0044,0.0043,0.0041,0.0042,0.0041,0.0041,0.004,0.0039,0.0037,0.0035,0.0036,0.004,0.004,0.0036
0.3271,0.3252,0.3218,0.3174,0.315,0.3138,0.3121,0.3126,0.3102,0.2994,0.2971,0.2979,0.298,0.2944,0.2915,0.2865,0.2802,0.2787,0.2754,0.2703,0.2541,0.2428,0.2401,0.2379,0.2341,0.2326,0.2308,0.2236,0.2149,0.2014,0.1864,0.1731,0.1567,0.1377,0.1233,0.1097,0.0972,0.0902,0.0687,0.0541,0.0467,0.0419,0.0389,0.0307,0.0168,0.0122,0.0112,0.0082,0.007,0.006,0.0058,0.0055,0.0054,0.0052,0.0052,0.0042,0.0027,0.0024,0.0022,0.002,0.0018,0.0017,0.0017,0.0016,0.0015,0.0015,0.0014,0.0013,0.0012,0.0012,0.0012,0.0012,0.0012,0.0012,0.0012,0.0012,0.0012,0.0012,0.0012,0.0011,0.0011,0.0011,0.0011,0.001,0.001,0.001,9e-04,9e-04,8e-04,8e-04
0.3267,0.3218,0.3144,0.3026,0.3008,0.2965,0.2939,0.2861,0.2715,0.2618,0.2499,0.2451,0.2377,0.2334,0.2305,0.2253,0.2206,0.2147,0.2071,0.1997,0.1957,0.1872,0.1784,0.1703,0.1591,0.1445,0.1312,0.1095,0.0743,0.0564,0.043,0.0325,0.0271,0.025,0.0234,0.0222,0.0215,0.021,0.0201,0.0188,0.0178,0.0169,0.0142,0.014,0.0137,0.0133,0.0131,0.0119,0.0119,0.0113,0.0111,0.0101,0.0095,0.0091,0.0081,0.0079,0.0076,0.007,0.007,0.0063,0.0053,0.0046,0.0041,0.0031,0.0026,0.0022,0.0016,0.0013,0.0011,8e-04,5e-04,4e-04,3e-04,2e-04,2e-04,2e-04,1e-04,1e-04,1e-04,1e-04,1e-04,1e-04,1e-04,1e-04,1e-04,1e-04,1e-04,1e-04,1e-04,1e-04
0.221,0.2222,0.2225,0.2159,0.2129,0.2081,0.2061,0.2049,0.197,0.1913,0.185,0.1773,0.1695,0.1657,0.1626,0.1562,0.1502,0.1425,0.1268,0.1148,0.1105,0.0964,0.0867,0.0717,0.0648,0.0432,0.0349,0.0255,0.0119,0.0114,0.0106,0.0092,0.0066,0.0056,0.0047,0.0046,0.0045,0.0039,0.0037,0.0037,0.0037,0.0021,9e-04,9e-04,8e-04,8e-04,8e-04,8e-04,7e-04,5e-04,4e-04,4e-04,4e-04,4e-04,4e-04,4e-04,3e-04,3e-04,3e-04,0,0,0,0,0,0,0,1e-04,1e-04,1e-04,1e-04,1e-04,1e-04,1e-04,1e-04,1e-04,1e-04,1e-04,1e-04,1e-04,1e-04,1e-04,1e-04,1e-04,1e-04,1e-04,1e-04,1e-04,1e-04,1e-04,1e-04
0.1697,0.169,0.1683,0.1673,0.1647,0.1614,0.1595,0.1581,0.156,0.1485,0.1453,0.1431,0.1398,0.1385,0.1363,0.1345,0.1298,0.122,0.1156,0.1149,0.1131,0.1059,0.1003,0.0975,0.0937,0.0844,0.0761,0.0728,0.0687,0.0625,0.0581,0.0482,0.0375,0.03,0.0219,0.0134,0.0091,0.0078,0.0067,0.0046,0.0036,0.0029,0.0024,0.0023,0.0022,0.0023,0.0022,0.0022,0.0016,4e-04,3e-04,3e-04,2e-04,1e-04,1e-04,2e-04,2e-04,2e-04,2e-04,2e-04,2e-04,2e-04,2e-04,2e-04,2e-04,2e-04,2e-04,2e-04,2e-04,2e-04,1e-04,1e-04,1e-04,1e-04,1e-04,1e-04,1e-04,1e-04,1e-04,1e-04,1e-04,1e-04,1e-04,1e-04,1e-04,1e-04,1e-04,1e-04,1e-04,1e-04
0.2139,0.2105,0.2097,0.2034,0.2002,0.1974,0.1955,0.193,0.1906,0.1855,0.1791,0.173,0.1686,0.164,0.156,0.1519,0.1464,0.1372,0.1259,0.1066,0.0987,0.0917,0.082,0.071,0.0597,0.046,0.0401,0.0356,0.0329,0.0247,0.0222,0.0182,0.0121,0.0091,0.0069,0.0038,0.0026,0.002,0.0017,0.0018,0.0014,0.0015,0.0014,0.0013,0.0012,0.0012,0.0012,6e-04,5e-04,5e-04,5e-04,5e-04,2e-04,1e-04,1e-04,1e-04,1e-04,1e-04,1e-04,1e-04,1e-04,1e-04,1e-04,1e-04,1e-04,1e-04,1e-04,1e-04,1e-04,1e-04,1e-04,1e-04,1e-04,1e-04,1e-04,1e-04,1e-04,2e-04,2e-04,2e-04,2e-04,2e-04,2e-04,3e-04,4e-04,3e-04,4e-04,4e-04,4e-04,5e-04
0.2172,0.2146,0.2107,0.2079,0.1977,0.1948,0.1942,0.1939,0.194,0.1945,0.1902,0.1896,0.189,0.1706,0.1533,0.1456,0.1438,0.1336,0.1283,0.112,0.0904,0.0786,0.0593,0.0416,0.0335,0.0249,0.022,0.0181,0.0111,0.0062,0.0042,0.0039,0.0037,0.0035,0.0037,0.0033,0.003,0.0016,0.0015,0.0017,0.0016,0.0014,0.0014,0.0014,0.0015,0.0017,0.0018,0.0018,0.0015,0.0014,0.0014,0.0011,0.0011,0.0011,0.0012,0.0012,0.0011,0.0011,0.0013,0.0013,0.0014,0.0013,0.0013,0.0014,0.0013,0.0014,0.0014,0.0014,0.0013,0.0014,0.0013,0.0013,0.0012,0.0012,0.0013,0.0011,0.0012,0.0014,0.0015,0.0016,0.0017,0.0013,0.0012,0.0012,0.0015,0.0016,0.0013,0.0014,0.0015,0.0017
0.1534,0.1483,0.1397,0.1459,0.1451,0.1439,0.1365,0.1281,0.1211,0.1141,0.1029,0.0975,0.089,0.0828,0.0723,0.0648,0.0603,0.055,0.0531,0.0445,0.037,0.0323,0.0184,0.0092,0.0059,0.0043,0.004,0.004,0.0042,0.0036,0.0039,0.0037,0.0038,0.0034,0.0028,0.0022,0.0021,0.0016,0.0012,0.0012,0.0012,0.0012,0.0013,0.0014,0.0015,0.0012,0.0015,0.0018,0.0021,0.002,0.0018,0.0022,0.0027,0.0026,0.0025,0.0026,0.0028,0.003,0.0032,0.0036,0.0037,0.0039,0.0038,0.0035,0.0036,0.0034,0.0035,0.0025,0.0021,0.002,0.0024,0.0025,0.0024,0.0024,0.0028,0.0035,0.0027,0.0023,0.0021,0.0019,0.0018,0.0019,0.0018,0.0019,0.0018,0.0017,0.0018,0.002,0.002,0.002
0.1304,0.1279,0.1274,0.1297,0.127,0.1246,0.1244,0.1206,0.1148,0.113,0.1105,0.1105,0.1053,0.1049,0.1032,0.1015,0.0996,0.0979,0.0957,0.0891,0.0787,0.077,0.0744,0.0724,0.0776,0.0805,0.0789,0.0779,0.0786,0.0777,0.0767,0.0761,0.0746,0.0737,0.0669,0.0561,0.0455,0.0394,0.0319,0.0266,0.0235,0.0252,0.0277,0.0292,0.0278,0.0246,0.0207,0.0158,0.0113,0.0075,0.0054,0.0041,0.0032,0.0033,0.0034,0.0033,0.003,0.0033,0.003,0.0029,0.0032,0.0035,0.0038,0.0038,0.0037,0.0032,0.0034,0.0037,0.0037,0.0031,0.002,0.0022,0.0024,0.0026,0.0027,0.003,0.0029,0.0029,0.003,0.0029,0.0029,0.0032,0.0032,0.003,0.0027,0.0024,0.0022,0.0022,0.0023,0.0028
0.1908,0.1899,0.1875,0.1845,0.1826,0.1825,0.1812,0.176,0.1763,0.1761,0.1764,0.175,0.1721,0.1711,0.1708,0.1685,0.1654,0.1642,0.1629,0.1614,0.1536,0.1517,0.1464,0.1369,0.1359,0.1341,0.1294,0.1279,0.1265,0.127,0.1249,0.1229,0.1221,0.1207,0.1208,0.1197,0.1194,0.1163,0.1068,0.1015,0.0965,0.0952,0.0974,0.0951,0.0922,0.0877,0.0849,0.0821,0.0804,0.0794,0.078,0.0772,0.0746,0.0765,0.0753,0.0759,0.076,0.0779,0.0774,0.0763,0.0755,0.0727,0.0712,0.07,0.0686,0.0677,0.0686,0.068,0.0677,0.0658,0.0634,0.0643,0.0639,0.0641,0.0646,0.0609,0.066,0.0652,0.0646,0.0633,0.0602,0.0645,0.0675,0.0649,0.0634,0.0637,0.0594,0.0594,0.0625,0.0664
0.2747,0.2693,0.2613,0.2522,0.2489,0.2511,0.2485,0.2441,0.2434,0.2454,0.2405,0.2382,0.236,0.2367,0.2369,0.2333,0.232,0.2317,0.228,0.2274,0.2259,0.2234,0.2204,0.2068,0.2063,0.2069,0.2045,0.1977,0.1888,0.1818,0.1766,0.175,0.1732,0.1679,0.1643,0.1648,0.1635,0.1621,0.157,0.1546,0.1519,0.1477,0.1467,0.1466,0.147,0.1369,0.1327,0.1324,0.1286,0.1262,0.1241,0.1274,0.124,0.1252,0.1242,0.1228,0.1218,0.1164,0.1079,0.1084,0.1102,0.1076,0.1037,0.0986,0.0959,0.0964,0.0921,0.0897,0.0875,0.087,0.0855,0.0837,0.0827,0.0809,0.0792,0.0737,0.0734,0.0758,0.0746,0.072,0.0704,0.066,0.0606,0.0551,0.0536,0.0543,0.0542,0.0531,0.0534,0.0501
0.3802,0.3719,0.3678,0.3593,0.3569,0.3635,0.3645,0.3558,0.3503,0.347,0.3405,0.3349,0.3283,0.3268,0.3264,0.3251,0.3261,0.3241,0.3206,0.317,0.312,0.3077,0.3034,0.303,0.297,0.2949,0.2911,0.2877,0.2876,0.2857,0.2832,0.2844,0.2832,0.2833,0.2794,0.2762,0.2741,0.2709,0.2686,0.2692,0.2666,0.2627,0.252,0.2442,0.2378,0.2337,0.2269,0.2225,0.2119,0.2059,0.1986,0.1934,0.1874,0.18,0.1801,0.1735,0.1633,0.1541,0.1444,0.1296,0.1214,0.1106,0.1023,0.0988,0.096,0.0879,0.0818,0.0811,0.0802,0.0771,0.0714,0.0609,0.0578,0.0527,0.0445,0.0394,0.036,0.0319,0.0308,0.0303,0.0304,0.0292,0.0232,0.0203,0.0201,0.0192,0.0197,0.0195,0.0183,0.0169
0.4156,0.4149,0.4093,0.4035,0.3984,0.3991,0.4037,0.4135,0.4171,0.4139,0.4077,0.4017,0.3976,0.3927,0.3887,0.3885,0.3859,0.3858,0.3835,0.3811,0.3805,0.3775,0.3758,0.3751,0.3726,0.3655,0.363,0.3625,0.3592,0.3536,0.3531,0.3515,0.3471,0.3458,0.3412,0.3387,0.3368,0.3318,0.326,0.3179,0.3144,0.3128,0.3042,0.2937,0.2835,0.2768,0.2673,0.258,0.24,0.2333,0.2293,0.2201,0.2122,0.2056,0.1933,0.1905,0.1836,0.1717,0.1595,0.1449,0.1428,0.1317,0.1305,0.1355,0.1359,0.1344,0.1269,0.1222,0.1157,0.1074,0.1028,0.0847,0.0742,0.0683,0.0657,0.0659,0.0601,0.0574,0.0584,0.0575,0.0572,0.0552,0.0514,0.048,0.0401,0.0368,0.0294,0.0249,0.0245,0.0243
0.4345,0.4335,0.4319,0.4283,0.4194,0.4116,0.4086,0.4135,0.42,0.4205,0.4183,0.414,0.4115,0.4052,0.3906,0.3806,0.3721,0.3682,0.366,0.3631,0.3625,0.3627,0.3594,0.3599,0.3595,0.3584,0.3495,0.3471,0.3417,0.3355,0.3292,0.3222,0.317,0.3083,0.3022,0.301,0.2942,0.2875,0.2848,0.2818,0.2762,0.2689,0.2649,0.253,0.2419,0.2352,0.221,0.2104,0.2071,0.2057,0.2049,0.2021,0.1964,0.1879,0.1783,0.1616,0.1448,0.1253,0.1223,0.1103,0.1018,0.0977,0.0901,0.0863,0.0794,0.0759,0.064,0.0589,0.059,0.0538,0.0522,0.0494,0.0365,0.0389,0.0388,0.0363,0.0371,0.0358,0.0344,0.035,0.0349,0.0351,0.0323,0.0231,0.0199,0.0193,0.0191,0.0191,0.019,0.0188
0.4981,0.5019,0.5036,0.5016,0.489,0.4791,0.4705,0.4687,0.4646,0.4612,0.4563,0.4488,0.4456,0.4467,0.4453,0.4369,0.4146,0.4051,0.401,0.3931,0.391,0.3811,0.3771,0.3778,0.3724,0.371,0.3724,0.372,0.3713,0.3715,0.3691,0.368,0.3662,0.3633,0.3528,0.343,0.3279,0.3171,0.3144,0.3124,0.3121,0.3048,0.2986,0.2928,0.2824,0.2755,0.2644,0.2494,0.2402,0.2342,0.2301,0.2261,0.2242,0.2226,0.2146,0.1847,0.1626,0.1503,0.1404,0.134,0.1242,0.1188,0.1164,0.1145,0.1049,0.0908,0.0817,0.0741,0.0711,0.0639,0.0483,0.0465,0.041,0.0381,0.036,0.0334,0.0314,0.0256,0.0254,0.0254,0.0254,0.025,0.0259,0.0259,0.0252,0.0246,0.0243,0.0243,0.0247,0.0249
0.4899,0.4925,0.4952,0.4941,0.4936,0.4879,0.4761,0.4761,0.4726,0.4688,0.4636,0.46,0.4584,0.4592,0.4618,0.4624,0.458,0.4421,0.4377,0.4388,0.4386,0.4375,0.4312,0.4315,0.4298,0.4327,0.4365,0.4365,0.4353,0.4323,0.4212,0.4218,0.4177,0.4025,0.3984,0.3811,0.3668,0.347,0.3354,0.3259,0.324,0.3161,0.2904,0.2746,0.2592,0.2551,0.2466,0.2296,0.2155,0.2138,0.2126,0.2107,0.2084,0.2017,0.1955,0.1746,0.1588,0.1529,0.1458,0.1364,0.1194,0.0959,0.0812,0.0767,0.0544,0.0444,0.0411,0.0428,0.0447,0.0413,0.0419,0.0426,0.0385,0.041,0.038,0.0416,0.0404,0.0396,0.0387,0.0377,0.04,0.0382,0.0362,0.0316,0.0286,0.0259,0.0242,0.0243,0.0241,0.0223
0.4552,0.4545,0.4507,0.4497,0.4518,0.4492,0.4463,0.4487,0.4506,0.4485,0.4478,0.448,0.4477,0.4445,0.4393,0.434,0.4348,0.4301,0.4106,0.391,0.3903,0.3848,0.3843,0.3787,0.3799,0.3809,0.3596,0.3516,0.3461,0.3427,0.3405,0.3368,0.3129,0.2981,0.2948,0.2949,0.2738,0.2537,0.2293,0.203,0.1854,0.1556,0.1448,0.1247,0.1145,0.1058,0.098,0.094,0.0878,0.0881,0.0873,0.0859,0.0851,0.0759,0.061,0.0518,0.0399,0.039,0.0413,0.0389,0.0343,0.0337,0.0327,0.0278,0.0232,0.0183,0.0155,0.0136,0.0126,0.0114,0.0116,0.0113,0.0103,0.0089,0.0077,0.0074,0.0063,0.0067,0.0075,0.0078,0.0082,0.0082,0.0076,0.0069,0.0058,0.0055,0.0045,0.004,0.0038,0.0044
0.4037,0.3986,0.3953,0.3928,0.3915,0.3925,0.3957,0.3925,0.3849,0.3753,0.3726,0.3701,0.3703,0.3679,0.3591,0.3415,0.3314,0.3257,0.3255,0.302,0.2903,0.285,0.2887,0.2757,0.2667,0.2591,0.2439,0.2262,0.2135,0.2071,0.2013,0.1913,0.1699,0.1443,0.1323,0.125,0.1158,0.1066,0.0918,0.0816,0.0714,0.0697,0.0695,0.0668,0.0663,0.0605,0.0551,0.048,0.0442,0.044,0.0419,0.0409,0.041,0.0405,0.0374,0.0353,0.0329,0.0312,0.0296,0.0233,0.0191,0.0169,0.0151,0.0126,0.0135,0.0143,0.0152,0.0155,0.0158,0.0169,0.0177,0.0169,0.0157,0.0142,0.0132,0.0131,0.0138,0.0144,0.0126,0.0109,0.0119,0.013,0.01,0.0085,0.0086,0.0086,0.0093,0.01,0.0073,0.0066
0.3143,0.3131,0.3089,0.3066,0.3045,0.3098,0.3113,0.3109,0.3041,0.2994,0.2951,0.2949,0.2941,0.2911,0.2869,0.2833,0.2795,0.2738,0.2658,0.2617,0.2517,0.2477,0.243,0.2336,0.2208,0.2096,0.1962,0.1735,0.1633,0.1513,0.1411,0.1306,0.1232,0.1183,0.1117,0.1047,0.1035,0.1006,0.0951,0.0902,0.0873,0.091,0.09,0.0879,0.0841,0.0803,0.077,0.0745,0.0725,0.0701,0.0667,0.0625,0.058,0.0565,0.0541,0.0515,0.0516,0.0523,0.0504,0.0469,0.0448,0.044,0.0416,0.0374,0.0319,0.0259,0.0223,0.0189,0.0167,0.0136,0.0129,0.0115,0.0104,0.01,0.0087,0.0081,0.0078,0.0084,0.0083,0.009,0.0091,0.0083,0.0061,0.0061,0.0054,0.0053,0.0061,0.0058,0.0052,0.0054
0.2848,0.2828,0.2811,0.28,0.2778,0.2755,0.2684,0.2595,0.2493,0.2385,0.2284,0.2264,0.2192,0.2086,0.199,0.1945,0.1906,0.1835,0.1751,0.17,0.1657,0.1556,0.1427,0.1387,0.1301,0.1166,0.1131,0.109,0.0992,0.0795,0.0638,0.0565,0.0531,0.0476,0.0425,0.0327,0.0288,0.0266,0.0256,0.0252,0.0217,0.0142,0.008,0.0081,0.008,0.0082,0.0075,0.0069,0.0066,0.0061,0.005,0.0016,8e-04,7e-04,7e-04,8e-04,9e-04,0.001,9e-04,3e-04,2e-04,2e-04,2e-04,2e-04,1e-04,0,0,0,0,0,0,0,0,1e-04,1e-04,1e-04,2e-04,2e-04,2e-04,2e-04,2e-04,3e-04,5e-04,5e-04,6e-04,7e-04,6e-04,6e-04,8e-04,6e-04
0.203,0.2024,0.1998,0.1936,0.1828,0.1718,0.1595,0.1516,0.1437,0.1345,0.126,0.1197,0.1108,0.1038,0.0962,0.09,0.085,0.0803,0.0751,0.0698,0.0634,0.0578,0.0513,0.0499,0.0463,0.0386,0.0299,0.0276,0.0251,0.0213,0.0202,0.0205,0.0209,0.0211,0.0209,0.0212,0.022,0.0225,0.0228,0.0229,0.0229,0.0211,0.0205,0.0215,0.0214,0.0212,0.0204,0.0211,0.0214,0.02,0.0195,0.0202,0.0205,0.0207,0.0209,0.0209,0.0211,0.0207,0.0205,0.0203,0.02,0.019,0.0172,0.015,0.0147,0.013,0.0124,0.0139,0.0141,0.0136,0.0132,0.013,0.0127,0.0118,0.0115,0.011,0.0103,0.0093,0.0067,0.0063,0.0062,0.0047,0.0048,0.0049,0.0049,0.0043,0.0041,0.0039,0.0041,0.0045
0.1503,0.1437,0.1397,0.1352,0.1294,0.1283,0.1286,0.1249,0.1257,0.1263,0.1246,0.123,0.1228,0.1237,0.1251,0.1258,0.1252,0.1243,0.1227,0.1204,0.1161,0.11,0.107,0.1051,0.1035,0.1007,0.0994,0.0983,0.0949,0.091,0.0875,0.0864,0.085,0.0826,0.0811,0.0778,0.0726,0.0692,0.0656,0.0637,0.0631,0.0615,0.0574,0.0504,0.0495,0.0478,0.0473,0.0452,0.0427,0.0388,0.0356,0.0296,0.0245,0.0219,0.0201,0.0185,0.0171,0.0156,0.0148,0.0137,0.0118,0.0093,0.0082,0.007,0.006,0.0052,0.0035,0.0018,6e-04,4e-04,4e-04,3e-04,3e-04,3e-04,3e-04,3e-04,3e-04,3e-04,3e-04,4e-04,4e-04,4e-04,3e-04,3e-04,3e-04,3e-04,2e-04,2e-04,2e-04,2e-04
0.2245,0.2214,0.2163,0.212,0.2028,0.1947,0.1914,0.1869,0.1813,0.1779,0.1787,0.1801,0.1759,0.1726,0.1666,0.1617,0.1583,0.1534,0.1503,0.1457,0.1419,0.1401,0.138,0.1345,0.13,0.1238,0.1183,0.112,0.1053,0.092,0.0838,0.0778,0.0721,0.062,0.0469,0.0314,0.0231,0.0218,0.0209,0.0189,0.0183,0.0152,0.014,0.0101,0.007,0.0064,0.0053,0.005,0.0045,0.0018,9e-04,4e-04,4e-04,5e-04,5e-04,5e-04,5e-04,4e-04,5e-04,5e-04,5e-04,6e-04,6e-04,6e-04,6e-04,6e-04,6e-04,6e-04,6e-04,6e-04,6e-04,7e-04,8e-04,8e-04,8e-04,7e-04,8e-04,8e-04,9e-04,9e-04,8e-04,9e-04,9e-04,0.001,8e-04,0.001,7e-04,7e-04,8e-04,7e-04
0.2143,0.2115,0.2074,0.2072,0.2058,0.2012,0.1967,0.1952,0.1897,0.1837,0.1779,0.1719,0.1639,0.1558,0.151,0.144,0.1407,0.1398,0.1358,0.1321,0.1307,0.1312,0.1268,0.1239,0.1193,0.1142,0.1081,0.102,0.099,0.0911,0.0849,0.0802,0.0723,0.0686,0.0644,0.0583,0.053,0.048,0.0432,0.0398,0.0379,0.0369,0.0356,0.0326,0.0301,0.0296,0.0288,0.028,0.0269,0.0248,0.0235,0.0227,0.0222,0.0222,0.0222,0.0222,0.022,0.0216,0.0214,0.0213,0.0205,0.0198,0.0195,0.0194,0.0188,0.0184,0.0176,0.0171,0.0148,0.0129,0.0126,0.0132,0.0131,0.0131,0.0131,0.0142,0.0127,0.0117,0.0117,0.0116,0.0112,0.0102,0.0105,0.01,0.0093,0.009,0.0081,0.0071,0.0069,0.008
0.1536,0.1485,0.1466,0.1488,0.1472,0.1466,0.1436,0.1436,0.1397,0.1345,0.1322,0.1269,0.1223,0.1191,0.1131,0.1067,0.0981,0.0905,0.0872,0.0881,0.0906,0.0927,0.0938,0.0928,0.093,0.0924,0.091,0.0935,0.096,0.095,0.0921,0.092,0.0911,0.0899,0.0904,0.0902,0.0891,0.0889,0.0875,0.0868,0.0863,0.0862,0.0862,0.0852,0.0823,0.0814,0.08,0.0814,0.0811,0.0818,0.081,0.0801,0.0806,0.0801,0.0793,0.0793,0.0795,0.079,0.0785,0.0785,0.0777,0.0774,0.077,0.0764,0.0765,0.0767,0.0767,0.0762,0.0754,0.0744,0.0739,0.0733,0.073,0.0724,0.0715,0.0689,0.0662,0.0693,0.0719,0.0722,0.0687,0.059,0.0592,0.0527,0.0464,0.0433,0.0408,0.0451,0.0493,0.0454
0.4721,0.4726,0.4766,0.4806,0.4842,0.4916,0.5019,0.5056,0.5061,0.5111,0.5203,0.5278,0.5322,0.5295,0.5182,0.5084,0.5081,0.4983,0.484,0.4771,0.481,0.4873,0.4879,0.4861,0.49,0.4986,0.5037,0.5066,0.5046,0.5021,0.501,0.506,0.5091,0.5063,0.5012,0.5,0.4983,0.4974,0.5008,0.506,0.5105,0.5083,0.5029,0.4976,0.4933,0.4906,0.4855,0.4841,0.4889,0.4935,0.4945,0.4973,0.4961,0.4863,0.4789,0.4783,0.4802,0.4827,0.4822,0.4799,0.4796,0.4798,0.4798,0.4861,0.4901,0.493,0.4944,0.4981,0.4969,0.4927,0.4891,0.4894,0.4924,0.4952,0.4887,0.4795,0.4745,0.4748,0.4792,0.4828,0.4808,0.4741,0.4789,0.4765,0.471,0.462,0.4632,0.4681,0.4708,0.4736
0.6267,0.6215,0.614,0.6137,0.6147,0.6139,0.6131,0.618,0.6238,0.6296,0.6317,0.6339,0.633,0.6319,0.6305,0.6208,0.6149,0.6142,0.6148,0.6062,0.5932,0.5852,0.5783,0.5782,0.5785,0.5784,0.5809,0.5809,0.5788,0.5795,0.5838,0.5848,0.583,0.5813,0.5716,0.5676,0.5707,0.5723,0.5712,0.5702,0.5716,0.5701,0.5655,0.5622,0.5609,0.5612,0.5588,0.5475,0.5453,0.5441,0.542,0.5365,0.5259,0.5134,0.5039,0.5014,0.4981,0.4958,0.4947,0.4819,0.4675,0.4566,0.4533,0.4482,0.446,0.4442,0.4359,0.4216,0.408,0.391,0.3879,0.3788,0.3623,0.3552,0.359,0.3619,0.3612,0.3562,0.3511,0.3467,0.3458,0.3486,0.3382,0.3411,0.3434,0.3428,0.3436,0.3359,0.3353,0.3388
0.7373,0.731,0.7235,0.7178,0.7097,0.6997,0.6949,0.6946,0.6967,0.6976,0.6961,0.6935,0.6928,0.6905,0.697,0.697,0.6945,0.6893,0.6859,0.6855,0.6737,0.6659,0.6592,0.6486,0.6393,0.6383,0.6383,0.6382,0.6364,0.6316,0.6204,0.6138,0.6087,0.6012,0.5911,0.571,0.5611,0.5591,0.5594,0.553,0.541,0.536,0.5301,0.5254,0.5203,0.5185,0.5133,0.4951,0.4611,0.45,0.427,0.421,0.4103,0.4056,0.3846,0.3692,0.3597,0.3559,0.3569,0.3514,0.3381,0.3236,0.3071,0.2955,0.2859,0.283,0.2763,0.2576,0.2457,0.2418,0.24,0.2286,0.2178,0.2144,0.214,0.216,0.2169,0.2179,0.22,0.2206,0.2196,0.2167,0.214,0.2116,0.2099,0.2081,0.2087,0.2107,0.2121,0.2111
0.7434,0.7385,0.7259,0.7194,0.7176,0.7106,0.7101,0.6986,0.6852,0.6783,0.6643,0.6561,0.6489,0.6361,0.631,0.6286,0.6304,0.6225,0.6205,0.618,0.6119,0.5985,0.5893,0.5785,0.5638,0.5511,0.5472,0.54,0.5372,0.5342,0.5308,0.528,0.5208,0.5187,0.5204,0.5016,0.4897,0.4873,0.4837,0.4826,0.4713,0.4601,0.4575,0.4598,0.4583,0.4564,0.4503,0.4562,0.4322,0.4141,0.4026,0.4015,0.4039,0.4098,0.4142,0.4064,0.3834,0.3715,0.3691,0.372,0.3742,0.3726,0.3658,0.3322,0.3254,0.3274,0.3271,0.3171,0.312,0.3135,0.3135,0.3102,0.2879,0.2834,0.2803,0.2815,0.2822,0.279,0.277,0.2736,0.2719,0.2696,0.2651,0.2616,0.2605,0.2588,0.2589,0.2559,0.249,0.2369
0.6616,0.6628,0.654,0.6515,0.6537,0.6521,0.6463,0.645,0.6353,0.6177,0.6144,0.6117,0.6091,0.6049,0.6014,0.601,0.599,0.6053,0.5978,0.6012,0.5942,0.5906,0.5818,0.5722,0.5527,0.5425,0.5447,0.5353,0.5312,0.5302,0.5248,0.5092,0.5054,0.4928,0.4854,0.4771,0.4391,0.4291,0.4275,0.4233,0.4191,0.4059,0.395,0.3947,0.3933,0.3866,0.3816,0.379,0.3823,0.3796,0.3587,0.3461,0.3428,0.3393,0.3337,0.3241,0.3099,0.3003,0.2917,0.2816,0.2709,0.2563,0.2512,0.2466,0.2327,0.2232,0.2084,0.2008,0.1968,0.1959,0.1951,0.1879,0.1585,0.1205,0.0976,0.0883,0.0799,0.0709,0.0567,0.0461,0.0433,0.044,0.0424,0.0372,0.036,0.0376,0.038,0.0366,0.0304,0.0238
0.6522,0.6547,0.6534,0.6399,0.6299,0.6308,0.6209,0.6171,0.6125,0.5793,0.5664,0.5604,0.5523,0.5465,0.5437,0.5453,0.5474,0.5482,0.5522,0.5546,0.5484,0.5412,0.5398,0.5272,0.5139,0.4752,0.4718,0.4701,0.4621,0.4493,0.4424,0.4369,0.4387,0.436,0.4265,0.4208,0.4056,0.3692,0.3541,0.3485,0.3449,0.3394,0.3265,0.3212,0.292,0.2491,0.2304,0.2218,0.2104,0.2037,0.1865,0.146,0.1057,0.0874,0.0776,0.0682,0.0613,0.0463,0.0331,0.0253,0.0219,0.0204,0.0159,0.0152,0.0138,0.0122,0.01,0.0082,0.008,0.0078,0.0073,0.007,0.0064,0.004,0.0021,0.0016,0.0014,0.0013,0.001,8e-04,7e-04,6e-04,5e-04,4e-04,4e-04,3e-04,3e-04,3e-04,2e-04,2e-04
