0.7187,0.7216,0.7201,0.705,0.7032,0.7046,0.7056,0.6984,0.6931,0.6912,0.6871,0.6898,0.6885,0.6894,0.6904,0.6915,0.6877,0.6764,0.6681,0.6572,0.6389,0.6245,0.6047,0.5927,0.5742,0.5576,0.5516,0.5447,0.5236,0.5116,0.5019,0.4873,0.4535,0.4158,0.409,0.394,0.376,0.3558,0.3267,0.3016,0.27,0.2322,0.1926,0.1803,0.1599,0.1357,0.115,0.0983,0.0875,0.0787,0.0706,0.0458,0.0293,0.0259,0.0299,0.0313,0.0294,0.0298,0.027,0.0205,0.0173,0.013,0.012,0.0116,0.0111,0.0109,0.0102,0.007,0.0058,0.0058,0.0059,0.0054,0.005,0.0047,0.0048,0.0053,0.0051,0.0049,0.005,0.005,0.0056,0.0063,0.0059,0.0059,0.0062,0.0066,0.0063,0.0065,0.0058,0.0068
0.6439,0.6405,0.6355,0.639,0.6288,0.6212,0.619,0.611,0.6117,0.6094,0.6032,0.5967,0.5954,0.5801,0.5689,0.5642,0.5663,0.5683,0.5703,0.5692,0.5608,0.555,0.5454,0.5366,0.5327,0.5274,0.4981,0.4433,0.4038,0.3368,0.3005,0.2667,0.246,0.2186,0.1998,0.1838,0.1761,0.1536,0.1125,0.0926,0.0724,0.0643,0.0471,0.0437,0.0418,0.0366,0.031,0.0303,0.0304,0.0302,0.031,0.0299,0.0229,0.0188,0.0133,0.0086,0.007,0.0063,0.0066,0.0066,0.0067,0.0066,0.007,0.0072,0.0076,0.0078,0.0079,0.0055,0.0046,0.005,0.0059,0.0058,0.0058,0.0057,0.0058,0.0059,0.0055,0.0053,0.0051,0.0051,0.0054,0.0054,0.0051,0.0049,0.0046,0.0043,0.0042,0.0039,0.004,0.0041
0.5457,0.5437,0.5415,0.5401,0.5338,0.5238,0.5162,0.4968,0.4762,0.4718,0.4752,0.4762,0.4744,0.4689,0.4416,0.4148,0.4074,0.4062,0.4066,0.4024,0.4006,0.4019,0.4007,0.3949,0.3882,0.3761,0.3673,0.3612,0.3454,0.3106,0.2742,0.2292,0.18,0.1561,0.1442,0.1282,0.1218,0.0981,0.08,0.0723,0.0663,0.0563,0.0485,0.0455,0.0432,0.042,0.0419,0.039,0.038,0.0377,0.0376,0.0374,0.0269,0.0269,0.0217,0.0187,0.0199,0.0185,0.0171,0.0169,0.0175,0.0185,0.0194,0.0184,0.0171,0.0168,0.0156,0.0151,0.0137,0.015,0.0133,0.0109,0.0098,0.0091,0.0083,0.0076,0.007,0.0068,0.0086,0.009,0.0088,0.0088,0.0084,0.0082,0.008,0.0078,0.0095,0.0074,0.0092,0.0091
0.4297,0.4236,0.4226,0.4215,0.421,0.4214,0.4188,0.4092,0.3907,0.3839,0.3861,0.3876,0.3862,0.3857,0.3772,0.3484,0.3357,0.3334,0.3331,0.3277,0.321,0.318,0.3136,0.3087,0.2943,0.2854,0.2828,0.2861,0.2847,0.2811,0.2728,0.2534,0.1831,0.1635,0.1521,0.1444,0.137,0.133,0.1277,0.1186,0.114,0.1031,0.0903,0.0779,0.0721,0.069,0.0659,0.0634,0.06,0.0576,0.0547,0.0531,0.0514,0.049,0.0481,0.045,0.0411,0.0394,0.0385,0.0385,0.0393,0.0391,0.0363,0.0338,0.0331,0.0315,0.0287,0.0289,0.0305,0.0306,0.0302,0.0312,0.0308,0.0295,0.0289,0.0286,0.0288,0.0287,0.0262,0.0221,0.0194,0.0193,0.0178,0.0178,0.0182,0.0196,0.0182,0.0153,0.0167,0.0138
0.4011,0.3781,0.3709,0.3697,0.3745,0.3752,0.3782,0.3787,0.3673,0.3522,0.351,0.348,0.3445,0.3393,0.3361,0.3218,0.3058,0.2953,0.2894,0.2794,0.2603,0.2475,0.2379,0.229,0.2252,0.2239,0.2174,0.212,0.2069,0.2029,0.1957,0.1876,0.177,0.1506,0.1449,0.1403,0.1345,0.1279,0.1101,0.1004,0.1,0.1006,0.0971,0.0893,0.0877,0.0859,0.0845,0.0845,0.0806,0.0783,0.0758,0.0754,0.0748,0.0703,0.0729,0.0736,0.0712,0.0683,0.0683,0.0672,0.0669,0.0626,0.0591,0.0547,0.0506,0.0472,0.0435,0.0399,0.0414,0.043,0.0418,0.0402,0.0353,0.0349,0.0344,0.0341,0.0342,0.0341,0.0336,0.0318,0.0298,0.0266,0.0245,0.0234,0.0202,0.0203,0.0201,0.0195,0.0206,0.0191
0.3682,0.3652,0.3469,0.3494,0.351,0.3564,0.3569,0.3574,0.3564,0.3498,0.3416,0.3368,0.3327,0.3289,0.3193,0.2996,0.2806,0.2738,0.271,0.2674,0.2603,0.2522,0.2517,0.2532,0.2534,0.2476,0.2385,0.2335,0.2295,0.2232,0.2133,0.2045,0.1968,0.192,0.1926,0.1909,0.1879,0.1845,0.1762,0.1735,0.1661,0.1617,0.1632,0.1608,0.1572,0.1541,0.1487,0.1457,0.1411,0.1328,0.1269,0.1211,0.1164,0.1095,0.1036,0.0934,0.0915,0.0885,0.087,0.0834,0.0793,0.0709,0.0642,0.056,0.0501,0.0431,0.0375,0.0329,0.0302,0.0285,0.0263,0.0227,0.0143,0.0135,0.0126,0.0119,0.0114,0.0108,0.0101,0.0093,0.0091,0.0084,0.0082,0.0075,0.0071,0.0079,0.0073,0.0059,0.0054,0.0044
0.3561,0.3582,0.3554,0.3488,0.3457,0.3437,0.3427,0.3372,0.3359,0.3359,0.3333,0.328,0.3255,0.3253,0.3216,0.3172,0.3089,0.2953,0.2852,0.2801,0.2761,0.2626,0.2508,0.2428,0.234,0.2261,0.223,0.2191,0.2142,0.2068,0.2026,0.1969,0.1902,0.1818,0.1745,0.1633,0.1511,0.1432,0.1354,0.1241,0.1089,0.097,0.0921,0.0829,0.0721,0.0612,0.0507,0.0409,0.0294,0.0183,0.0139,0.0117,0.0097,0.0085,0.0076,0.0057,0.0053,0.0051,0.0049,0.0047,0.0046,0.0046,0.0046,0.0042,0.0024,0.0011,0.001,0.001,0.001,9e-04,8e-04,7e-04,6e-04,6e-04,5e-04,5e-04,5e-04,4e-04,4e-04,4e-04,4e-04,4e-04,4e-04,4e-04,4e-04,4e-04,4e-04,4e-04,4e-04,4e-04
0.3866,0.3852,0.3812,0.3763,0.3777,0.3735,0.3556,0.3508,0.3512,0.3458,0.3354,0.3284,0.3219,0.3111,0.2978,0.2969,0.292,0.2876,0.273,0.2613,0.2528,0.242,0.1873,0.1575,0.1328,0.1139,0.1065,0.0957,0.0812,0.0737,0.0701,0.0662,0.0581,0.0519,0.0401,0.0264,0.0168,0.0128,0.0114,0.0105,0.0099,0.01,0.0105,0.0087,0.0076,0.0069,0.0063,0.0058,0.0053,0.0052,0.0051,0.005,0.0051,0.004,0.0033,0.0031,0.0028,0.0024,0.0019,0.0018,0.0015,0.0012,9e-04,8e-04,5e-04,4e-04,4e-04,4e-04,4e-04,4e-04,4e-04,4e-04,3e-04,3e-04,3e-04,3e-04,3e-04,2e-04,2e-04,2e-04,2e-04,2e-04,1e-04,1e-04,1e-04,1e-04,1e-04,1e-04,1e-04,1e-04
0.2398,0.2378,0.2342,0.2334,0.2304,0.2247,0.2007,0.1893,0.1775,0.1693,0.1615,0.1577,0.1544,0.146,0.1357,0.1279,0.1205,0.109,0.0888,0.0735,0.0477,0.0341,0.0246,0.0136,0.0089,0.007,0.0065,0.006,0.0057,0.0052,0.0052,0.0053,0.0052,0.0049,0.0048,0.0035,0.0021,0.0017,9e-04,9e-04,9e-04,7e-04,7e-04,7e-04,6e-04,6e-04,4e-04,4e-04,4e-04,4e-04,4e-04,4e-04,3e-04,3e-04,3e-04,3e-04,3e-04,3e-04,3e-04,3e-04,3e-04,4e-04,4e-04,4e-04,4e-04,4e-04,2e-04,1e-04,1e-04,1e-04,0,0,0,0,0,0,0,0,0,1e-04,1e-04,1e-04,1e-04,1e-04,0,0,0,1e-04,1e-04,0
0.1712,0.1679,0.1664,0.164,0.1571,0.1534,0.1416,0.1392,0.1376,0.1356,0.1328,0.1329,0.1346,0.1332,0.1332,0.1314,0.1304,0.1282,0.1246,0.1214,0.1191,0.1164,0.1076,0.1027,0.1002,0.0913,0.0805,0.0703,0.0658,0.0628,0.0567,0.0496,0.0402,0.0305,0.0244,0.0212,0.0134,0.0106,0.0091,0.0076,0.0056,0.0046,0.0047,0.0047,0.0047,0.0044,0.0019,0.0018,0.002,0.0014,0.0013,0.0012,8e-04,3e-04,2e-04,1e-04,1e-04,1e-04,1e-04,1e-04,1e-04,1e-04,1e-04,0,0,0,0,0,0,0,0,0,0,0,0,0,0,0,0,0,0,0,1e-04,1e-04,1e-04,1e-04,1e-04,1e-04,1e-04,1e-04
0.2248,0.2222,0.223,0.2182,0.2142,0.2116,0.2032,0.1858,0.1796,0.1713,0.1698,0.1692,0.1668,0.1648,0.164,0.1565,0.147,0.1405,0.1371,0.1357,0.1269,0.1193,0.1034,0.0956,0.0859,0.0787,0.071,0.0588,0.0501,0.0441,0.0352,0.0278,0.0202,0.0166,0.0132,0.0083,0.0071,0.0032,0.0026,0.0023,0.0023,0.0022,0.0023,0.0023,0.0023,0.0023,0.0018,0.0018,0.0019,0.0017,0.0017,0.0017,0.0018,6e-04,5e-04,1e-04,1e-04,2e-04,2e-04,2e-04,2e-04,2e-04,2e-04,2e-04,1e-04,1e-04,1e-04,1e-04,1e-04,1e-04,1e-04,1e-04,1e-04,1e-04,1e-04,1e-04,1e-04,1e-04,1e-04,0,0,0,0,0,0,1e-04,1e-04,1e-04,1e-04,1e-04
0.2195,0.2151,0.2086,0.2019,0.2015,0.2004,0.1983,0.1785,0.1689,0.1596,0.1495,0.1525,0.1453,0.1397,0.1389,0.1287,0.1225,0.119,0.1161,0.1184,0.1043,0.0936,0.0865,0.0752,0.048,0.0463,0.0435,0.038,0.0317,0.0289,0.0265,0.0237,0.023,0.0209,0.017,0.0135,0.0111,0.005,0.0039,0.0036,0.0038,0.0036,0.0034,0.0032,0.0032,0.003,0.0025,0.0024,0.0023,0.002,0.0016,0.0014,0.0014,0.0013,7e-04,5e-04,4e-04,4e-04,3e-04,3e-04,2e-04,2e-04,2e-04,2e-04,1e-04,1e-04,1e-04,1e-04,1e-04,1e-04,2e-04,2e-04,2e-04,2e-04,2e-04,2e-04,2e-04,2e-04,2e-04,2e-04,3e-04,3e-04,3e-04,3e-04,3e-04,4e-04,4e-04,5e-04,5e-04,5e-04
0.1455,0.1449,0.1413,0.1361,0.1332,0.129,0.1226,0.1192,0.1168,0.1088,0.088,0.0808,0.0665,0.0573,0.0523,0.042,0.0319,0.0268,0.0237,0.018,0.015,0.0139,0.0115,0.0043,0.0048,0.0063,0.0072,0.0076,0.008,0.0078,0.0087,0.0096,0.0109,0.0108,0.0103,0.0101,0.01,0.0097,0.0094,0.0091,0.0091,0.009,0.0087,0.0083,0.0082,0.008,0.0074,0.0074,0.0073,0.0072,0.0074,0.0074,0.0076,0.0069,0.0069,0.0064,0.0068,0.0072,0.0071,0.0072,0.0061,0.0045,0.0031,0.0037,0.0035,0.0037,0.0042,0.0032,0.0032,0.0037,0.0035,0.0033,0.0033,0.0034,0.0032,0.0028,0.0026,0.0026,0.0026,0.002,0.0018,0.0015,0.0016,0.0014,0.0014,0.0013,0.0013,0.0013,0.0012,0.0012
0.1356,0.1378,0.1393,0.1373,0.1331,0.1267,0.1239,0.1221,0.1228,0.1212,0.1064,0.1063,0.1061,0.1006,0.0968,0.0932,0.09,0.0904,0.096,0.0994,0.1001,0.1002,0.0976,0.0929,0.0964,0.0947,0.0917,0.0892,0.0873,0.0908,0.0915,0.0915,0.0901,0.0859,0.0819,0.0803,0.0792,0.0791,0.0822,0.0798,0.0767,0.0731,0.0702,0.0684,0.0661,0.0629,0.0552,0.0477,0.0451,0.0428,0.0414,0.0389,0.0364,0.0313,0.0306,0.026,0.0236,0.0204,0.0163,0.0134,0.0069,0.0048,0.0043,0.0042,0.0038,0.0037,0.0032,0.0022,0.0019,0.0018,0.0019,0.0021,0.0022,0.0021,0.0021,0.0022,0.0023,0.0023,0.0023,0.0023,0.0024,0.003,0.0032,0.0037,0.0044,0.005,0.0053,0.0054,0.0058,0.0065
0.2008,0.2007,0.2031,0.2032,0.1972,0.1948,0.1921,0.1909,0.1909,0.1915,0.1899,0.1836,0.1831,0.1792,0.1746,0.171,0.1673,0.1646,0.163,0.1614,0.1593,0.1569,0.1547,0.1524,0.1457,0.1425,0.1381,0.1348,0.1295,0.1266,0.1252,0.1248,0.1239,0.1231,0.1212,0.1198,0.1178,0.1154,0.111,0.1075,0.1039,0.1018,0.0988,0.0975,0.0963,0.0927,0.0853,0.0834,0.0852,0.0862,0.0856,0.085,0.0845,0.0807,0.0798,0.0756,0.0735,0.0743,0.0745,0.0732,0.0722,0.072,0.0717,0.07,0.0655,0.0614,0.0624,0.0641,0.0646,0.0647,0.0654,0.065,0.0638,0.0636,0.0632,0.063,0.0613,0.0639,0.0641,0.0599,0.0607,0.0617,0.0654,0.0679,0.0712,0.0714,0.0725,0.0731,0.0737,0.0734
0.2779,0.2762,0.2752,0.2727,0.2686,0.2643,0.2616,0.2628,0.2616,0.26,0.2585,0.2541,0.2503,0.2477,0.2404,0.2326,0.2267,0.2157,0.2101,0.2044,0.1931,0.1849,0.1813,0.1791,0.1747,0.1706,0.1714,0.1718,0.1675,0.1629,0.1584,0.1522,0.1543,0.1569,0.1608,0.158,0.1565,0.1552,0.1534,0.1519,0.15,0.1491,0.1476,0.1466,0.1456,0.1438,0.1437,0.1428,0.1431,0.1422,0.1417,0.1423,0.1405,0.1401,0.1392,0.1369,0.1345,0.1322,0.1299,0.1305,0.1297,0.1284,0.1255,0.1234,0.117,0.114,0.1024,0.0993,0.0963,0.093,0.0884,0.0836,0.0811,0.078,0.0808,0.0774,0.07,0.0639,0.0537,0.0495,0.0485,0.0437,0.0331,0.0272,0.0225,0.0196,0.0169,0.0148,0.013,0.0137
0.3829,0.3817,0.3741,0.3716,0.3692,0.3648,0.3617,0.3589,0.356,0.3514,0.3455,0.3438,0.3425,0.3409,0.3334,0.3269,0.3201,0.316,0.3111,0.3068,0.2992,0.2876,0.2797,0.2833,0.2893,0.2926,0.2949,0.2963,0.2942,0.291,0.2846,0.2795,0.2829,0.2815,0.2795,0.2744,0.2699,0.2669,0.2644,0.2625,0.2598,0.2587,0.2549,0.2514,0.2443,0.2394,0.2308,0.2279,0.2257,0.2208,0.2116,0.2024,0.1965,0.1911,0.1901,0.1851,0.1833,0.1803,0.1735,0.172,0.1677,0.1609,0.1575,0.1545,0.1455,0.1362,0.1255,0.1177,0.1139,0.1092,0.1,0.0938,0.0907,0.0896,0.087,0.0875,0.0818,0.0811,0.0819,0.0815,0.0792,0.0797,0.0782,0.075,0.0721,0.071,0.0697,0.0692,0.0694,0.0665
0.419,0.4196,0.4117,0.4113,0.415,0.4189,0.4165,0.4104,0.4085,0.4074,0.406,0.4086,0.4114,0.4131,0.4108,0.4017,0.3975,0.3948,0.3912,0.3901,0.3864,0.3818,0.3725,0.367,0.3643,0.3557,0.3503,0.3469,0.3448,0.3411,0.3377,0.3338,0.3273,0.3147,0.3072,0.3035,0.2947,0.2875,0.2832,0.2819,0.283,0.2817,0.2786,0.276,0.27,0.2644,0.2534,0.2399,0.2358,0.2308,0.229,0.2214,0.2134,0.2089,0.2017,0.1932,0.1858,0.1818,0.1758,0.1662,0.1593,0.1536,0.1489,0.1465,0.1436,0.1388,0.1382,0.1355,0.1317,0.1292,0.1212,0.1111,0.1034,0.102,0.1021,0.0935,0.0898,0.0895,0.0793,0.0731,0.0732,0.0694,0.0628,0.0561,0.0551,0.0534,0.0485,0.0472,0.0464,0.0474
0.4426,0.4427,0.4397,0.4342,0.4328,0.4372,0.4384,0.436,0.4346,0.432,0.4338,0.4357,0.4351,0.4359,0.4358,0.4323,0.4255,0.4243,0.4212,0.4167,0.4124,0.4042,0.3889,0.3777,0.3672,0.3583,0.3534,0.3531,0.3535,0.3537,0.3515,0.3463,0.3337,0.3239,0.3216,0.3169,0.3152,0.3073,0.3019,0.3,0.2962,0.2944,0.2923,0.2827,0.2638,0.254,0.2415,0.2274,0.2238,0.2167,0.2067,0.1939,0.1852,0.1738,0.1708,0.1597,0.1447,0.1344,0.1179,0.0579,0.0359,0.0279,0.0253,0.0219,0.0202,0.0181,0.0192,0.0199,0.0197,0.0197,0.0191,0.0184,0.0178,0.0173,0.0174,0.0169,0.0157,0.0141,0.0133,0.0128,0.0126,0.0125,0.0123,0.0119,0.0117,0.0118,0.0115,0.0114,0.0114,0.0111
0.4878,0.4839,0.4794,0.4681,0.4526,0.4506,0.4529,0.4521,0.4458,0.4415,0.4439,0.4452,0.4466,0.4469,0.4477,0.4455,0.4353,0.4363,0.4336,0.428,0.423,0.4205,0.4066,0.3883,0.3781,0.3696,0.3614,0.3568,0.3541,0.3518,0.3481,0.3443,0.3301,0.3232,0.3109,0.3103,0.3104,0.2926,0.2807,0.2753,0.2671,0.2597,0.2537,0.2471,0.197,0.1651,0.1555,0.1483,0.1375,0.1043,0.0797,0.0616,0.0408,0.0261,0.0223,0.0182,0.0144,0.0139,0.0142,0.0119,0.0111,0.0104,0.0103,0.0105,0.0104,0.0096,0.0094,0.0095,0.0096,0.0097,0.0102,0.0109,0.0113,0.0115,0.0114,0.0108,0.0102,0.0071,0.0066,0.0066,0.0068,0.0073,0.0078,0.0086,0.008,0.0066,0.0061,0.006,0.0055,0.0053
0.4846,0.4862,0.4836,0.472,0.4677,0.4669,0.4725,0.4756,0.4696,0.4634,0.4687,0.4711,0.4709,0.4691,0.4664,0.4595,0.4418,0.4384,0.4342,0.4279,0.4314,0.4336,0.4328,0.4188,0.4162,0.41,0.4008,0.3893,0.3866,0.383,0.3782,0.3728,0.368,0.3515,0.3301,0.3092,0.2991,0.2893,0.2756,0.2446,0.2218,0.2091,0.1768,0.1628,0.1285,0.0594,0.0589,0.057,0.0541,0.052,0.0503,0.0485,0.0471,0.0474,0.0466,0.0456,0.0426,0.0386,0.0401,0.034,0.0319,0.0322,0.0341,0.0351,0.0346,0.0346,0.0327,0.032,0.0298,0.0283,0.0284,0.0274,0.0241,0.0199,0.0187,0.0146,0.0101,0.0091,0.009,0.0086,0.0082,0.0084,0.0077,0.0058,0.0059,0.0068,0.0065,0.0048,0.0037,0.0035
0.4836,0.4851,0.4789,0.4754,0.4736,0.4735,0.4714,0.4687,0.4665,0.4566,0.4499,0.4433,0.4355,0.4276,0.4221,0.4175,0.4087,0.3938,0.3609,0.3607,0.3698,0.3722,0.3752,0.3694,0.3526,0.338,0.3292,0.3116,0.2818,0.2682,0.251,0.242,0.2366,0.225,0.202,0.1814,0.1636,0.1483,0.1307,0.1167,0.0988,0.0953,0.0887,0.0844,0.0796,0.0673,0.0601,0.0592,0.0564,0.0517,0.049,0.0475,0.0442,0.0423,0.04,0.0368,0.0315,0.031,0.0303,0.0255,0.0216,0.0206,0.0195,0.018,0.0155,0.014,0.0139,0.0142,0.0122,0.0105,0.0094,0.0088,0.0073,0.0061,0.0057,0.0054,0.005,0.0044,0.0041,0.0042,0.0037,0.0021,0.0018,0.0016,0.0015,0.0013,0.0012,0.001,9e-04,9e-04
0.4133,0.4097,0.4041,0.3996,0.3971,0.3931,0.3889,0.3801,0.3707,0.3722,0.3464,0.3318,0.3256,0.3147,0.303,0.298,0.2956,0.2899,0.2726,0.2628,0.2622,0.2677,0.2683,0.2648,0.2597,0.2522,0.2404,0.2273,0.2125,0.2049,0.1923,0.1807,0.1699,0.1475,0.1182,0.1112,0.103,0.0997,0.0976,0.0952,0.0943,0.0917,0.089,0.0867,0.0845,0.0802,0.0785,0.0761,0.067,0.0583,0.0539,0.0488,0.0427,0.04,0.0366,0.0312,0.0251,0.0208,0.0174,0.0159,0.0151,0.0152,0.0161,0.0173,0.0181,0.0177,0.0165,0.0143,0.0123,0.0119,0.0119,0.0115,0.0101,0.0077,0.0049,0.0043,0.0013,9e-04,8e-04,7e-04,4e-04,3e-04,3e-04,2e-04,2e-04,2e-04,2e-04,2e-04,2e-04,1e-04
0.2971,0.2955,0.2926,0.2921,0.2909,0.2876,0.2868,0.2817,0.2773,0.2721,0.262,0.2563,0.253,0.2466,0.2396,0.2376,0.2365,0.2303,0.2242,0.2172,0.2136,0.2178,0.2182,0.2155,0.2115,0.2062,0.2021,0.1997,0.1974,0.1935,0.1879,0.1829,0.1743,0.1621,0.1526,0.144,0.1366,0.1275,0.1211,0.1142,0.107,0.1009,0.0945,0.0876,0.0808,0.0756,0.073,0.0693,0.0613,0.0554,0.0504,0.043,0.0372,0.033,0.0303,0.0258,0.0223,0.0225,0.0226,0.0224,0.0224,0.0217,0.0169,0.0111,0.0094,0.0092,0.0097,0.0101,0.0104,0.01,0.0083,0.0079,0.007,0.0045,0.0029,0.0027,0.0026,0.0021,0.0014,4e-04,4e-04,3e-04,2e-04,2e-04,2e-04,2e-04,1e-04,1e-04,1e-04,1e-04
0.2783,0.2799,0.2779,0.2776,0.2783,0.2757,0.2717,0.2541,0.2385,0.2311,0.2171,0.2049,0.1935,0.1834,0.1752,0.1638,0.1549,0.1517,0.1436,0.138,0.134,0.1313,0.1284,0.1234,0.1177,0.1136,0.1101,0.1063,0.1006,0.0946,0.0896,0.0851,0.0771,0.0635,0.0547,0.0464,0.0351,0.0262,0.0205,0.016,0.0117,0.0093,0.0075,0.0061,0.0053,0.0049,0.0048,0.0048,0.0051,0.0051,0.0052,0.0052,0.0043,0.0024,0.0024,0.0021,3e-04,1e-04,1e-04,1e-04,1e-04,1e-04,1e-04,1e-04,1e-04,1e-04,1e-04,1e-04,1e-04,1e-04,1e-04,1e-04,1e-04,0,0,0,0,0,0,0,0,0,0,0,0,0,0,0,0,1e-04
0.1789,0.1684,0.1624,0.1581,0.1575,0.1564,0.1484,0.1359,0.1196,0.1122,0.1025,0.0943,0.0884,0.084,0.0792,0.075,0.0712,0.0667,0.0619,0.0572,0.0541,0.0493,0.0454,0.0407,0.038,0.0365,0.0358,0.035,0.034,0.0336,0.0332,0.0327,0.0274,0.0256,0.0236,0.0216,0.0216,0.0214,0.0216,0.0215,0.0214,0.0223,0.0226,0.0228,0.0224,0.0226,0.0227,0.0219,0.0196,0.0187,0.0166,0.0162,0.0164,0.0155,0.0156,0.0151,0.0138,0.0101,0.0075,0.0074,0.0074,0.0075,0.0065,0.0063,0.0063,0.007,0.0079,0.0084,0.0093,0.0097,0.01,0.0099,0.0087,0.0084,0.0078,0.0066,0.0034,0.0016,7e-04,5e-04,5e-04,5e-04,5e-04,4e-04,4e-04,3e-04,3e-04,3e-04,3e-04,4e-04
0.1498,0.1417,0.1427,0.1413,0.138,0.1336,0.1303,0.1284,0.126,0.1261,0.1248,0.1243,0.1224,0.1211,0.1191,0.1174,0.1159,0.1178,0.1184,0.1189,0.1195,0.1196,0.1176,0.1155,0.112,0.1071,0.1033,0.1,0.0965,0.093,0.0927,0.094,0.0939,0.0921,0.0898,0.0867,0.0839,0.0824,0.0803,0.0799,0.0794,0.0789,0.0781,0.0773,0.0757,0.0731,0.07,0.0666,0.061,0.0582,0.0553,0.0494,0.046,0.0428,0.041,0.0386,0.0353,0.0307,0.0282,0.0263,0.0246,0.0237,0.0193,0.0162,0.0143,0.0123,0.011,0.0097,0.0087,0.007,0.0057,0.0037,0.0026,0.0023,0.0016,0.001,4e-04,2e-04,2e-04,1e-04,1e-04,1e-04,1e-04,1e-04,1e-04,1e-04,1e-04,1e-04,1e-04,1e-04
0.2222,0.2175,0.205,0.2052,0.2043,0.201,0.1966,0.1932,0.1898,0.1863,0.1816,0.1758,0.1709,0.167,0.1647,0.1634,0.1601,0.1554,0.1495,0.1452,0.1418,0.1371,0.1334,0.13,0.1259,0.1242,0.1222,0.119,0.116,0.1107,0.1027,0.0983,0.0983,0.1008,0.1006,0.0979,0.0913,0.0842,0.0766,0.0625,0.0541,0.048,0.0426,0.0367,0.0314,0.0262,0.0206,0.0181,0.0161,0.0144,0.0125,0.0089,0.0069,0.0063,0.0062,0.0061,0.0062,0.0064,0.0064,0.0043,0.0024,0.0014,0.0014,0.0013,0.0011,0.001,8e-04,8e-04,8e-04,8e-04,6e-04,5e-04,4e-04,3e-04,3e-04,3e-04,3e-04,3e-04,2e-04,1e-04,1e-04,1e-04,1e-04,1e-04,0,0,0,0,0,0
0.221,0.2191,0.2137,0.207,0.2057,0.2016,0.1993,0.1958,0.1896,0.1822,0.1793,0.1756,0.1696,0.1661,0.1656,0.1638,0.1572,0.1502,0.141,0.1289,0.1211,0.1165,0.1139,0.1125,0.1113,0.1096,0.1085,0.1042,0.0997,0.0958,0.0913,0.0799,0.0728,0.0695,0.0665,0.0652,0.0608,0.0567,0.0493,0.0425,0.0404,0.0399,0.0392,0.038,0.0371,0.0361,0.0351,0.034,0.0324,0.0312,0.0296,0.0256,0.0242,0.0238,0.0237,0.0236,0.0231,0.022,0.022,0.0217,0.0204,0.02,0.0199,0.0196,0.0194,0.0192,0.0191,0.019,0.0186,0.0182,0.0177,0.0169,0.0158,0.016,0.0155,0.0152,0.0138,0.0125,0.0126,0.0131,0.0138,0.0136,0.0134,0.0132,0.0114,0.0108,0.0105,0.0103,0.0098,0.0077
0.1303,0.1276,0.1265,0.1217,0.1207,0.1187,0.1161,0.116,0.1111,0.1098,0.1094,0.1058,0.0967,0.0889,0.0935,0.0993,0.1025,0.1019,0.0996,0.0905,0.09,0.0925,0.095,0.0959,0.0962,0.0959,0.0958,0.0956,0.0955,0.0948,0.0941,0.0898,0.085,0.0807,0.0771,0.0694,0.0669,0.0736,0.0873,0.0876,0.0861,0.0838,0.0836,0.0849,0.085,0.0852,0.0848,0.0807,0.0777,0.0776,0.0794,0.0807,0.0822,0.0823,0.0808,0.0796,0.0785,0.0776,0.0771,0.0766,0.0763,0.0763,0.0762,0.0766,0.0781,0.0801,0.082,0.0825,0.0831,0.0821,0.082,0.0822,0.0812,0.081,0.0779,0.0714,0.0686,0.0599,0.0615,0.064,0.0646,0.0677,0.0683,0.0677,0.0702,0.0693,0.0679,0.0622,0.0558,0.0537
0.4759,0.4718,0.4732,0.4729,0.4751,0.478,0.4762,0.4795,0.4831,0.4918,0.4905,0.4842,0.4723,0.4576,0.4502,0.4488,0.453,0.4585,0.4614,0.4631,0.4684,0.4707,0.4688,0.4726,0.4785,0.4851,0.4912,0.4965,0.4984,0.5003,0.5001,0.493,0.4807,0.4678,0.4618,0.4538,0.4428,0.4437,0.4528,0.4699,0.47,0.466,0.4655,0.4688,0.472,0.4764,0.472,0.4634,0.4635,0.4641,0.4669,0.4628,0.4664,0.4681,0.4647,0.4671,0.466,0.4623,0.4599,0.4624,0.4684,0.4757,0.4824,0.4872,0.4865,0.4837,0.4826,0.482,0.4831,0.4846,0.482,0.4803,0.4726,0.465,0.461,0.4549,0.4458,0.4405,0.4365,0.436,0.4332,0.4301,0.4339,0.436,0.4393,0.4471,0.4492,0.4453,0.4436,0.4396
0.6316,0.63,0.6259,0.623,0.6194,0.6193,0.6241,0.6255,0.6254,0.6259,0.6227,0.6179,0.6229,0.6227,0.6101,0.5997,0.5887,0.5833,0.5794,0.5745,0.5708,0.5771,0.5788,0.5766,0.5779,0.5797,0.5789,0.577,0.5798,0.5802,0.5803,0.5817,0.5831,0.5836,0.5846,0.5835,0.5719,0.5641,0.5599,0.5585,0.5546,0.5503,0.5536,0.56,0.5663,0.5628,0.5661,0.5702,0.5697,0.5695,0.567,0.5635,0.553,0.5513,0.5508,0.5506,0.5491,0.5476,0.5436,0.5411,0.5403,0.5395,0.5362,0.5354,0.534,0.5293,0.525,0.5234,0.5228,0.5219,0.5211,0.5232,0.5243,0.5251,0.5237,0.5225,0.5106,0.5056,0.5008,0.5004,0.502,0.5028,0.502,0.5046,0.5044,0.5078,0.5124,0.5171,0.5212,0.5234
0.7316,0.7301,0.7232,0.7161,0.7091,0.7024,0.7069,0.7064,0.7057,0.7043,0.7024,0.7021,0.7074,0.7136,0.7156,0.7126,0.6994,0.68,0.6707,0.6633,0.6488,0.6357,0.6396,0.6417,0.6413,0.6394,0.6387,0.6375,0.632,0.6299,0.6201,0.6163,0.6143,0.6127,0.6119,0.6142,0.6131,0.5966,0.5808,0.5701,0.5645,0.5564,0.5468,0.5464,0.5476,0.5305,0.5311,0.5348,0.5347,0.5342,0.5335,0.5296,0.5087,0.4857,0.4742,0.4666,0.4635,0.4656,0.4658,0.4632,0.455,0.4501,0.4471,0.4408,0.4351,0.4299,0.4215,0.4144,0.4087,0.3962,0.3829,0.3734,0.3741,0.3748,0.3699,0.3703,0.3662,0.3561,0.3516,0.3478,0.3518,0.3535,0.3556,0.3557,0.3499,0.347,0.3447,0.3472,0.3482,0.3509
0.7419,0.7402,0.7303,0.724,0.7156,0.7012,0.69,0.6844,0.6845,0.6795,0.6747,0.6716,0.6682,0.6641,0.6629,0.6673,0.6744,0.6696,0.66,0.6488,0.6344,0.6076,0.5912,0.586,0.5772,0.5717,0.5676,0.5592,0.5551,0.5527,0.5478,0.5441,0.5435,0.5428,0.5393,0.5344,0.5399,0.5277,0.4983,0.4875,0.4854,0.4845,0.4652,0.4629,0.4554,0.4202,0.4161,0.4148,0.4186,0.4204,0.4127,0.3963,0.3802,0.3806,0.3761,0.3598,0.3598,0.3577,0.3547,0.3539,0.3521,0.3477,0.3392,0.3306,0.3253,0.3197,0.3051,0.2951,0.2721,0.2388,0.2138,0.1998,0.1845,0.1796,0.1721,0.1633,0.1582,0.1584,0.1481,0.1452,0.1442,0.1453,0.1426,0.1413,0.1384,0.1275,0.1175,0.1189,0.1212,0.1227
0.6643,0.6628,0.6547,0.6545,0.6544,0.6448,0.6287,0.6248,0.624,0.622,0.6216,0.6225,0.6167,0.6102,0.6051,0.6007,0.6022,0.6077,0.6114,0.6073,0.6005,0.5859,0.5743,0.5633,0.5636,0.5628,0.5454,0.5385,0.5355,0.5374,0.5316,0.5282,0.5277,0.5278,0.5225,0.5098,0.5017,0.5008,0.4906,0.4699,0.4667,0.4582,0.425,0.4143,0.4008,0.3921,0.3882,0.3821,0.3784,0.3741,0.3481,0.3213,0.3073,0.3069,0.3047,0.2925,0.2817,0.2773,0.2702,0.2519,0.2307,0.2006,0.175,0.1548,0.14,0.1231,0.0802,0.0651,0.0509,0.0343,0.0221,0.0189,0.0188,0.0189,0.0189,0.0189,0.019,0.0193,0.0155,0.0134,0.0128,0.0134,0.0136,0.0134,0.0124,0.0125,0.0122,0.0124,0.012,0.0116
0.6598,0.6604,0.6529,0.6542,0.6582,0.6627,0.654,0.6413,0.6274,0.6229,0.6234,0.6235,0.6248,0.6259,0.6255,0.6228,0.6133,0.6059,0.5925,0.592,0.5877,0.5642,0.5448,0.5273,0.5127,0.5035,0.4956,0.4795,0.4742,0.4729,0.4747,0.4749,0.4692,0.465,0.4612,0.4538,0.4474,0.4375,0.4334,0.4315,0.4262,0.4003,0.3749,0.3599,0.3331,0.3177,0.3025,0.2841,0.2615,0.2363,0.1962,0.1726,0.147,0.1333,0.1271,0.1231,0.1055,0.0949,0.0836,0.0652,0.0523,0.0405,0.031,0.0268,0.0253,0.0202,0.0172,0.0148,0.0128,0.011,0.011,0.0109,0.0101,0.0098,0.0097,0.0095,0.0094,0.0093,0.0094,0.0093,0.0093,0.009,0.0086,0.008,0.0069,0.0066,0.0065,0.0066,0.0067,0.0067
