0.4824,0.4654,0.4479,0.4265,0.4092,0.3864,0.3647,0.3447,0.3248,0.3071,0.2984,0.288,0.2778,0.2649,0.2507,0.238,0.2256,0.2168,0.2099,0.2019,0.1921,0.1794,0.162,0.1449,0.1303,0.1165,0.1017,0.0889,0.0778,0.0719,0.067,0.0643,0.0619,0.0569,0.0527,0.0478,0.0421,0.0392,0.0378,0.0367,0.036,0.0347,0.0326,0.0314,0.0298,0.028,0.0261,0.0243,0.0228,0.0212,0.0196,0.0183,0.0169,0.0154,0.0142,0.0134,0.0125,0.0114,0.0103,0.0088,0.008,0.0079,0.0076,0.0065,0.0058,0.0047,0.0041,0.0032,0.0024,0.0017,0.001,0.0006,0.0004,0.0001,0.0,0.0,0.0,0.0,0.0001,0.0001,0.0002,0.0003,0.0003,0.0003,0.0003,0.0004,0.0005,0.0003,0.0004,0.0004
0.4666,0.4601,0.4493,0.4385,0.4273,0.4156,0.4042,0.3956,0.3838,0.3739,0.3595,0.3462,0.3329,0.3145,0.3019,0.2861,0.2681,0.2482,0.2339,0.2252,0.2134,0.2032,0.1903,0.177,0.1659,0.161,0.1548,0.1458,0.1389,0.1312,0.125,0.1157,0.1049,0.0918,0.0823,0.0708,0.061,0.0544,0.0493,0.0438,0.0376,0.0325,0.0291,0.0268,0.0247,0.0231,0.0219,0.0201,0.0184,0.0173,0.0161,0.0147,0.0134,0.0121,0.0111,0.0102,0.009,0.0083,0.0074,0.0066,0.0061,0.0057,0.0055,0.0058,0.0061,0.006,0.0069,0.0078,0.0085,0.0094,0.0097,0.0089,0.0097,0.0101,0.0108,0.012,0.0134,0.0139,0.0129,0.0128,0.0115,0.0111,0.0121,0.0137,0.0143,0.0151,0.0174,0.0169,0.016,0.0155
0.3887,0.3771,0.3681,0.3591,0.3515,0.3456,0.3367,0.3259,0.3148,0.3057,0.2939,0.284,0.2744,0.2658,0.2566,0.2487,0.2417,0.2334,0.2266,0.2203,0.2134,0.2062,0.2,0.1921,0.1844,0.1783,0.17,0.1629,0.1557,0.1458,0.1378,0.1284,0.1174,0.1045,0.0991,0.0896,0.0757,0.0682,0.0598,0.0523,0.0493,0.0468,0.0452,0.0447,0.0449,0.0461,0.047,0.0499,0.0519,0.0518,0.0512,0.051,0.0506,0.0495,0.0491,0.0481,0.0471,0.0465,0.0454,0.0438,0.0433,0.0451,0.0443,0.0435,0.0427,0.041,0.0396,0.0383,0.0364,0.0347,0.0331,0.0315,0.0298,0.0285,0.0275,0.026,0.0242,0.0223,0.0214,0.0206,0.0201,0.0197,0.0185,0.0175,0.0161,0.0148,0.0138,0.0118,0.011,0.0102
0.3187,0.3123,0.3074,0.3036,0.2987,0.2915,0.2857,0.2813,0.2771,0.2728,0.27,0.2659,0.262,0.2607,0.2588,0.2542,0.2485,0.2429,0.2344,0.2234,0.2114,0.2026,0.1974,0.1944,0.1913,0.1861,0.1817,0.1787,0.1747,0.1699,0.1639,0.1578,0.1515,0.146,0.1393,0.1325,0.1274,0.1224,0.1177,0.1137,0.1085,0.103,0.0987,0.0944,0.0905,0.0875,0.0848,0.081,0.0764,0.0729,0.0709,0.0683,0.0664,0.0641,0.0612,0.0591,0.0571,0.0555,0.0541,0.0525,0.05,0.048,0.0461,0.0443,0.0424,0.0407,0.0389,0.039,0.0378,0.037,0.0357,0.0346,0.0334,0.0325,0.0324,0.0315,0.0294,0.0274,0.0253,0.0231,0.0205,0.0187,0.0167,0.015,0.0139,0.0125,0.0098,0.0071,0.0053,0.0039
0.2153,0.2109,0.2041,0.1987,0.1904,0.1808,0.1745,0.1692,0.1657,0.1635,0.1601,0.155,0.1505,0.149,0.1492,0.1484,0.1468,0.1469,0.1434,0.1357,0.1288,0.1239,0.1215,0.1195,0.1179,0.1159,0.1147,0.1141,0.1134,0.111,0.1086,0.1052,0.1009,0.0973,0.0941,0.0905,0.0875,0.0853,0.0832,0.081,0.0788,0.0763,0.0739,0.071,0.0682,0.0656,0.0614,0.0551,0.0519,0.0497,0.0478,0.0456,0.0431,0.0409,0.0387,0.0369,0.0352,0.0333,0.0312,0.0297,0.0277,0.0244,0.0207,0.0186,0.0172,0.0165,0.0152,0.013,0.0098,0.0068,0.0053,0.0045,0.0041,0.0036,0.003,0.0022,0.0013,0.0006,0.0002,0.0,0.0,0.0,0.0,0.0,0.0,0.0,0.0,0.0,0.0,0.0
0.1384,0.1335,0.1303,0.1259,0.1191,0.1136,0.1111,0.1103,0.1096,0.1091,0.1085,0.1069,0.1042,0.0979,0.0923,0.0907,0.0906,0.0893,0.0884,0.0837,0.0777,0.074,0.0727,0.0718,0.0694,0.0679,0.0645,0.0587,0.0519,0.046,0.0408,0.0367,0.0344,0.0318,0.0296,0.0287,0.0255,0.0232,0.0211,0.0189,0.0172,0.0149,0.0124,0.0102,0.0083,0.0062,0.0037,0.0027,0.0024,0.002,0.0016,0.0012,0.0007,0.0005,0.0004,0.0004,0.0003,0.0003,0.0002,0.0001,0.0001,0.0001,0.0,0.0,0.0,0.0,0.0,0.0,0.0,0.0,0.0,0.0,0.0,0.0,0.0,0.0,0.0,0.0,0.0,0.0,0.0,0.0,0.0,0.0,0.0,0.0,0.0,0.0,0.0,0.0
0.0912,0.0862,0.0817,0.0784,0.0758,0.0738,0.0714,0.069,0.0676,0.0655,0.0629,0.0605,0.0569,0.0523,0.047,0.0417,0.0372,0.0345,0.0329,0.0311,0.029,0.0274,0.025,0.0225,0.0196,0.0168,0.0123,0.0078,0.0046,0.0037,0.0032,0.0028,0.0026,0.0023,0.0021,0.0018,0.0015,0.0012,0.0011,0.0009,0.0006,0.0003,0.0,0.0,0.0,0.0,0.0,0.0,0.0,0.0,0.0,0.0,0.0,0.0,0.0,0.0,0.0,0.0,0.0,0.0,0.0,0.0,0.0,0.0,0.0,0.0,0.0,0.0,0.0,0.0,0.0,0.0,0.0,0.0,0.0,0.0,0.0,0.0,0.0,0.0,0.0,0.0,0.0,0.0,0.0,0.0,0.0,0.0,0.0,0.0
0.0652,0.0636,0.0627,0.0622,0.0626,0.0614,0.0603,0.0601,0.0591,0.0581,0.058,0.0576,0.057,0.0565,0.0567,0.0567,0.0561,0.0551,0.0539,0.053,0.0529,0.0514,0.0515,0.0493,0.0475,0.0468,0.0458,0.0432,0.0408,0.0387,0.0362,0.0338,0.0311,0.0283,0.0253,0.0226,0.02,0.0168,0.0145,0.0124,0.011,0.0099,0.0093,0.0087,0.008,0.007,0.006,0.006,0.0058,0.0055,0.005,0.0047,0.0041,0.0042,0.0042,0.0041,0.0039,0.0036,0.0032,0.0032,0.0033,0.0024,0.0022,0.0021,0.0022,0.002,0.0019,0.0019,0.0013,0.0013,0.0018,0.0019,0.0016,0.0017,0.0019,0.0016,0.0013,0.0011,0.0009,0.0008,0.0007,0.0005,0.0004,0.0003,0.0004,0.0003,0.0001,0.0,0.0,0.0004
0.0817,0.0795,0.0779,0.0763,0.0744,0.0732,0.0713,0.0693,0.0681,0.0663,0.0632,0.0597,0.0569,0.0555,0.0531,0.051,0.0496,0.0484,0.0472,0.0457,0.0449,0.0442,0.0415,0.041,0.0401,0.0392,0.0378,0.0369,0.037,0.0372,0.0379,0.0385,0.0387,0.0386,0.0387,0.0385,0.0384,0.0377,0.0377,0.0375,0.0365,0.0352,0.0341,0.0331,0.0321,0.0305,0.0289,0.0276,0.0262,0.0249,0.0238,0.0227,0.0211,0.02,0.0187,0.0174,0.0164,0.0155,0.0144,0.0132,0.0124,0.0113,0.0106,0.0103,0.0091,0.0084,0.0083,0.0081,0.0074,0.0071,0.0065,0.0052,0.0049,0.0048,0.0044,0.004,0.0034,0.0029,0.0025,0.0021,0.0018,0.0013,0.001,0.0007,0.0005,0.0001,0.0,0.0,0.0001,0.0003
0.1077,0.1077,0.1067,0.1063,0.1061,0.1051,0.1048,0.104,0.1039,0.1038,0.1032,0.1023,0.1009,0.0995,0.098,0.097,0.096,0.0954,0.0942,0.0921,0.0904,0.0864,0.0821,0.0815,0.0804,0.0785,0.0761,0.0752,0.0749,0.0739,0.0729,0.0706,0.0679,0.0647,0.0612,0.0581,0.0545,0.0516,0.0483,0.0449,0.0422,0.0395,0.037,0.0331,0.0299,0.0276,0.0259,0.0242,0.0224,0.0209,0.0197,0.018,0.0166,0.0158,0.0149,0.0138,0.0128,0.0119,0.0104,0.0085,0.0087,0.0072,0.0059,0.0055,0.005,0.0043,0.0036,0.0029,0.0025,0.002,0.0015,0.001,0.0006,0.0005,0.0004,0.0003,0.0002,0.0002,0.0,0.0,0.0,0.0,0.0,0.0,0.0,0.0,0.0,0.0,0.0,0.0
0.1145,0.1111,0.1093,0.1068,0.1055,0.1035,0.1003,0.0973,0.0958,0.0956,0.0938,0.0921,0.0899,0.0876,0.0863,0.0842,0.0816,0.0789,0.0779,0.0753,0.0716,0.0654,0.0601,0.0573,0.0547,0.0532,0.0493,0.0454,0.0413,0.0379,0.0332,0.028,0.0247,0.0214,0.0187,0.0161,0.0137,0.0119,0.0102,0.008,0.0064,0.0053,0.0042,0.0029,0.002,0.0014,0.0013,0.0011,0.0009,0.0008,0.0007,0.0006,0.0006,0.0004,0.0004,0.0003,0.0002,0.0002,0.0002,0.0001,0.0,0.0,0.0,0.0,0.0,0.0,0.0,0.0,0.0,0.0,0.0,0.0,0.0,0.0,0.0,0.0,0.0,0.0,0.0,0.0,0.0,0.0,0.0,0.0,0.0,0.0,0.0,0.0,0.0,0.0
0.1022,0.1012,0.1,0.0987,0.0965,0.0953,0.0944,0.0935,0.0914,0.0899,0.0891,0.087,0.0859,0.0829,0.0792,0.0769,0.0753,0.0726,0.0695,0.0683,0.0659,0.0623,0.0588,0.0562,0.0529,0.0494,0.0456,0.0415,0.0369,0.031,0.0276,0.0232,0.0196,0.0152,0.0104,0.0066,0.0035,0.0015,0.0005,0.0001,0.0,0.0,0.0,0.0,0.0,0.0,0.0,0.0,0.0,0.0,0.0,0.0,0.0,0.0,0.0,0.0,0.0,0.0,0.0,0.0,0.0,0.0,0.0,0.0,0.0,0.0,0.0,0.0,0.0,0.0,0.0,0.0,0.0,0.0,0.0,0.0,0.0,0.0,0.0,0.0,0.0,0.0,0.0,0.0,0.0,0.0,0.0,0.0,0.0,0.0
0.0902,0.09,0.0863,0.0819,0.0786,0.0748,0.0708,0.0662,0.0627,0.0581,0.0545,0.0523,0.0502,0.048,0.0454,0.0417,0.0396,0.0375,0.0348,0.0323,0.0309,0.0276,0.0242,0.0211,0.0183,0.0154,0.0125,0.0105,0.0087,0.0063,0.0047,0.0028,0.0012,0.0005,0.0002,0.0001,0.0,0.0,0.0,0.0,0.0,0.0,0.0,0.0,0.0,0.0,0.0,0.0,0.0,0.0,0.0,0.0,0.0,0.0,0.0,0.0,0.0,0.0,0.0,0.0,0.0,0.0,0.0,0.0,0.0,0.0,0.0,0.0,0.0,0.0,0.0,0.0,0.0,0.0,0.0,0.0,0.0,0.0,0.0,0.0,0.0,0.0,0.0,0.0,0.0,0.0,0.0,0.0,0.0,0.0
0.0543,0.0494,0.0452,0.0439,0.0426,0.0413,0.0395,0.0379,0.0367,0.0351,0.0334,0.032,0.0306,0.0296,0.0285,0.027,0.0251,0.0233,0.0218,0.0206,0.0194,0.0187,0.0176,0.017,0.0162,0.015,0.0147,0.0141,0.013,0.012,0.0106,0.0097,0.0097,0.0094,0.0086,0.0085,0.0083,0.0079,0.0077,0.0079,0.0082,0.0083,0.0076,0.0073,0.0071,0.007,0.0061,0.0055,0.0063,0.0067,0.007,0.0063,0.0057,0.0054,0.0049,0.0041,0.0035,0.0033,0.0029,0.0039,0.0037,0.0035,0.0035,0.0024,0.0021,0.0021,0.002,0.0014,0.0008,0.0005,0.0004,0.0002,0.0001,0.0,0.0,0.0001,0.0001,0.0,0.0001,0.0,0.0,0.0001,0.0004,0.0005,0.0008,0.0013,0.0018,0.0023,0.0028,0.0031
0.0835,0.084,0.0863,0.0901,0.0941,0.0962,0.0951,0.0913,0.0888,0.0866,0.0833,0.0838,0.0848,0.0865,0.0882,0.0898,0.0898,0.0865,0.0807,0.0758,0.0728,0.0713,0.0725,0.0758,0.079,0.0829,0.0855,0.0841,0.0856,0.0866,0.0825,0.0759,0.0717,0.0718,0.0723,0.0736,0.0742,0.0741,0.0746,0.0756,0.0778,0.0786,0.0761,0.0738,0.0728,0.071,0.0667,0.0618,0.0595,0.0571,0.0557,0.0548,0.0527,0.0494,0.0466,0.0437,0.0413,0.0383,0.0353,0.0348,0.0327,0.0308,0.0309,0.0281,0.0247,0.0236,0.0217,0.0216,0.0229,0.0234,0.0219,0.0209,0.0202,0.019,0.0185,0.0179,0.0171,0.0158,0.0164,0.0181,0.0175,0.019,0.0223,0.0244,0.0247,0.0243,0.0242,0.0238,0.0238,0.0248
0.1902,0.1832,0.1769,0.1734,0.1706,0.1706,0.1708,0.1703,0.1686,0.1663,0.1659,0.1655,0.1654,0.1661,0.1672,0.1685,0.1701,0.1718,0.173,0.1701,0.1653,0.161,0.1573,0.1558,0.1553,0.1526,0.1489,0.1489,0.1479,0.1457,0.1458,0.1453,0.142,0.134,0.1301,0.1275,0.123,0.1223,0.1196,0.1156,0.1122,0.1085,0.1041,0.1003,0.0974,0.0971,0.0964,0.0968,0.0936,0.0928,0.0911,0.0921,0.0914,0.0881,0.0861,0.0849,0.0836,0.0816,0.0792,0.075,0.0728,0.0714,0.0682,0.0662,0.0636,0.064,0.0608,0.0563,0.053,0.0534,0.0519,0.0491,0.0469,0.045,0.0413,0.0384,0.0368,0.0333,0.0316,0.0351,0.0341,0.0308,0.0301,0.0296,0.0281,0.026,0.0246,0.0227,0.0207,0.0192
0.2633,0.2577,0.2487,0.2409,0.2367,0.2365,0.2411,0.2435,0.2439,0.2386,0.2318,0.2224,0.2204,0.2171,0.214,0.2139,0.2132,0.2115,0.2115,0.2072,0.2027,0.1974,0.1882,0.1837,0.1785,0.1724,0.1697,0.1672,0.1577,0.1514,0.1458,0.1417,0.1387,0.1361,0.1328,0.1303,0.1287,0.1258,0.1238,0.1231,0.1206,0.1211,0.1222,0.1175,0.112,0.1101,0.1086,0.1054,0.1011,0.0993,0.0964,0.092,0.0898,0.0873,0.0838,0.0802,0.0762,0.0739,0.0712,0.0675,0.0628,0.0586,0.0551,0.0537,0.0516,0.0495,0.0487,0.0475,0.0453,0.046,0.0447,0.043,0.0414,0.0399,0.0385,0.0377,0.0364,0.0333,0.0321,0.0297,0.0285,0.027,0.0269,0.0279,0.0289,0.0285,0.0278,0.0279,0.0273,0.0267
0.3266,0.3245,0.3225,0.3148,0.3074,0.3017,0.2945,0.2918,0.2887,0.2889,0.2842,0.2784,0.267,0.2598,0.252,0.2438,0.2348,0.2264,0.2191,0.2183,0.2176,0.213,0.2073,0.1994,0.1945,0.1889,0.1857,0.1822,0.1763,0.1729,0.1715,0.1712,0.1709,0.1703,0.1707,0.1699,0.1686,0.1674,0.1652,0.1649,0.1648,0.1652,0.1658,0.164,0.1594,0.1561,0.1558,0.1547,0.1514,0.1481,0.1445,0.1416,0.1416,0.1428,0.1421,0.1401,0.1386,0.136,0.1337,0.1315,0.128,0.1228,0.1183,0.1164,0.1165,0.1163,0.1192,0.1196,0.1171,0.1188,0.1212,0.1188,0.1156,0.1126,0.109,0.1061,0.1043,0.1046,0.1049,0.1021,0.1025,0.1017,0.1008,0.104,0.1069,0.112,0.1142,0.1163,0.1149,0.1125
0.4088,0.4094,0.407,0.405,0.4,0.3931,0.3873,0.3834,0.3805,0.3807,0.3827,0.3849,0.3815,0.3734,0.3744,0.3707,0.3677,0.3669,0.367,0.3638,0.3551,0.3519,0.3498,0.3419,0.3356,0.3339,0.3249,0.3158,0.3128,0.3079,0.2998,0.2943,0.2935,0.2925,0.293,0.2904,0.2897,0.2913,0.2963,0.3011,0.3031,0.2998,0.2903,0.2824,0.2787,0.2822,0.2882,0.2783,0.27,0.2624,0.2599,0.2615,0.2604,0.2565,0.2548,0.2509,0.2461,0.2412,0.236,0.2323,0.228,0.2231,0.2171,0.2131,0.2125,0.2105,0.2062,0.203,0.2024,0.2004,0.1915,0.1859,0.1824,0.1779,0.1731,0.1698,0.168,0.1667,0.1644,0.164,0.1618,0.1635,0.1615,0.1596,0.1586,0.1573,0.1603,0.166,0.1711,0.1767
0.4694,0.4665,0.4571,0.4566,0.4572,0.4587,0.4602,0.4724,0.4746,0.4761,0.4753,0.4761,0.4787,0.4723,0.4664,0.4612,0.4601,0.4636,0.465,0.4623,0.4554,0.4454,0.4389,0.4309,0.4251,0.4237,0.4191,0.4139,0.4063,0.3921,0.3798,0.37,0.3667,0.364,0.362,0.3644,0.3677,0.3656,0.3656,0.3594,0.3502,0.3406,0.3256,0.3141,0.3084,0.3027,0.2931,0.2776,0.266,0.2557,0.2523,0.2525,0.2486,0.243,0.2373,0.232,0.2235,0.2153,0.209,0.2027,0.1979,0.1938,0.1878,0.1794,0.1723,0.1666,0.158,0.1545,0.1536,0.1534,0.1481,0.1445,0.138,0.1323,0.1279,0.1238,0.1207,0.1183,0.1139,0.1118,0.1098,0.1095,0.1095,0.1037,0.101,0.099,0.0996,0.1043,0.107,0.1056
0.4687,0.4694,0.4661,0.4631,0.4601,0.4552,0.4519,0.4523,0.4513,0.4549,0.4552,0.4501,0.4494,0.4489,0.4445,0.4372,0.4319,0.4311,0.4342,0.4379,0.439,0.4351,0.4289,0.423,0.4175,0.4128,0.409,0.4045,0.3977,0.3889,0.382,0.3773,0.3749,0.3724,0.3663,0.3647,0.3543,0.347,0.3404,0.3316,0.3196,0.3089,0.2994,0.2927,0.2865,0.2774,0.2663,0.2565,0.2485,0.2409,0.2355,0.2348,0.233,0.2281,0.2208,0.2154,0.2097,0.2011,0.193,0.186,0.18,0.1748,0.1693,0.1612,0.1522,0.1452,0.1385,0.1356,0.1318,0.1272,0.1262,0.1214,0.1146,0.1112,0.1087,0.1077,0.1049,0.1017,0.0987,0.0983,0.0992,0.0987,0.1003,0.1008,0.0985,0.0964,0.0964,0.1002,0.0991,0.0951
0.471,0.4649,0.4609,0.4587,0.4549,0.45,0.4459,0.4431,0.4372,0.4273,0.426,0.4232,0.4146,0.4062,0.3986,0.3931,0.3842,0.3751,0.3714,0.368,0.3665,0.3654,0.3626,0.3579,0.3491,0.3403,0.3331,0.3242,0.3172,0.3085,0.2995,0.2943,0.2912,0.285,0.2791,0.2722,0.2662,0.2579,0.2515,0.2456,0.2354,0.2275,0.2235,0.2194,0.2152,0.21,0.2018,0.1967,0.1944,0.1899,0.1796,0.1692,0.1612,0.151,0.1424,0.1356,0.1303,0.1266,0.1225,0.1176,0.1122,0.1081,0.1039,0.1007,0.0948,0.0881,0.0799,0.0715,0.0628,0.0562,0.0521,0.0518,0.0513,0.0496,0.0463,0.0422,0.0371,0.033,0.0288,0.0273,0.0266,0.0239,0.0239,0.0252,0.0251,0.0246,0.0224,0.0184,0.0143,0.0132
0.3828,0.3752,0.3699,0.3668,0.3652,0.3631,0.3608,0.3593,0.3594,0.3555,0.3535,0.3494,0.3441,0.3374,0.3356,0.3337,0.3304,0.3228,0.3158,0.312,0.3058,0.3009,0.297,0.289,0.2778,0.2692,0.2611,0.2523,0.2448,0.2362,0.2284,0.2267,0.2266,0.2241,0.218,0.2117,0.2056,0.1996,0.1911,0.1827,0.1751,0.1649,0.159,0.154,0.1473,0.1415,0.1331,0.1259,0.1187,0.1116,0.1036,0.0916,0.0766,0.0646,0.0553,0.0459,0.0377,0.0316,0.0271,0.0242,0.021,0.0177,0.0178,0.0172,0.0148,0.0115,0.009,0.0069,0.0046,0.0031,0.0024,0.0024,0.0024,0.0019,0.0012,0.0005,0.0001,0.0001,0.0,0.0,0.0,0.0,0.0,0.0,0.0,0.0,0.0,0.0,0.0,0.0
0.2923,0.2927,0.2921,0.2917,0.2931,0.2985,0.2994,0.2993,0.2971,0.2922,0.2841,0.2799,0.278,0.2752,0.2714,0.2694,0.2686,0.2653,0.2561,0.2458,0.2382,0.2311,0.225,0.2227,0.22,0.2128,0.2066,0.2029,0.2016,0.1995,0.1916,0.1788,0.1641,0.1485,0.1335,0.119,0.1055,0.0941,0.08,0.0663,0.0586,0.0519,0.0485,0.0464,0.0419,0.0373,0.0345,0.0325,0.0301,0.0275,0.0229,0.0152,0.0096,0.0073,0.0058,0.0046,0.0037,0.0029,0.0022,0.0015,0.0007,0.0002,0.0002,0.0001,0.0,0.0,0.0,0.0,0.0,0.0,0.0,0.0,0.0,0.0,0.0,0.0,0.0,0.0,0.0,0.0,0.0,0.0,0.0,0.0,0.0,0.0,0.0,0.0,0.0,0.0
0.1918,0.185,0.1799,0.1751,0.1667,0.1584,0.149,0.1409,0.1342,0.13,0.1229,0.1156,0.1098,0.1066,0.1014,0.0982,0.0968,0.0942,0.0874,0.0797,0.074,0.0699,0.0675,0.0664,0.0638,0.0596,0.0555,0.0532,0.0511,0.0512,0.0497,0.0439,0.0389,0.0339,0.029,0.0245,0.0221,0.0199,0.0183,0.0166,0.0146,0.0127,0.0111,0.0097,0.0089,0.0075,0.0055,0.0045,0.0039,0.003,0.0023,0.0018,0.0017,0.0012,0.0007,0.0005,0.0001,0.0,0.0,0.0,0.0,0.0,0.0,0.0,0.0,0.0,0.0,0.0,0.0,0.0,0.0,0.0,0.0,0.0,0.0,0.0,0.0,0.0,0.0,0.0,0.0,0.0,0.0,0.0,0.0,0.0,0.0,0.0,0.0,0.0
0.1657,0.163,0.1603,0.1557,0.1489,0.1396,0.1331,0.1274,0.1231,0.1204,0.1171,0.1135,0.1101,0.109,0.1078,0.106,0.1047,0.1025,0.1005,0.0983,0.0962,0.0945,0.0921,0.09,0.0875,0.0849,0.0797,0.0754,0.0726,0.0697,0.0674,0.0653,0.062,0.0589,0.0554,0.0518,0.05,0.049,0.0489,0.0463,0.0439,0.0426,0.0415,0.0404,0.0386,0.0366,0.0341,0.0314,0.0302,0.0276,0.0254,0.0231,0.0221,0.0197,0.0172,0.0162,0.014,0.0124,0.0112,0.0092,0.0078,0.0068,0.0062,0.0044,0.0029,0.0017,0.001,0.0005,0.0004,0.0001,0.0,0.0,0.0,0.0,0.0,0.0,0.0,0.0,0.0,0.0,0.0,0.0,0.0,0.0,0.0,0.0,0.0,0.0,0.0,0.0
0.1384,0.1366,0.1356,0.1333,0.1311,0.1273,0.1229,0.1202,0.1195,0.1192,0.1193,0.1201,0.1196,0.1188,0.1188,0.1178,0.1161,0.1151,0.1143,0.1124,0.1099,0.1079,0.106,0.1047,0.1039,0.1031,0.1002,0.0979,0.0968,0.0962,0.0958,0.0937,0.0896,0.0856,0.0833,0.0828,0.0824,0.0811,0.0778,0.0748,0.072,0.0705,0.0689,0.0658,0.0627,0.0601,0.0579,0.0546,0.0519,0.051,0.0479,0.0454,0.0438,0.0423,0.0394,0.039,0.0377,0.0335,0.0326,0.0288,0.0261,0.0238,0.0205,0.0172,0.0148,0.0123,0.0104,0.009,0.008,0.0065,0.0054,0.004,0.0031,0.002,0.0014,0.0011,0.0009,0.0006,0.0002,0.0,0.0,0.0,0.0,0.0,0.0,0.0,0.0,0.0,0.0,0.0
0.2168,0.2127,0.2077,0.2029,0.1989,0.1933,0.1881,0.1857,0.1846,0.1823,0.1792,0.1749,0.1695,0.1635,0.1587,0.1542,0.1517,0.1481,0.1447,0.141,0.1366,0.1312,0.1265,0.1222,0.12,0.1156,0.1098,0.1037,0.0971,0.0914,0.0863,0.0797,0.0725,0.0663,0.061,0.0566,0.0515,0.0445,0.0376,0.033,0.028,0.0243,0.0227,0.0211,0.019,0.017,0.0148,0.0138,0.0126,0.0109,0.0093,0.0078,0.007,0.0078,0.0075,0.0071,0.0068,0.0064,0.0059,0.0058,0.0047,0.0037,0.0036,0.0038,0.0034,0.0029,0.0024,0.002,0.0014,0.0008,0.0005,0.0002,0.0002,0.0001,0.0002,0.0001,0.0001,0.0001,0.0,0.0,0.0001,0.0001,0.0,0.0,0.0,0.0001,0.0002,0.0002,0.0001,0.0001
0.1933,0.1883,0.1817,0.1782,0.1735,0.1688,0.164,0.1582,0.1505,0.1449,0.1404,0.1361,0.1318,0.1284,0.1254,0.1217,0.117,0.1118,0.107,0.103,0.0999,0.0971,0.0937,0.09,0.0854,0.0806,0.0806,0.081,0.0803,0.0774,0.0733,0.0697,0.0672,0.0648,0.0635,0.0613,0.0579,0.0547,0.053,0.0524,0.0521,0.0501,0.0472,0.0436,0.0412,0.0397,0.039,0.0373,0.0354,0.0346,0.0337,0.0317,0.0291,0.027,0.0257,0.024,0.0223,0.0208,0.0196,0.0173,0.0153,0.0138,0.0123,0.0115,0.0099,0.0086,0.0074,0.0062,0.0051,0.0044,0.004,0.0035,0.0032,0.0027,0.0023,0.0019,0.0017,0.0016,0.001,0.0008,0.0006,0.0005,0.0004,0.0002,0.0001,0.0001,0.0001,0.0,0.0,0.0
0.079,0.0805,0.0802,0.0786,0.0753,0.0737,0.0727,0.0713,0.0689,0.0666,0.065,0.0635,0.0621,0.0615,0.0608,0.06,0.0589,0.0578,0.0566,0.0556,0.0549,0.0544,0.0537,0.0521,0.0505,0.0492,0.0482,0.0477,0.047,0.0461,0.0452,0.0443,0.0434,0.0426,0.0418,0.0413,0.0408,0.0402,0.0398,0.0394,0.039,0.0387,0.0386,0.0389,0.0383,0.0377,0.037,0.0366,0.0361,0.0354,0.0346,0.0339,0.0335,0.0331,0.0327,0.032,0.0311,0.0308,0.0296,0.0296,0.0298,0.0284,0.027,0.0227,0.017,0.0178,0.0176,0.0189,0.0235,0.0254,0.0249,0.0242,0.0252,0.0264,0.0276,0.0289,0.0292,0.0292,0.0294,0.0292,0.0298,0.0303,0.0302,0.0301,0.0301,0.0303,0.0301,0.0298,0.0293,0.0294
0.4547,0.4564,0.4644,0.4741,0.4866,0.4987,0.5042,0.5063,0.5059,0.5085,0.5116,0.5116,0.5106,0.5068,0.5011,0.4976,0.496,0.4939,0.4937,0.4985,0.5024,0.5028,0.4983,0.4915,0.49,0.4897,0.4907,0.4898,0.4824,0.4747,0.4686,0.4636,0.4618,0.4633,0.4633,0.4626,0.4611,0.4594,0.4573,0.4588,0.4627,0.4641,0.4685,0.4746,0.4775,0.4778,0.4751,0.4723,0.4758,0.4785,0.4752,0.4697,0.4652,0.4618,0.4597,0.4569,0.4507,0.4487,0.4463,0.4385,0.4321,0.4234,0.4146,0.4036,0.3894,0.3777,0.3706,0.3711,0.3779,0.386,0.3904,0.3867,0.3841,0.3896,0.4026,0.412,0.4182,0.4156,0.4128,0.4149,0.4236,0.425,0.4268,0.4286,0.4317,0.4287,0.4239,0.4159,0.4085,0.4094
0.5487,0.5519,0.5546,0.5564,0.5566,0.5525,0.5526,0.5519,0.5475,0.5424,0.5401,0.5383,0.535,0.5324,0.5296,0.5249,0.5208,0.5174,0.5096,0.5054,0.503,0.5011,0.4973,0.4919,0.4845,0.4767,0.471,0.4673,0.4617,0.458,0.4554,0.4535,0.4504,0.4453,0.4434,0.4402,0.4353,0.4324,0.4337,0.4344,0.4337,0.4318,0.4261,0.4145,0.4012,0.3908,0.3851,0.3812,0.372,0.3657,0.3608,0.3568,0.3526,0.3486,0.3439,0.341,0.3406,0.3366,0.3316,0.3314,0.3298,0.33,0.3288,0.3285,0.3292,0.3273,0.3208,0.3095,0.2936,0.2777,0.2667,0.2645,0.2599,0.2482,0.2319,0.216,0.205,0.2035,0.2013,0.1942,0.1781,0.1637,0.153,0.1454,0.1389,0.1373,0.1365,0.1391,0.1405,0.1379
0.6003,0.6006,0.5885,0.5743,0.5521,0.5166,0.4919,0.4736,0.4647,0.4556,0.4382,0.4196,0.3996,0.3886,0.381,0.3714,0.3611,0.3513,0.3443,0.3276,0.3105,0.2993,0.291,0.2854,0.2809,0.2712,0.2582,0.244,0.2355,0.2261,0.2154,0.2018,0.1871,0.1722,0.1604,0.1507,0.1426,0.1325,0.1216,0.1066,0.0934,0.0827,0.0731,0.0651,0.0588,0.0541,0.0506,0.0462,0.0402,0.0334,0.0305,0.0273,0.0233,0.0201,0.0178,0.0157,0.0153,0.0146,0.0135,0.0129,0.0125,0.0124,0.0116,0.0118,0.0124,0.0135,0.0137,0.0117,0.0086,0.006,0.0043,0.0038,0.0035,0.0024,0.0009,0.0002,0.0,0.0,0.0,0.0,0.0,0.0,0.0,0.0,0.0,0.0,0.0,0.0,0.0,0.0
0.487,0.4706,0.4585,0.4451,0.4367,0.4256,0.4097,0.3927,0.3752,0.3657,0.3596,0.351,0.3454,0.3364,0.3261,0.3143,0.2973,0.2796,0.2627,0.2453,0.2257,0.2084,0.1947,0.1785,0.1628,0.1502,0.1363,0.123,0.1129,0.1074,0.104,0.0996,0.0952,0.0907,0.0858,0.0827,0.0783,0.0734,0.0669,0.057,0.0511,0.0444,0.0373,0.0301,0.0244,0.0188,0.0154,0.0124,0.0097,0.0075,0.006,0.0046,0.0031,0.0018,0.0014,0.001,0.0007,0.0004,0.0003,0.0002,0.0001,0.0,0.0,0.0,0.0,0.0,0.0,0.0,0.0,0.0,0.0,0.0,0.0,0.0,0.0,0.0,0.0,0.0,0.0,0.0,0.0,0.0,0.0,0.0,0.0,0.0,0.0,0.0,0.0,0.0
0.4964,0.4855,0.4763,0.4671,0.4538,0.4358,0.4292,0.4162,0.4071,0.3968,0.3895,0.3833,0.3752,0.3625,0.3467,0.3315,0.319,0.303,0.2832,0.266,0.2497,0.2305,0.2119,0.1956,0.1822,0.1701,0.1571,0.1483,0.1405,0.132,0.1229,0.1148,0.1099,0.1035,0.0974,0.0894,0.0803,0.071,0.062,0.0546,0.0461,0.0381,0.0303,0.0257,0.0229,0.0208,0.0184,0.0159,0.0136,0.0114,0.0098,0.0073,0.005,0.0034,0.0023,0.0014,0.001,0.0006,0.0004,0.0002,0.0001,0.0,0.0,0.0,0.0,0.0,0.0,0.0,0.0,0.0,0.0,0.0,0.0,0.0,0.0,0.0,0.0,0.0,0.0,0.0,0.0,0.0,0.0,0.0,0.0,0.0,0.0,0.0,0.0,0.0
0.3658,0.356,0.3427,0.328,0.309,0.2963,0.2815,0.2723,0.262,0.2508,0.2358,0.2189,0.2012,0.1862,0.1735,0.1598,0.1491,0.1418,0.1322,0.1222,0.1141,0.1099,0.1053,0.0965,0.0873,0.0823,0.0787,0.0699,0.0617,0.0556,0.0496,0.044,0.0391,0.0329,0.0277,0.0237,0.0196,0.0169,0.0146,0.013,0.0109,0.01,0.0087,0.0074,0.0063,0.0051,0.0037,0.0023,0.0016,0.0009,0.0006,0.0006,0.0006,0.0005,0.0005,0.0005,0.0005,0.0006,0.0008,0.0008,0.0008,0.0011,0.0011,0.0011,0.0011,0.001,0.0008,0.0005,0.0001,0.0,0.0,0.0,0.0,0.0,0.0,0.0,0.0,0.0,0.0,0.0,0.0,0.0,0.0,0.0,0.0,0.0,0.0,0.0,0.0,0.0
