0.4843,0.4694,0.4547,0.4354,0.4206,0.4071,0.39,0.3734,0.3561,0.341,0.3262,0.3064,0.2844,0.2653,0.2537,0.2402,0.2367,0.2321,0.2271,0.2172,0.2023,0.1879,0.1729,0.1583,0.1468,0.1356,0.1265,0.1157,0.1031,0.0908,0.0803,0.0721,0.0681,0.0646,0.0627,0.0612,0.0611,0.0608,0.0596,0.0574,0.0546,0.0508,0.0477,0.0438,0.0408,0.038,0.0356,0.0333,0.03,0.0273,0.0257,0.026,0.026,0.0247,0.0226,0.0209,0.02,0.0189,0.0176,0.0163,0.0156,0.0152,0.0144,0.0138,0.0134,0.0119,0.0105,0.0098,0.0093,0.0082,0.0061,0.0038,0.0024,0.0018,0.0013,0.0009,0.0006,0.0003,0.0001,0.0002,0.0001,0.0002,0.0003,0.0006,0.0011,0.0018,0.0022,0.0025,0.0021,0.0018
0.4666,0.4586,0.4495,0.4389,0.4262,0.4142,0.4052,0.3917,0.3798,0.3633,0.3482,0.3305,0.319,0.3061,0.2927,0.2705,0.2496,0.2331,0.2189,0.205,0.1939,0.1834,0.1748,0.1672,0.1618,0.1602,0.158,0.1545,0.1478,0.142,0.1381,0.1354,0.1332,0.132,0.1309,0.1281,0.1232,0.1143,0.1036,0.0921,0.0829,0.076,0.0707,0.0658,0.0628,0.0591,0.0557,0.0523,0.0498,0.0485,0.0454,0.0423,0.0399,0.037,0.0344,0.0315,0.029,0.0263,0.0243,0.0226,0.0201,0.0176,0.0154,0.0139,0.0122,0.0108,0.0096,0.0084,0.0071,0.0061,0.0055,0.006,0.0071,0.0082,0.0096,0.0103,0.0109,0.0113,0.0117,0.0121,0.0122,0.0122,0.0122,0.0121,0.0121,0.0117,0.0113,0.0113,0.0125,0.0135
0.3896,0.3806,0.3719,0.3628,0.3533,0.3475,0.3411,0.3343,0.3284,0.321,0.3115,0.2988,0.286,0.2717,0.2603,0.2512,0.2451,0.2363,0.2278,0.2204,0.2145,0.2085,0.2033,0.197,0.1906,0.185,0.1795,0.1722,0.1669,0.1629,0.1572,0.1508,0.1438,0.136,0.1276,0.1201,0.1116,0.1015,0.0926,0.0844,0.077,0.0691,0.0624,0.0578,0.0543,0.0513,0.048,0.0459,0.0443,0.0423,0.0399,0.0396,0.041,0.0417,0.0395,0.0382,0.0373,0.0364,0.0352,0.0344,0.0335,0.0325,0.0309,0.0299,0.0288,0.0275,0.0268,0.0253,0.0236,0.0235,0.0234,0.0222,0.0208,0.021,0.0208,0.02,0.0187,0.0168,0.0163,0.0152,0.0148,0.0146,0.0135,0.0125,0.0118,0.0102,0.0094,0.008,0.0066,0.006
0.3183,0.3129,0.3089,0.305,0.301,0.2958,0.2912,0.2865,0.2813,0.279,0.2769,0.2756,0.2716,0.2684,0.2644,0.2594,0.2525,0.2455,0.2375,0.2312,0.2244,0.2177,0.2114,0.2048,0.1985,0.1914,0.1848,0.1774,0.1717,0.1672,0.162,0.1574,0.1524,0.146,0.1386,0.1314,0.1235,0.1172,0.1125,0.1095,0.1081,0.1076,0.1059,0.1038,0.1016,0.0985,0.0944,0.0919,0.0906,0.0895,0.0867,0.0822,0.0775,0.0739,0.0715,0.0683,0.0649,0.0624,0.0593,0.0576,0.0544,0.0521,0.0502,0.0482,0.0466,0.0449,0.0429,0.0406,0.0379,0.0354,0.0328,0.0298,0.0271,0.0243,0.0214,0.0195,0.0173,0.0146,0.0126,0.0108,0.0092,0.0079,0.0059,0.0044,0.0035,0.0029,0.0024,0.0019,0.0012,0.0004
0.2165,0.2128,0.2077,0.2017,0.1964,0.1884,0.1805,0.174,0.1685,0.1652,0.1641,0.161,0.1547,0.1483,0.1408,0.1372,0.1344,0.1319,0.1282,0.1239,0.1196,0.1176,0.1172,0.116,0.1138,0.1114,0.1116,0.1115,0.1111,0.1092,0.1074,0.1055,0.1033,0.0994,0.0953,0.093,0.0901,0.0885,0.0867,0.085,0.0836,0.0823,0.0802,0.0777,0.0753,0.073,0.0709,0.0672,0.0638,0.0601,0.0573,0.054,0.0502,0.0471,0.0443,0.0414,0.0386,0.036,0.0337,0.0311,0.0279,0.0243,0.022,0.0192,0.0165,0.0127,0.0089,0.0068,0.0057,0.0048,0.0034,0.0023,0.0009,0.0003,0.0001,0.0,0.0,0.0,0.0,0.0,0.0,0.0,0.0,0.0,0.0,0.0,0.0,0.0,0.0,0.0
0.1384,0.1335,0.1296,0.1242,0.1176,0.1112,0.1068,0.1043,0.1027,0.102,0.1016,0.0997,0.0973,0.0935,0.0913,0.0905,0.09,0.0879,0.0861,0.0844,0.0828,0.0799,0.0749,0.0711,0.0694,0.0682,0.0658,0.0625,0.0594,0.0573,0.055,0.0527,0.0508,0.0481,0.0436,0.0391,0.0353,0.0323,0.0306,0.0289,0.0271,0.0252,0.023,0.0204,0.0182,0.0165,0.0142,0.012,0.0108,0.0103,0.0096,0.0081,0.0067,0.0053,0.0038,0.0026,0.0015,0.0009,0.0004,0.0001,0.0,0.0,0.0,0.0,0.0,0.0,0.0,0.0,0.0,0.0,0.0,0.0,0.0,0.0,0.0,0.0,0.0,0.0,0.0,0.0,0.0,0.0,0.0,0.0,0.0,0.0,0.0,0.0,0.0,0.0
0.0914,0.0863,0.0827,0.0801,0.0767,0.074,0.0728,0.0711,0.0691,0.0672,0.0658,0.064,0.0613,0.0587,0.0556,0.0526,0.05,0.0471,0.0446,0.0418,0.0384,0.0341,0.0308,0.0284,0.0259,0.023,0.0203,0.0181,0.0164,0.0152,0.0142,0.0131,0.012,0.0106,0.0091,0.0072,0.0058,0.0047,0.0036,0.0026,0.0015,0.0008,0.0003,0.0002,0.0001,0.0,0.0,0.0,0.0,0.0,0.0,0.0,0.0,0.0,0.0,0.0,0.0,0.0,0.0,0.0,0.0,0.0,0.0,0.0,0.0,0.0,0.0,0.0,0.0,0.0,0.0,0.0,0.0,0.0,0.0,0.0,0.0,0.0,0.0,0.0,0.0,0.0,0.0,0.0,0.0,0.0,0.0,0.0,0.0,0.0
0.0655,0.0637,0.0632,0.0625,0.0626,0.0628,0.0608,0.0607,0.0602,0.0597,0.0603,0.0587,0.0567,0.0555,0.0549,0.054,0.0529,0.0521,0.0514,0.0513,0.0515,0.0506,0.0489,0.0476,0.0462,0.0446,0.0427,0.0408,0.0383,0.0364,0.0341,0.0316,0.0291,0.0265,0.0247,0.0226,0.0207,0.0185,0.0163,0.0144,0.0115,0.0095,0.0085,0.0079,0.006,0.0043,0.0037,0.0033,0.0027,0.002,0.0015,0.0013,0.0014,0.0016,0.0011,0.0011,0.001,0.0008,0.0006,0.0003,0.0002,0.0001,0.0001,0.0,0.0,0.0,0.0,0.0,0.0,0.0,0.0,0.0,0.0,0.0,0.0,0.0,0.0,0.0,0.0,0.0,0.0,0.0,0.0,0.0,0.0,0.0,0.0,0.0,0.0,0.0
0.082,0.0802,0.0792,0.078,0.0766,0.0751,0.0739,0.072,0.0713,0.0704,0.0681,0.0668,0.0651,0.0633,0.0608,0.059,0.0569,0.0544,0.0507,0.0474,0.0454,0.0446,0.0448,0.0443,0.0431,0.0424,0.0415,0.0412,0.0414,0.0417,0.0419,0.0415,0.041,0.0402,0.0405,0.0401,0.0391,0.0369,0.0354,0.0342,0.0333,0.0319,0.0308,0.0278,0.0239,0.0204,0.0174,0.0145,0.0123,0.0097,0.0084,0.0062,0.0036,0.0015,0.0014,0.0012,0.0008,0.0005,0.0004,0.0003,0.0001,0.0001,0.0,0.0,0.0,0.0,0.0,0.0,0.0,0.0,0.0,0.0,0.0,0.0,0.0,0.0,0.0,0.0,0.0,0.0,0.0,0.0,0.0,0.0,0.0,0.0,0.0,0.0,0.0,0.0
0.1078,0.1077,0.1074,0.1087,0.1089,0.1092,0.1083,0.1073,0.1065,0.1059,0.1046,0.1045,0.1049,0.105,0.1042,0.1031,0.1016,0.0997,0.0984,0.0964,0.0942,0.0928,0.0919,0.088,0.0842,0.0818,0.0788,0.0754,0.0721,0.068,0.0637,0.0602,0.0575,0.055,0.0518,0.0482,0.0453,0.0431,0.0408,0.0381,0.0343,0.0319,0.0286,0.0253,0.0234,0.0217,0.0196,0.0182,0.0166,0.0151,0.0131,0.0113,0.0122,0.0115,0.0106,0.0097,0.0093,0.0093,0.0079,0.0075,0.0069,0.0071,0.0065,0.0052,0.0041,0.0033,0.0025,0.0021,0.0017,0.0012,0.0009,0.0008,0.0005,0.0005,0.0004,0.0004,0.0003,0.0002,0.0001,0.0,0.0,0.0,0.0,0.0,0.0,0.0,0.0,0.0,0.0,0.0
0.1148,0.1115,0.1088,0.1047,0.1016,0.0997,0.0969,0.0915,0.0862,0.0804,0.0766,0.0746,0.0725,0.0698,0.0672,0.0654,0.065,0.0647,0.0636,0.0626,0.0607,0.0589,0.0538,0.0523,0.052,0.0511,0.0495,0.0486,0.0484,0.0473,0.0459,0.0453,0.0445,0.0434,0.0422,0.0406,0.039,0.0373,0.0356,0.0326,0.0297,0.0281,0.0257,0.0228,0.0193,0.0167,0.013,0.0099,0.0077,0.0064,0.0054,0.0042,0.0032,0.0028,0.0023,0.0019,0.0015,0.001,0.0006,0.0002,0.0001,0.0,0.0,0.0,0.0,0.0,0.0,0.0,0.0,0.0,0.0,0.0,0.0,0.0,0.0,0.0,0.0,0.0,0.0,0.0,0.0,0.0,0.0,0.0,0.0,0.0,0.0,0.0,0.0,0.0
0.1023,0.1003,0.0996,0.0982,0.0962,0.0946,0.0934,0.0916,0.0884,0.0865,0.0854,0.0826,0.0808,0.0784,0.0775,0.077,0.0764,0.075,0.0738,0.0727,0.071,0.0683,0.0622,0.058,0.0547,0.0527,0.0509,0.0484,0.0447,0.0404,0.0367,0.0335,0.0304,0.0276,0.0245,0.0209,0.0175,0.0144,0.0101,0.0053,0.0031,0.0019,0.0011,0.0005,0.0003,0.0,0.0,0.0,0.0,0.0,0.0,0.0,0.0,0.0,0.0,0.0,0.0,0.0,0.0,0.0,0.0,0.0,0.0,0.0,0.0,0.0,0.0,0.0,0.0,0.0,0.0,0.0,0.0,0.0,0.0,0.0,0.0,0.0,0.0,0.0,0.0,0.0,0.0,0.0,0.0,0.0,0.0,0.0,0.0,0.0
0.0905,0.0904,0.0869,0.0829,0.0792,0.0755,0.0726,0.07,0.0661,0.0621,0.0576,0.0511,0.0454,0.0426,0.0389,0.0349,0.0311,0.0281,0.0249,0.022,0.0193,0.0158,0.0125,0.0095,0.0074,0.0057,0.0046,0.0038,0.0026,0.0011,0.0003,0.0001,0.0,0.0,0.0,0.0,0.0,0.0,0.0,0.0,0.0,0.0,0.0,0.0,0.0,0.0,0.0,0.0,0.0,0.0,0.0,0.0,0.0,0.0,0.0,0.0,0.0,0.0,0.0,0.0,0.0,0.0,0.0,0.0,0.0,0.0,0.0,0.0,0.0,0.0,0.0,0.0,0.0,0.0,0.0,0.0,0.0,0.0,0.0,0.0,0.0,0.0,0.0,0.0,0.0,0.0,0.0,0.0,0.0,0.0
0.0548,0.05,0.0461,0.0453,0.0445,0.0432,0.0395,0.0377,0.0361,0.0338,0.0314,0.0293,0.0273,0.0257,0.0244,0.0233,0.0223,0.0217,0.0209,0.0201,0.0198,0.0195,0.0191,0.0185,0.0176,0.017,0.0169,0.0168,0.0175,0.0181,0.018,0.0178,0.0181,0.0184,0.0185,0.0198,0.0212,0.022,0.0218,0.0222,0.0227,0.0237,0.024,0.0236,0.0225,0.0223,0.0219,0.0209,0.0183,0.0187,0.018,0.0186,0.0192,0.019,0.0185,0.0188,0.0188,0.0176,0.0176,0.0176,0.0173,0.0163,0.0152,0.0148,0.015,0.0145,0.0141,0.0144,0.0147,0.0148,0.0144,0.0145,0.0146,0.014,0.0143,0.0143,0.0141,0.0133,0.0131,0.013,0.013,0.0132,0.0132,0.0125,0.0121,0.0126,0.012,0.0116,0.011,0.0113
0.084,0.0844,0.0858,0.0882,0.0911,0.0927,0.0937,0.0945,0.0949,0.0953,0.0967,0.0982,0.0957,0.0928,0.091,0.0906,0.0909,0.0915,0.0918,0.097,0.0976,0.097,0.0951,0.093,0.0907,0.089,0.0921,0.0949,0.0917,0.0891,0.0882,0.0877,0.0871,0.0856,0.0838,0.0816,0.0802,0.0777,0.0768,0.0751,0.0734,0.0736,0.0743,0.0744,0.0736,0.0718,0.0704,0.0682,0.067,0.0653,0.0634,0.0625,0.0621,0.0626,0.0628,0.0619,0.0597,0.058,0.0558,0.0552,0.0558,0.0549,0.0545,0.054,0.0538,0.0538,0.0532,0.0521,0.0518,0.0508,0.0476,0.0453,0.0459,0.0454,0.0447,0.0437,0.0435,0.0428,0.0436,0.0453,0.0466,0.0458,0.0493,0.0516,0.0513,0.0503,0.0494,0.0502,0.0496,0.0501
0.19,0.1835,0.1773,0.1751,0.1735,0.1713,0.1691,0.1669,0.1667,0.1668,0.1669,0.1663,0.167,0.168,0.1652,0.1605,0.157,0.1551,0.1595,0.1559,0.1528,0.1511,0.1487,0.1456,0.143,0.1406,0.1375,0.1305,0.1225,0.1182,0.1168,0.116,0.115,0.1136,0.112,0.1085,0.1064,0.1056,0.1041,0.1031,0.1034,0.1038,0.1005,0.0983,0.0966,0.0952,0.0938,0.0928,0.0863,0.0809,0.0788,0.0791,0.0792,0.0799,0.0816,0.0836,0.0857,0.087,0.0872,0.0849,0.0806,0.0773,0.0767,0.0768,0.078,0.0787,0.0783,0.0774,0.0775,0.0766,0.0755,0.0743,0.0727,0.0762,0.0797,0.0807,0.0808,0.0814,0.0801,0.079,0.0784,0.0799,0.0771,0.0742,0.0746,0.0748,0.0742,0.0739,0.0729,0.0706
0.2634,0.2574,0.2485,0.2438,0.2402,0.238,0.2372,0.2343,0.23,0.2276,0.224,0.2246,0.2261,0.2282,0.2251,0.2217,0.2208,0.2204,0.2175,0.2116,0.2067,0.2035,0.2004,0.1972,0.1947,0.1919,0.1863,0.1782,0.1726,0.169,0.1665,0.1646,0.1621,0.1578,0.1559,0.1536,0.1461,0.1428,0.1422,0.1425,0.1439,0.1371,0.1321,0.1299,0.1287,0.1264,0.1256,0.1272,0.1273,0.1242,0.1224,0.1211,0.119,0.1169,0.1144,0.1112,0.1084,0.1054,0.1016,0.099,0.0953,0.0927,0.0905,0.0899,0.0885,0.0869,0.0852,0.0832,0.0821,0.0848,0.0871,0.0862,0.083,0.079,0.0767,0.0785,0.0774,0.0777,0.0774,0.0745,0.0733,0.0743,0.0711,0.0695,0.0721,0.0743,0.0725,0.0717,0.0756,0.0732
0.3266,0.3247,0.3228,0.315,0.3082,0.3042,0.3021,0.302,0.302,0.2987,0.2959,0.2944,0.2915,0.2874,0.2907,0.2885,0.2842,0.2788,0.2705,0.2653,0.2609,0.2572,0.253,0.2477,0.2432,0.2399,0.2333,0.2268,0.2217,0.216,0.2118,0.2094,0.2076,0.2051,0.1994,0.1958,0.1918,0.1896,0.1858,0.1845,0.1799,0.1717,0.1667,0.1634,0.1616,0.1606,0.1601,0.1607,0.1613,0.1581,0.1554,0.1539,0.1514,0.1474,0.1441,0.1405,0.1383,0.1376,0.1368,0.1351,0.1333,0.1348,0.1354,0.1351,0.1363,0.1364,0.1357,0.1336,0.1371,0.1426,0.1424,0.1441,0.1447,0.1405,0.1388,0.1402,0.1417,0.1385,0.1376,0.1366,0.1362,0.1348,0.1352,0.1368,0.1348,0.1339,0.1362,0.1371,0.1437,0.1484
0.4089,0.4091,0.4069,0.4037,0.3999,0.399,0.3996,0.3984,0.3981,0.398,0.3969,0.391,0.3877,0.3816,0.3764,0.3699,0.363,0.3571,0.3502,0.3432,0.3342,0.327,0.3236,0.3216,0.3174,0.3139,0.3103,0.3036,0.299,0.2945,0.2846,0.2718,0.2674,0.2646,0.2616,0.2561,0.2545,0.2542,0.253,0.2504,0.2435,0.2397,0.2367,0.229,0.2218,0.2171,0.2143,0.2168,0.2186,0.2163,0.2121,0.2072,0.201,0.1961,0.1949,0.1923,0.194,0.1929,0.191,0.1921,0.1947,0.1958,0.1955,0.1948,0.1925,0.19,0.1878,0.1878,0.1859,0.1722,0.1615,0.157,0.1543,0.151,0.1483,0.1377,0.1261,0.12,0.1141,0.1117,0.1106,0.1082,0.1032,0.0958,0.0862,0.0797,0.078,0.0788,0.0741,0.0757
0.4689,0.4669,0.4579,0.4562,0.4565,0.4502,0.4435,0.4391,0.4375,0.4398,0.4358,0.4303,0.4262,0.4184,0.4098,0.4029,0.402,0.4019,0.3946,0.3862,0.3822,0.3755,0.3692,0.3639,0.3598,0.3545,0.3501,0.344,0.3395,0.3375,0.3361,0.3273,0.3169,0.3113,0.3085,0.3041,0.2963,0.2922,0.2855,0.279,0.2749,0.2709,0.2651,0.2571,0.2533,0.2527,0.2495,0.2428,0.2383,0.2372,0.2339,0.2285,0.2223,0.2147,0.2154,0.2099,0.2059,0.2007,0.1958,0.1895,0.1836,0.1759,0.1694,0.1634,0.1569,0.1511,0.1456,0.14,0.134,0.1256,0.1175,0.1116,0.1098,0.1068,0.1025,0.0999,0.0964,0.0933,0.0907,0.0884,0.0861,0.0844,0.0788,0.0746,0.071,0.0676,0.0646,0.0635,0.0611,0.0598
0.4689,0.4691,0.4668,0.4641,0.4596,0.4523,0.4471,0.4398,0.4369,0.4366,0.43,0.4199,0.4102,0.4049,0.4005,0.4037,0.4095,0.4121,0.4041,0.395,0.3922,0.3888,0.3841,0.3777,0.3752,0.3713,0.3643,0.3551,0.3506,0.3459,0.3427,0.3434,0.3362,0.3295,0.3198,0.3193,0.3167,0.3092,0.3032,0.2971,0.2908,0.2833,0.2777,0.273,0.2649,0.2549,0.2453,0.2338,0.2204,0.2102,0.2036,0.1977,0.1926,0.1869,0.1788,0.1726,0.1652,0.1587,0.1502,0.1407,0.1272,0.1108,0.097,0.085,0.0715,0.0606,0.0521,0.0443,0.0406,0.0351,0.0298,0.0255,0.0222,0.0205,0.0182,0.0169,0.018,0.0161,0.0157,0.0162,0.0147,0.0148,0.0143,0.0134,0.0124,0.0115,0.0106,0.0105,0.0094,0.0099
0.4721,0.4675,0.4642,0.4624,0.4584,0.4535,0.4479,0.4403,0.4347,0.4273,0.4179,0.4081,0.3966,0.3905,0.3856,0.3784,0.3731,0.3668,0.3593,0.3531,0.3511,0.3499,0.3452,0.3375,0.3305,0.3259,0.3171,0.3086,0.2989,0.2901,0.2834,0.2833,0.2818,0.2754,0.2657,0.256,0.2525,0.2449,0.239,0.2356,0.2283,0.2186,0.2069,0.197,0.1879,0.1791,0.1685,0.1586,0.1474,0.1378,0.1297,0.122,0.1163,0.1108,0.1052,0.1003,0.0944,0.0892,0.082,0.0754,0.0659,0.0573,0.0536,0.0499,0.0454,0.0416,0.0384,0.0346,0.0336,0.0307,0.0283,0.0254,0.0227,0.0197,0.0173,0.0148,0.0131,0.0102,0.009,0.0073,0.0052,0.0042,0.0024,0.0015,0.0009,0.0005,0.0001,0.0,0.0,0.0
0.3835,0.3771,0.373,0.371,0.3716,0.3728,0.3722,0.3722,0.366,0.3594,0.358,0.3586,0.3557,0.3524,0.3525,0.3487,0.3413,0.3342,0.3283,0.3255,0.3239,0.321,0.3177,0.3148,0.3079,0.3005,0.2949,0.2858,0.2776,0.2691,0.2637,0.2611,0.2605,0.2566,0.2513,0.245,0.2412,0.2381,0.2327,0.2223,0.2158,0.2101,0.2039,0.2005,0.1962,0.1882,0.1786,0.1692,0.1605,0.1537,0.1432,0.134,0.125,0.1162,0.1094,0.1009,0.0885,0.0726,0.0582,0.0452,0.0358,0.0309,0.0266,0.0213,0.0167,0.0131,0.01,0.0076,0.0066,0.0061,0.0054,0.0047,0.004,0.0039,0.0037,0.0031,0.0027,0.002,0.0018,0.0015,0.0011,0.0008,0.0005,0.0003,0.0001,0.0,0.0,0.0,0.0,0.0
0.2925,0.2929,0.2925,0.291,0.2912,0.2927,0.2938,0.2953,0.2959,0.2948,0.2929,0.2898,0.2876,0.2848,0.2827,0.2812,0.2756,0.2699,0.266,0.2632,0.257,0.248,0.24,0.2348,0.232,0.2283,0.2244,0.2221,0.2153,0.2061,0.1975,0.1918,0.1872,0.1789,0.1661,0.1563,0.1483,0.1333,0.1169,0.1034,0.0903,0.0793,0.0739,0.0696,0.0639,0.0584,0.0513,0.0452,0.0385,0.0271,0.0199,0.0149,0.0086,0.0046,0.003,0.0011,0.0002,0.0,0.0,0.0,0.0,0.0,0.0,0.0,0.0,0.0,0.0,0.0,0.0,0.0,0.0,0.0,0.0,0.0,0.0,0.0,0.0,0.0,0.0,0.0,0.0,0.0,0.0,0.0,0.0,0.0,0.0,0.0,0.0,0.0
0.1924,0.1861,0.1815,0.1788,0.1738,0.1688,0.1624,0.1559,0.1497,0.1396,0.1298,0.1245,0.1203,0.1168,0.1131,0.1085,0.103,0.0987,0.0951,0.0902,0.0833,0.0775,0.0739,0.0708,0.068,0.065,0.0609,0.0567,0.0521,0.0476,0.0436,0.0403,0.037,0.0341,0.0317,0.0315,0.0307,0.0279,0.0249,0.0226,0.0218,0.0208,0.0187,0.0181,0.0177,0.0173,0.0163,0.016,0.015,0.0142,0.0134,0.0123,0.0118,0.0116,0.011,0.0107,0.0109,0.011,0.0117,0.0127,0.0125,0.012,0.0115,0.0112,0.0109,0.0103,0.0096,0.0087,0.0079,0.0072,0.0071,0.007,0.0072,0.0065,0.0057,0.0049,0.0039,0.0036,0.0035,0.0028,0.0018,0.0011,0.0009,0.0007,0.0005,0.0004,0.0004,0.0004,0.0003,0.0002
0.166,0.1639,0.1609,0.1564,0.1507,0.1455,0.1401,0.1364,0.1335,0.1294,0.1253,0.1229,0.1205,0.1182,0.1169,0.1155,0.1141,0.1126,0.1116,0.1109,0.1083,0.1062,0.1038,0.1028,0.1015,0.0995,0.0959,0.0925,0.0896,0.0873,0.0847,0.0831,0.0811,0.0793,0.0787,0.0778,0.0748,0.0717,0.0695,0.0675,0.0648,0.061,0.0572,0.0548,0.053,0.052,0.0516,0.051,0.0496,0.0493,0.0484,0.0469,0.0446,0.0425,0.0402,0.0381,0.0366,0.0362,0.0358,0.0348,0.035,0.0352,0.0344,0.0339,0.0338,0.0332,0.0331,0.0323,0.0315,0.0312,0.0303,0.0304,0.0296,0.0297,0.0275,0.0253,0.0237,0.0221,0.0201,0.0187,0.0174,0.0164,0.0154,0.0144,0.0133,0.0122,0.0116,0.0113,0.0107,0.0102
0.1394,0.1387,0.1381,0.1381,0.1359,0.132,0.1286,0.1286,0.1262,0.1229,0.1208,0.1194,0.1168,0.1159,0.1159,0.1149,0.1133,0.1107,0.1088,0.1086,0.1091,0.109,0.1078,0.105,0.1044,0.1029,0.101,0.0989,0.0963,0.0945,0.0925,0.0903,0.0893,0.0882,0.0876,0.0844,0.0807,0.0772,0.0745,0.0722,0.0698,0.068,0.0667,0.0663,0.066,0.0632,0.059,0.0523,0.0493,0.0442,0.0403,0.0384,0.0364,0.0347,0.0339,0.0335,0.0324,0.0313,0.0275,0.0239,0.019,0.0164,0.0147,0.0133,0.0119,0.0106,0.0094,0.0088,0.0082,0.0076,0.0065,0.0065,0.0043,0.0025,0.0011,0.0006,0.0003,0.0001,0.0,0.0,0.0,0.0,0.0,0.0,0.0,0.0,0.0,0.0,0.0,0.0
0.2174,0.2139,0.2096,0.2042,0.1998,0.1947,0.1898,0.1861,0.18,0.1741,0.1701,0.1657,0.1604,0.1589,0.1548,0.1507,0.1456,0.1413,0.138,0.1356,0.1305,0.1255,0.1193,0.1146,0.1103,0.1055,0.1006,0.0967,0.0928,0.0877,0.0828,0.0778,0.0726,0.067,0.0611,0.0533,0.0466,0.0406,0.0365,0.0334,0.0314,0.0299,0.0289,0.0284,0.0261,0.0241,0.0211,0.02,0.0198,0.0198,0.0187,0.0174,0.016,0.0151,0.0134,0.0121,0.0107,0.0092,0.0081,0.0066,0.0054,0.0039,0.0031,0.0024,0.0017,0.0014,0.0011,0.0009,0.0007,0.0005,0.0003,0.0002,0.0002,0.0,0.0,0.0,0.0,0.0,0.0,0.0,0.0,0.0,0.0,0.0,0.0,0.0,0.0,0.0,0.0,0.0
0.1938,0.1899,0.1838,0.1785,0.1723,0.1703,0.1679,0.1612,0.1561,0.1528,0.1485,0.1434,0.1402,0.1344,0.1291,0.1249,0.1209,0.1182,0.1146,0.1091,0.1041,0.1,0.0963,0.0936,0.0897,0.0861,0.0846,0.0829,0.0807,0.078,0.0753,0.0714,0.067,0.0629,0.0577,0.0543,0.0515,0.0493,0.0478,0.0463,0.045,0.0425,0.0399,0.0369,0.0318,0.027,0.0249,0.0221,0.0194,0.0175,0.0168,0.0154,0.0135,0.0118,0.0106,0.0094,0.0083,0.0075,0.0063,0.0053,0.0047,0.0037,0.0028,0.0022,0.0017,0.0012,0.001,0.0008,0.0006,0.0005,0.0003,0.0002,0.0001,0.0001,0.0,0.0,0.0,0.0,0.0,0.0,0.0,0.0,0.0,0.0,0.0,0.0,0.0,0.0,0.0,0.0
0.0792,0.0806,0.0805,0.0789,0.0751,0.0726,0.0715,0.0703,0.0693,0.0678,0.0662,0.0657,0.0653,0.0643,0.063,0.0617,0.0605,0.0594,0.0578,0.0558,0.0539,0.0524,0.0516,0.0509,0.0497,0.0488,0.0477,0.0464,0.0449,0.0437,0.0425,0.0416,0.041,0.0407,0.0403,0.0401,0.04,0.0401,0.0401,0.0393,0.0383,0.0376,0.0374,0.037,0.0364,0.0356,0.0354,0.0347,0.0328,0.0302,0.0276,0.0248,0.0248,0.0331,0.0342,0.0334,0.0325,0.0314,0.0304,0.0298,0.0297,0.0301,0.0302,0.0299,0.029,0.0281,0.0277,0.0283,0.0283,0.0279,0.0273,0.0274,0.0289,0.0288,0.0286,0.0285,0.0287,0.0287,0.0285,0.0286,0.0289,0.0292,0.0299,0.0307,0.0309,0.0308,0.0301,0.0295,0.0288,0.0275
0.4543,0.4566,0.4639,0.4728,0.4855,0.4981,0.5063,0.5133,0.5192,0.5282,0.5327,0.5351,0.5366,0.5371,0.5364,0.5336,0.5315,0.5293,0.5256,0.5219,0.52,0.5237,0.5262,0.5299,0.5289,0.5233,0.5143,0.5027,0.4932,0.4831,0.4717,0.4623,0.4561,0.451,0.4489,0.4496,0.4521,0.4547,0.455,0.452,0.448,0.4443,0.4393,0.4365,0.4348,0.4334,0.433,0.4324,0.433,0.4323,0.4237,0.4086,0.4044,0.4109,0.4191,0.4192,0.42,0.4215,0.4247,0.4291,0.4297,0.43,0.4294,0.4267,0.4259,0.4271,0.4299,0.4341,0.435,0.4349,0.4359,0.4333,0.4329,0.4339,0.4292,0.424,0.4209,0.4177,0.412,0.4022,0.3978,0.3966,0.4024,0.4058,0.409,0.4104,0.4078,0.4066,0.4061,0.4035
0.5492,0.5505,0.553,0.5546,0.5536,0.5522,0.5536,0.5554,0.5624,0.5629,0.5664,0.5668,0.5617,0.5559,0.5525,0.5497,0.5423,0.538,0.5356,0.5307,0.5243,0.5162,0.5044,0.4892,0.479,0.4741,0.4693,0.4628,0.4565,0.455,0.4528,0.4492,0.4445,0.4385,0.4309,0.4227,0.414,0.4048,0.3981,0.396,0.3924,0.3904,0.3898,0.3855,0.3786,0.3718,0.3631,0.3543,0.3467,0.3416,0.3403,0.3442,0.3423,0.3268,0.3115,0.3019,0.2903,0.2755,0.2587,0.2424,0.2286,0.2165,0.2054,0.1976,0.188,0.1785,0.1662,0.1516,0.1404,0.1327,0.1242,0.1199,0.1149,0.1055,0.1032,0.1019,0.0991,0.0948,0.0935,0.0968,0.0954,0.0942,0.0879,0.0813,0.0772,0.0784,0.0824,0.0836,0.0876,0.0952
0.5993,0.5995,0.5872,0.5746,0.555,0.5201,0.4903,0.4697,0.458,0.4303,0.4081,0.3816,0.354,0.3318,0.3173,0.3103,0.2994,0.2862,0.2725,0.2595,0.248,0.2327,0.217,0.2019,0.1896,0.1818,0.1756,0.1702,0.1629,0.1567,0.1499,0.1439,0.1369,0.1303,0.1238,0.117,0.1104,0.1036,0.0962,0.0885,0.0819,0.076,0.0696,0.061,0.0525,0.0457,0.0394,0.0345,0.029,0.0239,0.0217,0.0203,0.0192,0.0151,0.0106,0.0078,0.0059,0.0044,0.0027,0.0019,0.0015,0.0012,0.0009,0.0008,0.0006,0.0004,0.0001,0.0,0.0,0.0,0.0,0.0,0.0,0.0,0.0,0.0,0.0,0.0,0.0,0.0,0.0,0.0,0.0,0.0,0.0,0.0,0.0,0.0,0.0,0.0
0.4876,0.4721,0.4604,0.4483,0.4356,0.4197,0.4031,0.3949,0.3907,0.3771,0.3665,0.3542,0.3389,0.3283,0.3131,0.2941,0.2751,0.2576,0.2427,0.2201,0.1993,0.1816,0.1647,0.1486,0.1369,0.1291,0.1182,0.1102,0.1046,0.0997,0.0959,0.0926,0.0888,0.0864,0.0831,0.0785,0.0752,0.0718,0.0684,0.0646,0.0609,0.0562,0.0508,0.0456,0.0401,0.0362,0.0318,0.0265,0.0213,0.017,0.0145,0.0117,0.01,0.0077,0.0047,0.0023,0.0006,0.0001,0.0,0.0,0.0,0.0,0.0,0.0,0.0,0.0,0.0,0.0,0.0,0.0,0.0,0.0,0.0,0.0,0.0,0.0,0.0,0.0,0.0,0.0,0.0,0.0,0.0,0.0,0.0,0.0,0.0,0.0,0.0,0.0
0.4975,0.4863,0.4752,0.4638,0.448,0.4315,0.4186,0.4086,0.3912,0.3686,0.3518,0.3405,0.3312,0.3183,0.3079,0.2974,0.289,0.277,0.2622,0.2431,0.228,0.2136,0.1974,0.1818,0.1724,0.1616,0.1501,0.1397,0.1297,0.1209,0.1107,0.101,0.093,0.0854,0.078,0.0707,0.063,0.0565,0.0504,0.0436,0.0368,0.0316,0.0269,0.0221,0.0171,0.0132,0.0097,0.0074,0.0058,0.0043,0.0028,0.0019,0.001,0.0004,0.0001,0.0,0.0,0.0,0.0,0.0,0.0,0.0,0.0,0.0,0.0,0.0,0.0,0.0,0.0,0.0,0.0,0.0,0.0,0.0,0.0,0.0,0.0,0.0,0.0,0.0,0.0,0.0,0.0,0.0,0.0,0.0,0.0,0.0,0.0,0.0
0.3672,0.3586,0.3503,0.3379,0.3242,0.3137,0.302,0.2891,0.2766,0.2651,0.2537,0.2438,0.2314,0.2178,0.2034,0.1871,0.1722,0.1606,0.1498,0.1378,0.1272,0.1145,0.1037,0.0927,0.085,0.0755,0.0675,0.0605,0.0515,0.0447,0.0392,0.0347,0.0316,0.0305,0.029,0.0272,0.0261,0.0254,0.0251,0.0244,0.0233,0.0221,0.0211,0.0203,0.0194,0.0181,0.0173,0.0157,0.014,0.0121,0.011,0.0095,0.0078,0.0061,0.0047,0.0034,0.0028,0.0017,0.0008,0.0005,0.0002,0.0002,0.0,0.0,0.0,0.0,0.0,0.0,0.0,0.0001,0.0001,0.0001,0.0001,0.0001,0.0002,0.0003,0.0004,0.0004,0.0002,0.0,0.0,0.0,0.0,0.0,0.0,0.0,0.0,0.0,0.0,0.0
