0.5126,0.5027,0.4886,0.4712,0.4521,0.4353,0.4182,0.4045,0.3937,0.3793,0.3684,0.3578,0.351,0.3448,0.3364,0.3238,0.3178,0.3087,0.2962,0.2801,0.2631,0.2473,0.2317,0.2183,0.2031,0.1881,0.1731,0.1581,0.1442,0.1334,0.1196,0.1077,0.0934,0.0853,0.0714,0.0578,0.0499,0.0435,0.0383,0.0341,0.0303,0.0258,0.0218,0.018,0.0144,0.0112,0.0084,0.0059,0.0041,0.0029,0.0022,0.0015,0.0006,0.0002,0.0,0.0,0.0,0.0,0.0,0.0,0.0,0.0,0.0,0.0,0.0,0.0,0.0,0.0,0.0,0.0,0.0,0.0,0.0,0.0,0.0,0.0,0.0,0.0,0.0,0.0,0.0,0.0,0.0,0.0,0.0,0.0,0.0,0.0,0.0,0.0
0.4991,0.4964,0.4908,0.4835,0.4798,0.4708,0.4637,0.4531,0.4418,0.4334,0.4214,0.4128,0.4034,0.3931,0.3831,0.3693,0.3498,0.3334,0.315,0.296,0.2799,0.2606,0.2448,0.2326,0.2131,0.1893,0.1676,0.1465,0.1287,0.1163,0.1092,0.1004,0.0902,0.0821,0.0626,0.0517,0.0441,0.0376,0.0293,0.0209,0.0147,0.0086,0.0027,0.0008,0.0003,0.0003,0.0003,0.0004,0.0005,0.0005,0.0004,0.0004,0.0004,0.0004,0.0004,0.0003,0.0002,0.0002,0.0002,0.0,0.0,0.0,0.0,0.0,0.0,0.0,0.0,0.0,0.0,0.0,0.0,0.0,0.0,0.0,0.0,0.0,0.0,0.0,0.0,0.0,0.0,0.0,0.0,0.0,0.0,0.0,0.0,0.0,0.0,0.0
0.4137,0.4055,0.3988,0.3921,0.3845,0.3825,0.3761,0.3726,0.3681,0.3635,0.3556,0.3444,0.3355,0.3281,0.3178,0.3075,0.2948,0.2787,0.2679,0.2598,0.254,0.2482,0.2396,0.2345,0.2282,0.2187,0.2079,0.1991,0.19,0.1798,0.1692,0.1586,0.1486,0.1367,0.1334,0.1221,0.1119,0.1048,0.0983,0.0886,0.0792,0.0735,0.066,0.0634,0.0569,0.0504,0.0459,0.0419,0.0377,0.0321,0.0257,0.021,0.0178,0.0152,0.013,0.011,0.0094,0.0089,0.009,0.0087,0.0084,0.0078,0.0068,0.0061,0.0055,0.0047,0.004,0.0034,0.003,0.0026,0.0019,0.0016,0.0012,0.0009,0.001,0.0011,0.0011,0.001,0.0009,0.0006,0.0005,0.0003,0.0002,0.0001,0.0,0.0,0.0,0.0,0.0,0.0
0.3273,0.323,0.3189,0.3166,0.313,0.3082,0.3088,0.3054,0.3048,0.3033,0.3029,0.2995,0.2911,0.2846,0.2803,0.2752,0.2694,0.2617,0.2505,0.2384,0.2288,0.2202,0.2171,0.2174,0.2181,0.2212,0.2224,0.2188,0.2141,0.2101,0.2034,0.1936,0.1846,0.177,0.1715,0.1655,0.156,0.1461,0.1354,0.1263,0.1166,0.1063,0.0958,0.0845,0.0774,0.0683,0.0608,0.055,0.0494,0.0449,0.041,0.0379,0.0355,0.0336,0.0319,0.0296,0.027,0.0246,0.0219,0.0196,0.0173,0.0153,0.0133,0.0116,0.0109,0.0101,0.0094,0.0085,0.0074,0.0066,0.0055,0.0047,0.0041,0.0033,0.0026,0.0021,0.0017,0.0013,0.0009,0.0005,0.0004,0.0003,0.0001,0.0,0.0,0.0,0.0,0.0,0.0,0.0
0.179,0.1756,0.1704,0.1649,0.157,0.1498,0.1433,0.1371,0.1302,0.1254,0.1209,0.1169,0.1126,0.105,0.0968,0.0923,0.0888,0.0852,0.0798,0.0761,0.0734,0.0723,0.0712,0.0692,0.0666,0.0633,0.0633,0.0615,0.0579,0.055,0.052,0.0496,0.0482,0.0464,0.0439,0.0407,0.0383,0.037,0.0359,0.035,0.0342,0.0335,0.0345,0.0342,0.0332,0.0327,0.0327,0.0329,0.0323,0.032,0.0314,0.0302,0.0294,0.0282,0.0274,0.0269,0.0269,0.0266,0.0256,0.0241,0.0215,0.0179,0.0156,0.0134,0.011,0.01,0.0094,0.0082,0.0071,0.0063,0.0056,0.0049,0.0043,0.0038,0.0028,0.0021,0.0014,0.0008,0.0002,0.0,0.0,0.0,0.0,0.0,0.0,0.0,0.0,0.0,0.0,0.0
0.1118,0.1078,0.1042,0.1003,0.0965,0.0925,0.0904,0.0875,0.0854,0.084,0.0854,0.087,0.0887,0.0886,0.0881,0.0888,0.0884,0.0869,0.0858,0.084,0.0812,0.0789,0.0777,0.0775,0.0783,0.0775,0.0743,0.0731,0.0713,0.0698,0.0683,0.0668,0.0641,0.062,0.0611,0.0601,0.0584,0.054,0.0502,0.0476,0.0456,0.0425,0.0392,0.0368,0.0347,0.0326,0.0301,0.0273,0.0248,0.022,0.0192,0.017,0.0144,0.0124,0.0101,0.0081,0.0058,0.0041,0.0029,0.0013,0.0003,0.0,0.0,0.0,0.0,0.0,0.0,0.0,0.0,0.0,0.0,0.0,0.0,0.0,0.0,0.0,0.0,0.0,0.0,0.0,0.0,0.0,0.0,0.0,0.0,0.0,0.0,0.0,0.0,0.0
0.0977,0.0927,0.089,0.0866,0.0852,0.0848,0.0844,0.0837,0.0827,0.082,0.0813,0.0796,0.0766,0.0739,0.0716,0.068,0.063,0.0594,0.0565,0.0542,0.0518,0.0498,0.0489,0.0484,0.0476,0.0466,0.0455,0.0438,0.0429,0.0415,0.04,0.0384,0.0362,0.0341,0.0321,0.0301,0.0279,0.0253,0.0226,0.0205,0.0183,0.0162,0.0134,0.0119,0.0104,0.0086,0.0074,0.0064,0.0051,0.0037,0.0027,0.0021,0.0019,0.0016,0.0013,0.0012,0.001,0.0008,0.0006,0.0003,0.0001,0.0,0.0,0.0,0.0,0.0,0.0,0.0,0.0,0.0,0.0,0.0,0.0,0.0,0.0,0.0,0.0,0.0,0.0,0.0,0.0,0.0,0.0,0.0,0.0,0.0,0.0,0.0,0.0,0.0
0.0812,0.08,0.0797,0.0798,0.0805,0.0801,0.0796,0.0786,0.078,0.076,0.0747,0.0724,0.0703,0.0699,0.0689,0.0683,0.0676,0.067,0.0669,0.0668,0.0663,0.0656,0.0651,0.0644,0.064,0.0635,0.0627,0.0609,0.0592,0.0574,0.0561,0.0545,0.0533,0.0514,0.0497,0.0485,0.047,0.045,0.0426,0.0404,0.0384,0.0367,0.0347,0.0335,0.032,0.0299,0.0278,0.0261,0.0237,0.0207,0.0186,0.0166,0.0148,0.0123,0.0097,0.0079,0.006,0.0043,0.003,0.0018,0.0006,0.0003,0.0,0.0,0.0,0.0,0.0,0.0,0.0,0.0,0.0,0.0,0.0,0.0,0.0,0.0,0.0,0.0,0.0,0.0,0.0,0.0,0.0,0.0,0.0,0.0,0.0,0.0,0.0,0.0
0.0877,0.0867,0.086,0.0851,0.084,0.0831,0.0818,0.0817,0.0819,0.0801,0.0778,0.0746,0.0723,0.071,0.071,0.0716,0.0718,0.0712,0.0715,0.0706,0.0713,0.0713,0.0707,0.0704,0.07,0.0698,0.0687,0.0657,0.0622,0.059,0.0566,0.0551,0.0541,0.0518,0.0501,0.0497,0.049,0.047,0.0446,0.042,0.0394,0.0374,0.0351,0.0327,0.0309,0.0292,0.0263,0.0235,0.0207,0.0177,0.0156,0.0131,0.0102,0.008,0.0057,0.0036,0.002,0.0013,0.0008,0.0007,0.0005,0.0003,0.0001,0.0,0.0,0.0,0.0,0.0,0.0,0.0,0.0,0.0,0.0,0.0,0.0,0.0,0.0,0.0,0.0,0.0,0.0,0.0,0.0,0.0,0.0,0.0,0.0,0.0,0.0,0.0
0.1199,0.1191,0.1177,0.1169,0.117,0.1164,0.1157,0.113,0.1088,0.1069,0.1053,0.1042,0.1024,0.0988,0.0958,0.0937,0.0918,0.091,0.0873,0.0839,0.0801,0.0768,0.074,0.0706,0.0677,0.0644,0.0624,0.0613,0.0613,0.0609,0.0599,0.0585,0.056,0.053,0.0503,0.0462,0.04,0.0352,0.0318,0.0301,0.0282,0.0267,0.0257,0.0244,0.023,0.0205,0.0184,0.0168,0.0156,0.0143,0.0137,0.0129,0.0114,0.0101,0.0085,0.0073,0.0069,0.0059,0.0051,0.0043,0.0037,0.003,0.0022,0.0017,0.0015,0.0012,0.0012,0.0013,0.0014,0.0013,0.001,0.0007,0.0004,0.0001,0.0,0.0,0.0,0.0,0.0,0.0,0.0,0.0,0.0,0.0,0.0,0.0,0.0,0.0,0.0,0.0
0.0999,0.0973,0.0953,0.0928,0.0898,0.0871,0.0844,0.079,0.0715,0.0665,0.0639,0.0609,0.0586,0.0563,0.0534,0.0514,0.0493,0.0466,0.0442,0.0428,0.042,0.0407,0.0401,0.0395,0.0386,0.0385,0.0385,0.0383,0.0379,0.0373,0.037,0.0364,0.0363,0.0356,0.0338,0.0325,0.0307,0.0291,0.0276,0.0258,0.0251,0.024,0.023,0.0221,0.0205,0.0187,0.0171,0.0155,0.0146,0.013,0.0119,0.0107,0.009,0.0077,0.0063,0.0052,0.0045,0.0041,0.0038,0.0035,0.0031,0.0027,0.0023,0.0019,0.0017,0.0013,0.0012,0.0009,0.0007,0.0005,0.0004,0.0003,0.0002,0.0001,0.0,0.0,0.0,0.0,0.0,0.0,0.0,0.0,0.0,0.0,0.0,0.0,0.0,0.0,0.0,0.0
0.0893,0.0879,0.0875,0.0855,0.0833,0.0817,0.081,0.0784,0.0752,0.0737,0.0718,0.0706,0.0693,0.0678,0.0653,0.0637,0.0606,0.0575,0.0546,0.053,0.053,0.0523,0.0512,0.0492,0.0472,0.0454,0.046,0.0439,0.0419,0.0405,0.0389,0.0373,0.0351,0.0332,0.0318,0.0299,0.027,0.0224,0.0202,0.0169,0.0144,0.0109,0.0083,0.0068,0.0059,0.0035,0.0025,0.0017,0.0011,0.0006,0.0003,0.0002,0.0001,0.0,0.0,0.0,0.0,0.0,0.0,0.0,0.0,0.0,0.0,0.0,0.0,0.0,0.0,0.0,0.0,0.0,0.0,0.0,0.0,0.0,0.0,0.0,0.0,0.0,0.0,0.0,0.0,0.0,0.0,0.0,0.0,0.0,0.0,0.0,0.0,0.0
0.0936,0.0931,0.0896,0.0859,0.0835,0.0803,0.0768,0.0745,0.0715,0.0678,0.0645,0.0628,0.0609,0.058,0.0552,0.0518,0.0486,0.0452,0.0425,0.0396,0.0372,0.0337,0.03,0.0274,0.0255,0.0229,0.018,0.013,0.0092,0.0066,0.0049,0.003,0.0018,0.0009,0.0006,0.0003,0.0002,0.0003,0.0003,0.0003,0.0002,0.0001,0.0,0.0,0.0,0.0,0.0,0.0,0.0,0.0,0.0,0.0,0.0,0.0,0.0,0.0,0.0,0.0,0.0,0.0,0.0,0.0,0.0,0.0,0.0,0.0,0.0,0.0,0.0,0.0,0.0,0.0,0.0,0.0,0.0,0.0,0.0,0.0,0.0,0.0,0.0,0.0,0.0,0.0,0.0,0.0,0.0,0.0,0.0,0.0
0.0596,0.0531,0.0485,0.0473,0.0459,0.0446,0.0434,0.0425,0.0416,0.0399,0.0386,0.0375,0.037,0.0363,0.0352,0.0334,0.0313,0.0292,0.0278,0.0259,0.0245,0.0233,0.0216,0.0204,0.0192,0.0178,0.0163,0.0129,0.012,0.0115,0.011,0.0103,0.0097,0.0096,0.0092,0.0091,0.0085,0.0076,0.0072,0.007,0.0068,0.0068,0.007,0.0074,0.0079,0.0083,0.008,0.0081,0.0079,0.0074,0.0071,0.007,0.0071,0.0071,0.0075,0.0078,0.0082,0.0088,0.0085,0.0076,0.007,0.0068,0.0066,0.0064,0.0062,0.0064,0.0071,0.0063,0.0062,0.0067,0.0071,0.0079,0.0085,0.0086,0.0083,0.0089,0.0099,0.0109,0.0115,0.0121,0.0139,0.0152,0.016,0.0173,0.0177,0.0181,0.0186,0.0184,0.019,0.0195
0.0807,0.0828,0.086,0.0908,0.0939,0.0962,0.0978,0.0982,0.0997,0.1011,0.1008,0.1016,0.1037,0.1063,0.1064,0.1016,0.0967,0.0909,0.0874,0.084,0.0822,0.0813,0.0788,0.0809,0.0818,0.077,0.0718,0.0721,0.0728,0.0705,0.0693,0.0667,0.0657,0.0678,0.0701,0.0702,0.0689,0.0658,0.0645,0.0656,0.066,0.0667,0.0663,0.0659,0.0657,0.0647,0.061,0.0596,0.0594,0.0585,0.0571,0.0558,0.0549,0.054,0.0521,0.0518,0.0524,0.054,0.0559,0.0561,0.0571,0.0584,0.0595,0.06,0.0615,0.0618,0.061,0.0598,0.0584,0.0579,0.0568,0.0548,0.0531,0.0513,0.0497,0.0476,0.0451,0.0435,0.0418,0.0406,0.0385,0.0365,0.0339,0.0312,0.0299,0.0292,0.0285,0.0263,0.0224,0.0193
0.2013,0.1938,0.1874,0.1838,0.1827,0.1822,0.1815,0.1795,0.1779,0.175,0.1721,0.1691,0.1658,0.1627,0.1611,0.1626,0.1642,0.1649,0.1653,0.1666,0.1677,0.1699,0.167,0.1624,0.1615,0.1631,0.1622,0.1537,0.1495,0.1463,0.1408,0.1335,0.1267,0.1225,0.1176,0.115,0.1127,0.1092,0.1075,0.1087,0.1101,0.1092,0.1077,0.1059,0.1044,0.102,0.101,0.0997,0.0974,0.0948,0.0925,0.0912,0.0885,0.0862,0.0847,0.082,0.0794,0.0768,0.0744,0.0726,0.0678,0.0625,0.0554,0.0506,0.0432,0.0351,0.0278,0.0238,0.021,0.0169,0.0141,0.0124,0.0101,0.0078,0.0073,0.0059,0.0054,0.0041,0.0037,0.0036,0.0029,0.0015,0.0007,0.0003,0.0002,0.0002,0.0001,0.0,0.0,0.0
0.2783,0.2703,0.2605,0.2528,0.2475,0.2444,0.2418,0.2389,0.2354,0.2309,0.2266,0.2233,0.2197,0.2149,0.2136,0.2149,0.2151,0.213,0.21,0.2067,0.2061,0.2071,0.2106,0.2048,0.1979,0.193,0.1886,0.1843,0.1745,0.1691,0.163,0.1583,0.1483,0.1403,0.1333,0.1313,0.1294,0.126,0.1213,0.1181,0.1147,0.1126,0.11,0.1072,0.1047,0.1023,0.099,0.0948,0.0905,0.0861,0.081,0.0758,0.0718,0.0677,0.0628,0.0574,0.0526,0.0483,0.0436,0.0371,0.0322,0.0277,0.0233,0.0201,0.0173,0.0144,0.0126,0.011,0.0097,0.009,0.0085,0.0079,0.0075,0.0073,0.0065,0.0059,0.0053,0.0048,0.0042,0.0035,0.0028,0.0025,0.0023,0.0021,0.0017,0.0013,0.0009,0.0006,0.0005,0.0003
0.3229,0.3176,0.3147,0.3079,0.3043,0.3006,0.2972,0.2955,0.2916,0.2898,0.2896,0.2882,0.2839,0.2783,0.2764,0.2759,0.2755,0.2754,0.2727,0.2701,0.2675,0.2624,0.2601,0.2573,0.2499,0.2449,0.2389,0.2323,0.2235,0.2124,0.2015,0.1985,0.1894,0.1773,0.1684,0.1597,0.1545,0.1509,0.1444,0.1346,0.1257,0.117,0.1106,0.1054,0.1005,0.0945,0.0892,0.0851,0.0819,0.0784,0.0748,0.0711,0.0674,0.0636,0.0599,0.0561,0.0529,0.0487,0.044,0.0414,0.0393,0.0371,0.0346,0.0307,0.03,0.0287,0.0274,0.0261,0.0254,0.025,0.024,0.023,0.0218,0.0232,0.0225,0.0209,0.0213,0.0224,0.0233,0.0253,0.0259,0.0262,0.0269,0.0277,0.0279,0.029,0.0285,0.0323,0.0365,0.0389
0.3701,0.3706,0.3685,0.3652,0.3655,0.3673,0.3686,0.3707,0.3722,0.3743,0.3732,0.3691,0.3674,0.3658,0.3591,0.3516,0.3498,0.3523,0.3524,0.3497,0.3457,0.3378,0.3387,0.3401,0.3364,0.3304,0.3235,0.3156,0.3093,0.3026,0.2959,0.2886,0.281,0.2682,0.255,0.2477,0.2448,0.2403,0.2333,0.225,0.2189,0.2129,0.2081,0.2056,0.2028,0.1987,0.1939,0.1918,0.1913,0.1933,0.1935,0.1908,0.1864,0.1819,0.1786,0.1746,0.1696,0.1643,0.1586,0.1549,0.1527,0.1502,0.1465,0.1417,0.1389,0.1362,0.1356,0.1353,0.1346,0.1336,0.1324,0.1298,0.1282,0.1316,0.1361,0.1393,0.139,0.1381,0.1379,0.1363,0.1346,0.1352,0.1358,0.1367,0.1352,0.1331,0.1368,0.1412,0.144,0.1438
0.4546,0.452,0.4478,0.446,0.4411,0.4389,0.4356,0.4317,0.429,0.4244,0.4239,0.432,0.437,0.4362,0.4289,0.4166,0.4068,0.3977,0.3951,0.3941,0.3909,0.3884,0.3843,0.3824,0.3793,0.3762,0.3728,0.3673,0.3607,0.3533,0.3494,0.3475,0.3442,0.3395,0.3335,0.3259,0.3212,0.3185,0.315,0.3093,0.3029,0.294,0.2835,0.2749,0.2654,0.2583,0.2546,0.2478,0.2395,0.232,0.225,0.2206,0.2137,0.2059,0.2015,0.1997,0.1955,0.1885,0.1817,0.1753,0.1676,0.1616,0.1583,0.1545,0.1469,0.1422,0.1403,0.1365,0.131,0.1264,0.1238,0.1205,0.1181,0.1148,0.114,0.1129,0.1092,0.1061,0.1016,0.0968,0.0948,0.0941,0.0938,0.0937,0.0937,0.092,0.0933,0.0946,0.0934,0.0911
0.4423,0.4445,0.4436,0.4419,0.4371,0.4306,0.423,0.4162,0.4102,0.4094,0.4087,0.4066,0.4028,0.4016,0.4016,0.3973,0.3911,0.3853,0.3775,0.3722,0.3647,0.3596,0.3504,0.3452,0.3433,0.3381,0.3367,0.3351,0.3332,0.324,0.3182,0.3131,0.3124,0.3068,0.302,0.2941,0.2853,0.2769,0.2715,0.2648,0.2607,0.2563,0.249,0.2408,0.2337,0.2271,0.2222,0.216,0.2072,0.1952,0.1853,0.1777,0.1695,0.1619,0.155,0.1482,0.1424,0.1405,0.1357,0.1271,0.1189,0.1121,0.1052,0.0981,0.0909,0.0848,0.0772,0.0713,0.0676,0.065,0.0631,0.063,0.0598,0.0559,0.0508,0.0425,0.0346,0.0266,0.0204,0.0179,0.0178,0.0181,0.0178,0.0177,0.0177,0.0182,0.0184,0.0179,0.015,0.0134
0.4489,0.4463,0.4459,0.4479,0.4463,0.4405,0.4356,0.4285,0.4214,0.4175,0.4103,0.404,0.3953,0.3976,0.399,0.3978,0.3876,0.3779,0.372,0.3702,0.3652,0.3581,0.3489,0.3432,0.3422,0.3379,0.3311,0.3244,0.3149,0.3078,0.2982,0.2867,0.2793,0.2698,0.2591,0.2489,0.2366,0.2239,0.2127,0.2037,0.1907,0.1804,0.1713,0.1585,0.1461,0.1341,0.1243,0.1146,0.104,0.0908,0.0787,0.0674,0.0565,0.0459,0.0376,0.0294,0.0246,0.0188,0.0131,0.0092,0.0068,0.0046,0.0026,0.0011,0.0004,0.0001,0.0,0.0,0.0,0.0,0.0,0.0,0.0,0.0,0.0,0.0,0.0,0.0,0.0,0.0,0.0,0.0,0.0001,0.0001,0.0002,0.0003,0.0005,0.0006,0.0008,0.001
0.3939,0.3857,0.3797,0.3751,0.3732,0.3694,0.3665,0.3693,0.3724,0.3718,0.3675,0.358,0.3514,0.3445,0.3409,0.3414,0.3426,0.338,0.332,0.3255,0.3221,0.3207,0.3161,0.3069,0.301,0.2973,0.2923,0.2896,0.2854,0.2839,0.2776,0.268,0.2591,0.2521,0.2452,0.2374,0.2289,0.2216,0.2126,0.2068,0.1998,0.1904,0.1806,0.169,0.1564,0.1437,0.1338,0.1271,0.1195,0.1117,0.1087,0.104,0.095,0.0859,0.0792,0.0736,0.0672,0.06,0.0486,0.0393,0.033,0.0287,0.0259,0.024,0.0218,0.0214,0.0214,0.0204,0.0217,0.0232,0.0216,0.021,0.0217,0.0235,0.0253,0.0264,0.0279,0.0289,0.0304,0.0316,0.0323,0.033,0.0328,0.0329,0.0326,0.0327,0.0325,0.0325,0.0329,0.0325
0.2846,0.2818,0.281,0.2801,0.282,0.2841,0.286,0.2887,0.2888,0.2859,0.2812,0.2751,0.2682,0.2612,0.257,0.2567,0.2554,0.2547,0.2507,0.2453,0.2436,0.2414,0.2379,0.2303,0.2225,0.2191,0.2147,0.2082,0.2072,0.1999,0.1936,0.1863,0.1771,0.1745,0.1685,0.1565,0.1485,0.1428,0.1345,0.1256,0.1172,0.1056,0.0976,0.0942,0.0912,0.0884,0.084,0.0784,0.0751,0.0728,0.0696,0.0651,0.0607,0.0592,0.058,0.0542,0.05,0.0485,0.0502,0.0493,0.0494,0.0487,0.0478,0.0466,0.046,0.0448,0.0438,0.0441,0.0426,0.041,0.0419,0.0417,0.0411,0.0405,0.0382,0.0366,0.0354,0.034,0.0329,0.0319,0.0318,0.0314,0.031,0.0308,0.0304,0.0298,0.0294,0.0295,0.0295,0.0293
0.215,0.2089,0.2034,0.2008,0.1959,0.1918,0.1891,0.1816,0.1745,0.1674,0.1628,0.1606,0.157,0.1507,0.145,0.1414,0.1398,0.1376,0.1328,0.125,0.1189,0.1139,0.1099,0.1063,0.1007,0.0957,0.0929,0.0901,0.0915,0.0893,0.0843,0.0796,0.0762,0.0778,0.075,0.0726,0.0711,0.0686,0.0659,0.0659,0.0641,0.0625,0.062,0.0613,0.0605,0.0601,0.0579,0.0563,0.055,0.0542,0.0537,0.0516,0.0499,0.0479,0.0463,0.0445,0.0423,0.0404,0.0388,0.0361,0.0353,0.0343,0.0338,0.0341,0.0344,0.034,0.0348,0.0347,0.0342,0.0339,0.0342,0.0337,0.0338,0.0333,0.0326,0.0319,0.0317,0.0322,0.0323,0.0324,0.032,0.0303,0.0296,0.0293,0.0293,0.0295,0.0292,0.0284,0.0275,0.0265
0.1627,0.1614,0.1599,0.1573,0.1545,0.1484,0.1453,0.1429,0.1411,0.139,0.1374,0.1367,0.136,0.1339,0.1308,0.1291,0.129,0.1296,0.1301,0.1295,0.1294,0.1291,0.1266,0.125,0.1233,0.1219,0.1224,0.1219,0.1209,0.1191,0.1175,0.1167,0.1139,0.1139,0.113,0.1107,0.1094,0.1073,0.1048,0.1015,0.0981,0.096,0.0958,0.0961,0.0948,0.0921,0.0896,0.0875,0.085,0.0827,0.0802,0.0785,0.0775,0.076,0.0745,0.0731,0.0725,0.0718,0.0716,0.0702,0.0662,0.0643,0.0613,0.0579,0.0554,0.0537,0.0518,0.0505,0.0486,0.0463,0.045,0.0443,0.0429,0.041,0.0395,0.0391,0.0383,0.036,0.0332,0.0309,0.0292,0.0278,0.0263,0.0242,0.0224,0.0207,0.0183,0.0156,0.0141,0.0131
0.1418,0.1436,0.1443,0.143,0.1388,0.1336,0.1284,0.1249,0.1225,0.1206,0.1184,0.1169,0.1159,0.1161,0.1164,0.1161,0.1178,0.12,0.1202,0.1211,0.1206,0.1186,0.1138,0.1097,0.108,0.1083,0.1086,0.1069,0.105,0.1039,0.103,0.1014,0.0953,0.0942,0.0932,0.0916,0.0894,0.0882,0.0864,0.0837,0.0812,0.0784,0.077,0.0762,0.0762,0.0759,0.0739,0.0724,0.0707,0.0695,0.0699,0.0695,0.0679,0.0668,0.0646,0.0617,0.0599,0.0587,0.057,0.054,0.0509,0.0486,0.0462,0.0443,0.0424,0.0408,0.0389,0.038,0.0372,0.0355,0.0336,0.0318,0.0301,0.0291,0.0275,0.0266,0.0265,0.0248,0.0235,0.0222,0.021,0.0196,0.0181,0.0162,0.0141,0.0114,0.0087,0.0073,0.0061,0.0053
0.2079,0.2048,0.2022,0.1984,0.1952,0.1907,0.186,0.1831,0.1814,0.1816,0.1811,0.1806,0.179,0.1786,0.1738,0.1682,0.1652,0.1597,0.1565,0.1506,0.1455,0.1405,0.1355,0.1324,0.1295,0.1262,0.1235,0.121,0.1183,0.1148,0.1127,0.1065,0.1027,0.0995,0.0971,0.0935,0.0918,0.09,0.0881,0.0855,0.0821,0.08,0.0796,0.0786,0.0765,0.0738,0.0718,0.0698,0.0681,0.067,0.0633,0.0597,0.0584,0.0571,0.0558,0.0544,0.0524,0.0499,0.0472,0.0439,0.0408,0.038,0.0346,0.031,0.0286,0.0271,0.0253,0.0229,0.0219,0.021,0.0204,0.0193,0.0177,0.0165,0.0157,0.0144,0.012,0.0092,0.0071,0.0061,0.0046,0.0039,0.0027,0.0018,0.0009,0.0003,0.0001,0.0,0.0,0.0
0.1812,0.1767,0.1716,0.1676,0.1642,0.1626,0.1605,0.158,0.1543,0.1504,0.1466,0.1436,0.1411,0.1364,0.1338,0.1337,0.1285,0.123,0.1164,0.1101,0.1053,0.1001,0.0943,0.0924,0.0901,0.0866,0.0807,0.0753,0.0728,0.0725,0.074,0.0686,0.0639,0.0606,0.0583,0.0563,0.0546,0.054,0.0532,0.0524,0.0498,0.0481,0.0459,0.0421,0.0388,0.0364,0.0355,0.0351,0.0355,0.0344,0.0309,0.029,0.0277,0.0253,0.0239,0.0224,0.0209,0.0197,0.0195,0.0194,0.017,0.0145,0.012,0.0094,0.0072,0.0053,0.0039,0.0027,0.0023,0.0021,0.0018,0.0014,0.001,0.0007,0.0005,0.0003,0.0002,0.0001,0.0001,0.0,0.0,0.0,0.0,0.0,0.0,0.0,0.0,0.0,0.0,0.0
0.0674,0.0681,0.0676,0.0659,0.063,0.0606,0.0596,0.0588,0.0579,0.0564,0.055,0.054,0.0535,0.0526,0.0521,0.0511,0.0501,0.0492,0.0474,0.0463,0.0456,0.0452,0.0446,0.0435,0.0423,0.0418,0.0412,0.0406,0.0401,0.0402,0.04,0.0398,0.0393,0.0388,0.0384,0.0382,0.0372,0.0359,0.0354,0.0367,0.0363,0.0361,0.0351,0.0329,0.0305,0.0308,0.032,0.0319,0.0317,0.0315,0.0318,0.0325,0.0325,0.0325,0.0323,0.0319,0.031,0.0305,0.03,0.0281,0.0259,0.0237,0.0225,0.024,0.0258,0.0267,0.0272,0.0276,0.0276,0.0269,0.0261,0.0262,0.0269,0.0278,0.0281,0.0278,0.0273,0.0271,0.0272,0.0271,0.0269,0.0267,0.0266,0.0262,0.0254,0.0262,0.0273,0.028,0.0284,0.0285
0.472,0.474,0.4825,0.4915,0.5026,0.5134,0.5193,0.5239,0.5256,0.5248,0.5234,0.5226,0.5214,0.5203,0.5184,0.5123,0.5081,0.5106,0.5117,0.5111,0.5141,0.5165,0.5156,0.5097,0.5058,0.5013,0.4904,0.479,0.475,0.4752,0.4777,0.4773,0.4726,0.4659,0.4608,0.4587,0.4569,0.4516,0.4528,0.4628,0.4693,0.4696,0.4589,0.444,0.4323,0.4226,0.4205,0.4218,0.4247,0.4278,0.4359,0.4477,0.4515,0.4558,0.4622,0.4686,0.4742,0.4752,0.4715,0.4559,0.4464,0.4383,0.432,0.4303,0.4309,0.4353,0.4363,0.4337,0.4349,0.4309,0.4279,0.4336,0.4396,0.4382,0.436,0.4341,0.4321,0.4306,0.4303,0.4274,0.4247,0.425,0.4249,0.4225,0.4201,0.4196,0.4195,0.4188,0.4188,0.4199
0.562,0.5651,0.5676,0.5692,0.568,0.5643,0.563,0.5659,0.5661,0.5656,0.5635,0.5589,0.5542,0.5497,0.5465,0.546,0.548,0.5478,0.5443,0.5395,0.533,0.5291,0.5262,0.5274,0.524,0.5171,0.5112,0.5032,0.4959,0.493,0.4914,0.4925,0.4907,0.4837,0.4769,0.4731,0.473,0.4776,0.4765,0.47,0.46,0.4504,0.4447,0.4446,0.44,0.4357,0.4266,0.4131,0.3994,0.3838,0.3693,0.3441,0.3285,0.3135,0.3015,0.2925,0.2802,0.2608,0.2475,0.2475,0.2453,0.2465,0.244,0.2404,0.2344,0.2248,0.2207,0.2204,0.2165,0.2111,0.2108,0.1993,0.1844,0.1697,0.1723,0.1677,0.1612,0.1586,0.1574,0.1555,0.1517,0.1396,0.1268,0.1253,0.1257,0.1231,0.124,0.125,0.1276,0.1326
0.6139,0.615,0.6072,0.598,0.5843,0.5565,0.5454,0.5366,0.5284,0.5185,0.5108,0.5028,0.4932,0.4817,0.4639,0.4525,0.4447,0.4314,0.4206,0.4132,0.4024,0.3899,0.3715,0.3567,0.3465,0.3387,0.3334,0.3342,0.3308,0.318,0.3078,0.2857,0.2717,0.2725,0.2715,0.2668,0.2602,0.2516,0.2404,0.2274,0.2117,0.1926,0.1889,0.1956,0.1919,0.1905,0.1894,0.1806,0.1735,0.1671,0.1596,0.1418,0.1436,0.1401,0.1371,0.1378,0.1329,0.1275,0.1231,0.1253,0.1347,0.1411,0.1404,0.1374,0.1347,0.13,0.1264,0.1253,0.1212,0.1182,0.113,0.1088,0.1011,0.0993,0.1015,0.0979,0.0922,0.0942,0.0949,0.0903,0.083,0.077,0.0776,0.0805,0.0865,0.09,0.0857,0.0876,0.0899,0.0919
0.5653,0.5532,0.5455,0.5362,0.5263,0.5193,0.5101,0.5051,0.5025,0.4973,0.4898,0.4839,0.4796,0.4739,0.4671,0.4593,0.4491,0.4368,0.4274,0.4079,0.3864,0.3677,0.3544,0.3384,0.32,0.3031,0.2902,0.2768,0.2624,0.2508,0.2446,0.2444,0.2427,0.2427,0.2427,0.2387,0.2295,0.2232,0.2165,0.2115,0.2126,0.2148,0.2154,0.2117,0.2097,0.2047,0.2002,0.1957,0.1918,0.1892,0.1877,0.1897,0.193,0.194,0.1875,0.183,0.1757,0.1712,0.1676,0.1633,0.1573,0.1489,0.1389,0.1293,0.1195,0.1092,0.101,0.0932,0.0844,0.0762,0.0672,0.0604,0.0559,0.0524,0.0471,0.0421,0.0398,0.0369,0.0336,0.0316,0.0303,0.0296,0.0302,0.0303,0.0303,0.0301,0.0302,0.0305,0.0308,0.0309
0.5709,0.5604,0.5515,0.5462,0.5371,0.5284,0.5163,0.5061,0.4969,0.4849,0.4767,0.4727,0.4699,0.464,0.4556,0.4472,0.4414,0.4392,0.4341,0.4252,0.4126,0.3978,0.3867,0.3738,0.364,0.3571,0.3488,0.3421,0.3348,0.3276,0.3134,0.305,0.298,0.2927,0.2908,0.2883,0.2832,0.2737,0.2626,0.2515,0.2382,0.2231,0.21,0.1966,0.1849,0.1744,0.1631,0.152,0.1434,0.1341,0.1219,0.1075,0.0923,0.0767,0.0642,0.0493,0.0393,0.0272,0.0196,0.0171,0.0141,0.0118,0.0097,0.0079,0.0079,0.0082,0.0062,0.0057,0.005,0.0029,0.0017,0.0008,0.0005,0.0004,0.0002,0.0001,0.0001,0.0001,0.0,0.0,0.0,0.0,0.0,0.0,0.0,0.0,0.0,0.0,0.0,0.0
0.4762,0.47,0.4654,0.4571,0.4469,0.4299,0.4169,0.4056,0.3949,0.3862,0.3785,0.3695,0.3593,0.3493,0.3371,0.3258,0.3154,0.3013,0.2853,0.2743,0.2657,0.2537,0.2424,0.2277,0.2154,0.2028,0.1923,0.185,0.1828,0.1754,0.1628,0.1431,0.1261,0.1064,0.0943,0.08,0.0733,0.0677,0.0623,0.0556,0.0442,0.0351,0.0279,0.0243,0.0214,0.0194,0.0184,0.0173,0.0162,0.0149,0.0142,0.0127,0.0102,0.008,0.0052,0.0032,0.0018,0.0006,0.0003,0.0002,0.0001,0.0,0.0,0.0,0.0,0.0,0.0,0.0,0.0,0.0,0.0,0.0,0.0,0.0,0.0,0.0,0.0,0.0,0.0,0.0,0.0,0.0,0.0,0.0,0.0,0.0,0.0,0.0,0.0,0.0
