0.02,0.02,0.02,0.02,0.02,0.02,0.02,0.02,0.02,0.02,0.02,0.02,0.02,0.02,0.01,0.01,0.01,0.01,0.01,0.01,0.01,0.01,0.01,0.01,0.01,0.01,0.01,0.01
0.07,0.07,0.06,0.06,0.06,0.06,0.05,0.05,0.05,0.04,0.04,0.04,0.04,0.03,0.03,0.03,0.03,0.03,0.03,0.02,0.02,0.02,0.02,0.02,0.02,0.02,0.02,0.02
0.01,0.01,0.01,0.01,0.00,0.00,0.00,0.00,0.00,0.00,0.00,0.00,0.00,0.00,0.00,0.00,0.00,0.00,0.00,0.00,0.00,0.00,0.00,0.00,0.00,0.00,0.00,0.00
0.02,0.02,0.01,0.01,0.01,0.01,0.02,0.02,0.01,0.01,0.01,0.01,0.01,0.01,0.01,0.01,0.01,0.01,0.01,0.01,0.01,0.01,0.01,0.01,0.01,0.01,0.01,0.01
0.08,0.08,0.08,0.08,0.08,0.08,0.08,0.08,0.08,0.08,0.08,0.08,0.08,0.08,0.08,0.08,0.08,0.08,0.08,0.07,0.07,0.08,0.08,0.07,0.07,0.07,0.07,0.08
0.05,0.05,0.05,0.05,0.05,0.05,0.05,0.05,0.05,0.05,0.05,0.05,0.05,0.05,0.05,0.05,0.05,0.05,0.05,0.05,0.05,0.05,0.05,0.05,0.05,0.05,0.05,0.05
0.07,0.07,0.07,0.07,0.07,0.07,0.07,0.07,0.07,0.07,0.07,0.07,0.07,0.07,0.07,0.07,0.07,0.07,0.07,0.07,0.07,0.07,0.07,0.07,0.07,0.07,0.07,0.07
0.08,0.08,0.08,0.08,0.08,0.08,0.08,0.08,0.08,0.08,0.08,0.08,0.08,0.08,0.07,0.07,0.07,0.07,0.07,0.07,0.07,0.07,0.07,0.06,0.06,0.06,0.06,0.06
0.06,0.06,0.05,0.05,0.05,0.05,0.04,0.04,0.04,0.04,0.04,0.04,0.04,0.04,0.04,0.04,0.04,0.04,0.04,0.04,0.04,0.04,0.04,0.04,0.04,0.04,0.04,0.04
0.02,0.02,0.02,0.02,0.02,0.02,0.02,0.01,0.01,0.01,0.01,0.01,0.01,0.01,0.01,0.01,0.01,0.01,0.01,0.01,0.01,0.01,0.01,0.01,0.01,0.01,0.01,0.01
0.02,0.02,0.02,0.02,0.01,0.01,0.01,0.01,0.01,0.01,0.01,0.01,0.01,0.01,0.01,0.01,0.01,0.01,0.01,0.00,0.00,0.00,0.00,0.00,0.00,0.00,0.00,0.00
0.00,0.00,0.00,0.00,0.00,0.00,0.00,0.00,0.00,0.00,0.00,0.00,0.00,0.00,0.00,0.00,0.00,0.00,0.00,0.00,0.00,0.00,0.00,0.00,0.00,0.00,0.00,0.00
0.00,0.00,0.00,0.00,0.00,0.00,0.00,0.00,0.00,0.00,0.00,0.00,0.00,0.00,0.00,0.00,0.00,0.00,0.00,0.01,0.01,0.01,0.01,0.00,0.00,0.00,0.00,0.00
0.07,0.07,0.07,0.07,0.07,0.07,0.06,0.06,0.06,0.06,0.06,0.05,0.06,0.06,0.06,0.05,0.06,0.06,0.06,0.06,0.06,0.06,0.06,0.06,0.06,0.06,0.06,0.06
0.04,0.04,0.04,0.04,0.04,0.04,0.04,0.04,0.04,0.04,0.04,0.03,0.03,0.03,0.03,0.03,0.03,0.03,0.03,0.03,0.03,0.03,0.03,0.03,0.03,0.03,0.03,0.03
0.07,0.07,0.07,0.07,0.06,0.06,0.05,0.05,0.05,0.05,0.05,0.05,0.05,0.05,0.05,0.05,0.05,0.05,0.05,0.04,0.04,0.04,0.04,0.04,0.04,0.04,0.04,0.04
0.10,0.10,0.10,0.10,0.10,0.10,0.10,0.09,0.09,0.09,0.09,0.09,0.09,0.09,0.09,0.09,0.09,0.09,0.09,0.09,0.09,0.09,0.09,0.09,0.09,0.09,0.09,0.09
0.12,0.11,0.11,0.10,0.10,0.10,0.10,0.08,0.07,0.07,0.08,0.08,0.07,0.06,0.06,0.06,0.06,0.06,0.05,0.05,0.05,0.05,0.05,0.04,0.04,0.04,0.04,0.04
0.18,0.18,0.17,0.17,0.16,0.16,0.16,0.15,0.15,0.14,0.14,0.15,0.15,0.15,0.15,0.14,0.14,0.14,0.14,0.14,0.14,0.13,0.13,0.13,0.13,0.13,0.13,0.13
0.26,0.25,0.24,0.23,0.22,0.22,0.21,0.21,0.21,0.20,0.20,0.19,0.19,0.19,0.19,0.18,0.18,0.18,0.18,0.18,0.18,0.18,0.18,0.18,0.17,0.17,0.16,0.16
0.24,0.23,0.22,0.22,0.21,0.20,0.20,0.19,0.18,0.18,0.18,0.18,0.17,0.17,0.16,0.16,0.15,0.15,0.14,0.14,0.14,0.14,0.14,0.14,0.14,0.14,0.13,0.13
0.27,0.26,0.25,0.26,0.25,0.24,0.24,0.23,0.22,0.21,0.20,0.20,0.19,0.19,0.18,0.17,0.16,0.16,0.16,0.15,0.15,0.15,0.14,0.14,0.14,0.14,0.15,0.15
0.22,0.21,0.20,0.19,0.18,0.17,0.16,0.16,0.14,0.14,0.13,0.12,0.11,0.10,0.09,0.07,0.07,0.06,0.06,0.05,0.05,0.05,0.05,0.05,0.06,0.06,0.06,0.06
0.03,0.02,0.02,0.02,0.01,0.01,0.01,0.01,0.01,0.01,0.01,0.01,0.01,0.01,0.01,0.01,0.01,0.01,0.01,0.01,0.01,0.01,0.01,0.01,0.01,0.01,0.01,0.01
0.01,0.01,0.01,0.01,0.01,0.01,0.00,0.00,0.00,0.00,0.00,0.00,0.00,0.00,0.00,0.00,0.00,0.00,0.00,0.00,0.00,0.00,0.00,0.00,0.00,0.00,0.00,0.00
0.06,0.05,0.05,0.05,0.05,0.05,0.05,0.05,0.04,0.04,0.04,0.04,0.03,0.03,0.03,0.03,0.03,0.02,0.02,0.02,0.02,0.02,0.02,0.02,0.02,0.02,0.02,0.02
0.04,0.04,0.04,0.03,0.03,0.03,0.03,0.03,0.03,0.03,0.03,0.03,0.03,0.03,0.03,0.03,0.03,0.03,0.03,0.03,0.03,0.03,0.03,0.03,0.03,0.03,0.03,0.03
0.01,0.01,0.01,0.01,0.01,0.01,0.01,0.01,0.01,0.01,0.01,0.01,0.01,0.01,0.01,0.01,0.00,0.00,0.00,0.00,0.00,0.00,0.00,0.00,0.00,0.00,0.00,0.00
0.00,0.00,0.00,0.00,0.00,0.00,0.00,0.00,0.00,0.00,0.00,0.00,0.00,0.00,0.00,0.00,0.00,0.00,0.00,0.00,0.00,0.00,0.00,0.00,0.00,0.00,0.00,0.00
0.06,0.06,0.06,0.06,0.06,0.06,0.06,0.05,0.05,0.05,0.05,0.05,0.05,0.05,0.05,0.05,0.05,0.05,0.05,0.05,0.05,0.05,0.05,0.05,0.05,0.05,0.05,0.05
0.30,0.30,0.28,0.28,0.29,0.29,0.28,0.28,0.28,0.27,0.27,0.27,0.26,0.26,0.26,0.26,0.25,0.25,0.25,0.25,0.26,0.26,0.26,0.26,0.26,0.25,0.25,0.25
0.37,0.37,0.36,0.35,0.35,0.35,0.34,0.35,0.35,0.35,0.34,0.34,0.34,0.34,0.33,0.34,0.34,0.34,0.34,0.34,0.35,0.36,0.36,0.36,0.36,0.36,0.35,0.36
0.43,0.42,0.41,0.40,0.39,0.38,0.38,0.37,0.37,0.37,0.36,0.36,0.36,0.35,0.35,0.35,0.35,0.35,0.34,0.34,0.34,0.34,0.34,0.35,0.35,0.35,0.35,0.35
0.26,0.26,0.24,0.24,0.22,0.22,0.21,0.20,0.19,0.18,0.17,0.16,0.15,0.15,0.13,0.13,0.12,0.11,0.11,0.10,0.10,0.09,0.08,0.08,0.08,0.08,0.07,0.07
0.05,0.04,0.03,0.02,0.01,0.01,0.01,0.01,0.01,0.01,0.00,0.00,0.00,0.00,0.00,0.00,0.00,0.00,0.00,0.00,0.00,0.00,0.00,0.00,0.00,0.00,0.00,0.00
0.08,0.08,0.07,0.07,0.07,0.06,0.06,0.06,0.05,0.05,0.04,0.03,0.03,0.02,0.02,0.01,0.01,0.01,0.01,0.01,0.01,0.01,0.01,0.01,0.01,0.01,0.01,0.01
