0.00,0.00,0.00,0.00,0.00,0.00,0.00,0.00,0.00,0.00,0.00,0.00,0.00,0.00,0.00,0.00,0.00,0.00,0.00,0.00,0.00,0.00,0.00,0.00,0.00,0.00,0.00,0.00
0.00,0.00,0.00,0.00,0.00,0.00,0.00,0.00,0.00,0.00,0.00,0.00,0.00,0.00,0.00,0.00,0.00,0.00,0.00,0.00,0.00,0.00,0.00,0.00,0.00,0.00,0.00,0.00
0.02,0.02,0.02,0.02,0.01,0.01,0.01,0.01,0.01,0.01,0.01,0.01,0.01,0.01,0.01,0.01,0.01,0.01,0.01,0.01,0.01,0.01,0.00,0.00,0.00,0.00,0.00,0.00
0.02,0.02,0.01,0.01,0.01,0.01,0.01,0.01,0.01,0.01,0.01,0.01,0.01,0.01,0.01,0.01,0.01,0.01,0.01,0.01,0.01,0.01,0.01,0.01,0.01,0.01,0.01,0.01
0.01,0.01,0.01,0.01,0.01,0.01,0.01,0.01,0.01,0.01,0.01,0.01,0.01,0.01,0.01,0.01,0.01,0.01,0.01,0.01,0.01,0.01,0.00,0.00,0.00,0.00,0.00,0.00
0.00,0.00,0.00,0.00,0.00,0.00,0.00,0.00,0.00,0.00,0.00,0.00,0.00,0.00,0.00,0.00,0.00,0.00,0.00,0.00,0.00,0.00,0.00,0.00,0.00,0.00,0.00,0.00
0.01,0.01,0.01,0.01,0.01,0.01,0.01,0.01,0.01,0.01,0.01,0.01,0.01,0.01,0.01,0.01,0.01,0.01,0.01,0.00,0.01,0.00,0.01,0.01,0.00,0.01,0.01,0.00
0.01,0.01,0.01,0.01,0.01,0.01,0.01,0.01,0.00,0.00,0.00,0.00,0.00,0.00,0.00,0.00,0.00,0.00,0.00,0.00,0.00,0.00,0.00,0.00,0.00,0.00,0.00,0.00
0.02,0.02,0.02,0.02,0.02,0.02,0.02,0.02,0.01,0.01,0.01,0.01,0.01,0.02,0.02,0.01,0.01,0.01,0.01,0.01,0.01,0.01,0.01,0.01,0.01,0.01,0.01,0.01
0.00,0.00,0.00,0.00,0.00,0.00,0.00,0.00,0.00,0.00,0.00,0.00,0.00,0.00,0.00,0.00,0.00,0.00,0.00,0.00,0.00,0.00,0.00,0.00,0.00,0.00,0.00,0.00
0.00,0.00,0.00,0.00,0.00,0.00,0.00,0.00,0.00,0.00,0.00,0.00,0.00,0.00,0.00,0.00,0.00,0.00,0.00,0.00,0.00,0.00,0.00,0.00,0.00,0.00,0.00,0.00
0.03,0.03,0.03,0.03,0.03,0.03,0.03,0.03,0.03,0.03,0.02,0.02,0.03,0.03,0.03,0.03,0.03,0.03,0.03,0.03,0.03,0.03,0.03,0.02,0.03,0.03,0.03,0.03
0.03,0.03,0.03,0.03,0.03,0.03,0.03,0.03,0.03,0.03,0.03,0.02,0.03,0.03,0.03,0.03,0.03,0.03,0.03,0.03,0.03,0.03,0.03,0.03,0.02,0.02,0.02,0.02
0.02,0.01,0.01,0.01,0.02,0.01,0.01,0.01,0.01,0.01,0.01,0.01,0.01,0.01,0.01,0.01,0.01,0.01,0.01,0.02,0.01,0.01,0.01,0.01,0.01,0.01,0.01,0.01
0.02,0.02,0.02,0.01,0.01,0.01,0.01,0.01,0.01,0.01,0.02,0.01,0.02,0.02,0.02,0.02,0.02,0.02,0.02,0.02,0.01,0.02,0.02,0.02,0.02,0.02,0.02,0.02
0.08,0.08,0.07,0.07,0.07,0.07,0.06,0.07,0.07,0.08,0.08,0.07,0.07,0.07,0.07,0.07,0.07,0.07,0.07,0.07,0.07,0.06,0.07,0.07,0.07,0.07,0.07,0.07
0.05,0.05,0.05,0.04,0.04,0.04,0.04,0.04,0.04,0.05,0.05,0.05,0.05,0.04,0.04,0.05,0.04,0.04,0.04,0.04,0.04,0.04,0.04,0.03,0.03,0.03,0.04,0.03
0.00,0.00,0.00,0.00,0.00,0.00,0.00,0.00,0.00,0.00,0.00,0.00,0.00,0.00,0.00,0.00,0.00,0.00,0.00,0.00,0.00,0.00,0.00,0.00,0.00,0.00,0.00,0.00
0.00,0.00,0.00,0.00,0.00,0.00,0.00,0.00,0.00,0.00,0.00,0.00,0.00,0.00,0.00,0.00,0.00,0.00,0.00,0.00,0.00,0.00,0.00,0.00,0.00,0.00,0.00,0.00
0.01,0.01,0.01,0.01,0.01,0.01,0.01,0.01,0.01,0.01,0.01,0.00,0.00,0.00,0.00,0.00,0.00,0.00,0.00,0.00,0.00,0.00,0.00,0.00,0.00,0.00,0.00,0.00
0.01,0.01,0.01,0.01,0.01,0.00,0.00,0.00,0.00,0.00,0.00,0.00,0.00,0.00,0.00,0.00,0.00,0.00,0.00,0.00,0.00,0.00,0.00,0.00,0.00,0.00,0.00,0.00
0.01,0.01,0.01,0.01,0.01,0.01,0.01,0.01,0.01,0.01,0.01,0.01,0.01,0.01,0.01,0.01,0.01,0.01,0.01,0.01,0.01,0.01,0.01,0.01,0.01,0.00,0.00,0.00
0.02,0.01,0.01,0.01,0.01,0.01,0.01,0.01,0.00,0.00,0.00,0.00,0.01,0.01,0.01,0.01,0.01,0.01,0.01,0.01,0.00,0.00,0.01,0.01,0.01,0.00,0.00,0.00
0.02,0.02,0.02,0.02,0.01,0.01,0.01,0.01,0.01,0.01,0.01,0.01,0.01,0.01,0.01,0.01,0.00,0.00,0.00,0.00,0.00,0.00,0.01,0.01,0.01,0.01,0.01,0.01
0.05,0.05,0.05,0.05,0.05,0.05,0.05,0.05,0.05,0.05,0.05,0.05,0.05,0.05,0.06,0.05,0.05,0.05,0.05,0.05,0.05,0.05,0.06,0.06,0.06,0.07,0.06,0.06
0.07,0.07,0.07,0.07,0.07,0.07,0.07,0.07,0.08,0.08,0.07,0.07,0.07,0.07,0.07,0.07,0.07,0.07,0.06,0.06,0.06,0.06,0.07,0.07,0.07,0.07,0.07,0.07
0.06,0.06,0.06,0.06,0.06,0.06,0.06,0.06,0.06,0.07,0.07,0.06,0.06,0.06,0.06,0.06,0.06,0.05,0.05,0.05,0.04,0.04,0.04,0.04,0.04,0.04,0.04,0.04
0.02,0.02,0.01,0.01,0.01,0.01,0.00,0.00,0.01,0.01,0.01,0.00,0.00,0.00,0.00,0.00,0.00,0.00,0.00,0.00,0.00,0.00,0.00,0.00,0.00,0.00,0.00,0.00
0.01,0.01,0.01,0.01,0.01,0.01,0.01,0.01,0.01,0.01,0.01,0.01,0.01,0.01,0.01,0.01,0.01,0.01,0.01,0.00,0.00,0.01,0.00,0.00,0.00,0.00,0.01,0.00
0.00,0.00,0.00,0.00,0.00,0.00,0.00,0.00,0.00,0.00,0.00,0.00,0.00,0.00,0.00,0.00,0.00,0.00,0.00,0.00,0.00,0.00,0.00,0.00,0.00,0.00,0.00,0.00
0.43,0.44,0.44,0.44,0.44,0.44,0.44,0.44,0.44,0.43,0.43,0.43,0.43,0.43,0.43,0.42,0.43,0.42,0.43,0.43,0.43,0.42,0.43,0.43,0.43,0.43,0.43,0.43
0.32,0.31,0.30,0.29,0.29,0.30,0.29,0.29,0.29,0.30,0.30,0.30,0.31,0.30,0.30,0.31,0.30,0.30,0.30,0.31,0.32,0.32,0.32,0.32,0.33,0.33,0.34,0.34
0.09,0.08,0.08,0.08,0.07,0.07,0.08,0.07,0.07,0.07,0.07,0.07,0.08,0.08,0.07,0.07,0.08,0.07,0.08,0.09,0.11,0.12,0.13,0.13,0.13,0.14,0.15,0.15
0.01,0.01,0.01,0.01,0.00,0.00,0.00,0.00,0.00,0.00,0.00,0.00,0.00,0.00,0.00,0.00,0.00,0.00,0.00,0.00,0.01,0.01,0.02,0.02,0.02,0.02,0.03,0.03
0.01,0.01,0.01,0.00,0.00,0.00,0.00,0.00,0.00,0.00,0.00,0.00,0.00,0.00,0.00,0.00,0.00,0.00,0.00,0.00,0.00,0.00,0.00,0.00,0.00,0.00,0.00,0.00
0.00,0.00,0.00,0.00,0.00,0.00,0.00,0.00,0.00,0.00,0.00,0.00,0.00,0.00,0.00,0.00,0.00,0.00,0.00,0.00,0.00,0.00,0.00,0.00,0.00,0.00,0.00,0.00
