0.302,0.2876,0.2752,0.2633,0.2507,0.234,0.2213,0.2102,0.1983,0.1831,0.1656,0.155,0.1471,0.1391,0.133,0.1268,0.12,0.1129,0.1062,0.1006,0.0921,0.08,0.0712,0.0616,0.0566,0.0566,0.0617,0.0607,0.0582,0.0529,0.0468,0.0394,0.033,0.0263,0.0221,0.0157,0.0135,0.0124,0.0099,0.0067,0.0045,0.0021,0.0004,0.0,0.0,0.0,0.0,0.0,0.0001,0.0004,0.0019,0.0053,0.0046,0.0034,0.0023,0.0016,0.0017,0.0014,0.002,0.0025,0.0028,0.0034,0.0041,0.0043,0.0043,0.0024,0.0042,0.0057,0.0068,0.0079,0.009,0.0108,0.0131,0.0138,0.0144,0.0147,0.0153,0.0165,0.0183,0.0218,0.0233,0.0187,0.0188,0.0242,0.0219,0.0175,0.0178,0.0198,0.0237,0.0201
0.3866,0.3756,0.3684,0.362,0.3546,0.3472,0.3359,0.3273,0.3181,0.3046,0.2837,0.2748,0.2687,0.2637,0.2535,0.2365,0.2177,0.1993,0.1807,0.1674,0.1485,0.132,0.1156,0.0992,0.0839,0.0739,0.0642,0.0586,0.0503,0.0443,0.0351,0.027,0.025,0.0253,0.0254,0.0268,0.0253,0.0248,0.025,0.0263,0.0286,0.0293,0.0309,0.0294,0.0332,0.0377,0.0409,0.0433,0.0427,0.0431,0.0462,0.0459,0.0437,0.0424,0.0427,0.0436,0.0452,0.0465,0.0463,0.0451,0.0451,0.0462,0.0474,0.047,0.045,0.0464,0.0465,0.0473,0.0464,0.0439,0.0422,0.0417,0.0457,0.0472,0.0467,0.0475,0.0484,0.0479,0.0482,0.0475,0.0482,0.0491,0.0488,0.0515,0.0523,0.0471,0.0438,0.0432,0.0467,0.0502
0.4522,0.442,0.4365,0.4325,0.426,0.4173,0.4093,0.4059,0.4021,0.3927,0.3785,0.37,0.3636,0.3544,0.3463,0.3418,0.3327,0.3191,0.3012,0.2848,0.2762,0.2596,0.2448,0.2257,0.2068,0.1932,0.1831,0.173,0.1543,0.1421,0.1328,0.1231,0.114,0.109,0.1067,0.1021,0.1015,0.1053,0.1055,0.1043,0.1029,0.1016,0.1012,0.0991,0.098,0.0974,0.0956,0.0927,0.0913,0.0899,0.0874,0.0841,0.0825,0.0805,0.0773,0.0731,0.0718,0.0715,0.0704,0.07,0.0708,0.0727,0.0732,0.0722,0.0706,0.0696,0.0704,0.0692,0.067,0.0651,0.0604,0.0499,0.0438,0.0409,0.0382,0.0363,0.0351,0.0359,0.035,0.0344,0.034,0.0324,0.0314,0.03,0.0296,0.0264,0.0243,0.0237,0.0237,0.0265
0.3697,0.3621,0.3496,0.34,0.3343,0.3298,0.3269,0.3267,0.3303,0.3317,0.3279,0.3172,0.3057,0.2974,0.2934,0.2896,0.2871,0.2817,0.277,0.2724,0.2682,0.2638,0.2608,0.2595,0.2572,0.2539,0.2495,0.2422,0.2291,0.2197,0.2118,0.2046,0.1965,0.1897,0.1832,0.177,0.1709,0.1599,0.1507,0.143,0.1362,0.1325,0.1309,0.1271,0.1224,0.1198,0.1171,0.1147,0.113,0.1135,0.114,0.1132,0.1114,0.1063,0.1014,0.0976,0.0929,0.0897,0.0844,0.0793,0.0742,0.072,0.0703,0.0673,0.0645,0.0618,0.0626,0.0627,0.0604,0.0581,0.0546,0.0506,0.0467,0.0441,0.0433,0.0418,0.0405,0.0385,0.0349,0.032,0.0297,0.0269,0.0256,0.0238,0.0205,0.021,0.0224,0.0223,0.0214,0.0206
0.2521,0.2476,0.2405,0.2377,0.2376,0.2346,0.2326,0.2301,0.2292,0.2314,0.2326,0.2267,0.2128,0.2015,0.1941,0.1879,0.1813,0.1738,0.1667,0.159,0.1505,0.1406,0.1319,0.1287,0.1256,0.1222,0.1185,0.114,0.1093,0.1041,0.1012,0.0989,0.0976,0.0929,0.0892,0.0843,0.0792,0.0715,0.0662,0.0633,0.0601,0.0567,0.054,0.0504,0.0477,0.0423,0.0393,0.0356,0.0321,0.0286,0.0263,0.0248,0.023,0.0196,0.0168,0.0152,0.0112,0.008,0.0048,0.0026,0.0013,0.0002,0.0,0.0,0.0001,0.0005,0.0001,0.0,0.0,0.0,0.0,0.0,0.0,0.0,0.0,0.0,0.0,0.0,0.0,0.0,0.0,0.0,0.0,0.0,0.0,0.0,0.0,0.0,0.0,0.0
0.1609,0.1591,0.1552,0.15,0.1436,0.1347,0.1252,0.1215,0.1184,0.1166,0.113,0.1097,0.1021,0.0926,0.084,0.0751,0.0712,0.0646,0.0601,0.0561,0.0546,0.0486,0.0455,0.0432,0.0373,0.0307,0.0281,0.0278,0.0267,0.024,0.021,0.014,0.0093,0.0076,0.0067,0.0057,0.0044,0.0035,0.0028,0.0024,0.0023,0.0023,0.0024,0.0022,0.0018,0.0005,0.0,0.0,0.0,0.0,0.0,0.0,0.0,0.0,0.0,0.0,0.0,0.0,0.0,0.0,0.0,0.0,0.0,0.0,0.0,0.0,0.0,0.0,0.0,0.0,0.0,0.0,0.0,0.0,0.0,0.0,0.0,0.0,0.0,0.0,0.0,0.0,0.0,0.0,0.0,0.0,0.0,0.0,0.0,0.0
0.1165,0.1117,0.1065,0.0995,0.0946,0.0888,0.0804,0.0767,0.0752,0.073,0.0693,0.0645,0.062,0.0585,0.0552,0.0508,0.0503,0.0484,0.0453,0.0408,0.0376,0.0368,0.0364,0.0342,0.0296,0.0264,0.0223,0.0196,0.0168,0.0135,0.0107,0.0083,0.0066,0.006,0.0053,0.0043,0.004,0.0035,0.0027,0.0014,0.0003,0.0,0.0,0.0,0.0,0.0,0.0,0.0,0.0,0.0,0.0,0.0,0.0,0.0,0.0,0.0,0.0,0.0,0.0,0.0,0.0,0.0,0.0,0.0,0.0,0.0,0.0,0.0,0.0,0.0,0.0,0.0,0.0,0.0,0.0,0.0,0.0,0.0,0.0,0.0,0.0,0.0,0.0,0.0,0.0,0.0,0.0,0.0,0.0,0.0
0.1669,0.1603,0.1542,0.1516,0.1473,0.1414,0.135,0.1315,0.1264,0.1212,0.1156,0.1107,0.1054,0.1011,0.0968,0.0933,0.0893,0.0863,0.0817,0.0772,0.0733,0.0674,0.0604,0.0546,0.0452,0.038,0.0313,0.0261,0.0218,0.0196,0.0169,0.0133,0.0111,0.0091,0.0075,0.0065,0.0049,0.003,0.0017,0.0004,0.0,0.0,0.0,0.0,0.0,0.0,0.0,0.0,0.0,0.0,0.0,0.0,0.0,0.0,0.0,0.0,0.0,0.0,0.0,0.0,0.0,0.0,0.0,0.0,0.0,0.0,0.0,0.0,0.0,0.0,0.0,0.0,0.0,0.0,0.0,0.0,0.0,0.0,0.0,0.0,0.0,0.0,0.0,0.0,0.0,0.0,0.0,0.0,0.0,0.0
0.0987,0.0928,0.0879,0.0854,0.079,0.0727,0.0694,0.0665,0.0595,0.0562,0.0528,0.0463,0.0412,0.0372,0.0331,0.0315,0.0299,0.0261,0.0219,0.0174,0.0138,0.0122,0.0114,0.0096,0.0081,0.0075,0.0062,0.0052,0.0039,0.0026,0.0014,0.0007,0.0001,0.0,0.0,0.0,0.0,0.0,0.0,0.0,0.0,0.0,0.0,0.0,0.0,0.0,0.0,0.0,0.0,0.0,0.0,0.0,0.0,0.0,0.0,0.0,0.0,0.0,0.0,0.0,0.0,0.0,0.0,0.0,0.0,0.0,0.0,0.0,0.0,0.0,0.0,0.0,0.0,0.0,0.0,0.0,0.0,0.0,0.0,0.0,0.0,0.0,0.0,0.0,0.0,0.0,0.0,0.0,0.0,0.0
0.1275,0.1215,0.1163,0.1146,0.1091,0.1031,0.0995,0.0933,0.0873,0.0865,0.0785,0.0712,0.0666,0.0636,0.0601,0.054,0.0482,0.0427,0.0406,0.0389,0.0361,0.0341,0.032,0.0248,0.0174,0.0135,0.013,0.0117,0.0107,0.0095,0.0088,0.0101,0.0113,0.0102,0.0083,0.0076,0.0073,0.0066,0.007,0.0066,0.0054,0.0045,0.0039,0.0031,0.0024,0.0017,0.0012,0.0016,0.0006,0.0,0.0,0.0,0.0,0.0,0.0,0.0,0.0,0.0,0.0,0.0,0.0,0.0,0.0,0.0,0.0003,0.0014,0.0013,0.0006,0.0,0.0,0.0015,0.0019,0.001,0.0002,0.0001,0.0,0.0,0.0,0.0,0.0,0.0,0.0,0.0,0.0,0.0,0.0,0.0,0.0,0.0,0.0
0.1125,0.1102,0.108,0.1061,0.1047,0.1014,0.0988,0.094,0.0936,0.0904,0.0802,0.0739,0.0698,0.0681,0.068,0.0649,0.0604,0.0584,0.0583,0.0595,0.06,0.0603,0.0602,0.0607,0.059,0.0554,0.0526,0.051,0.0496,0.0462,0.0446,0.042,0.0396,0.0373,0.0346,0.0328,0.029,0.0274,0.0272,0.0238,0.0224,0.0222,0.0199,0.0169,0.0156,0.015,0.0142,0.013,0.0106,0.0084,0.0099,0.0099,0.0114,0.0137,0.0131,0.013,0.0134,0.0138,0.0135,0.0139,0.0122,0.011,0.0102,0.0093,0.0089,0.0071,0.0061,0.0049,0.004,0.0022,0.0015,0.0009,0.0011,0.0004,0.0001,0.0,0.0001,0.0,0.0,0.0,0.0,0.0,0.0,0.0,0.0,0.0,0.0,0.0,0.0,0.0
0.0672,0.0665,0.0665,0.0653,0.0645,0.0645,0.0652,0.0665,0.0656,0.0628,0.0556,0.0527,0.0539,0.0507,0.0491,0.0501,0.051,0.0497,0.0473,0.0461,0.0461,0.0463,0.0451,0.0445,0.0441,0.0434,0.0433,0.0423,0.0406,0.0401,0.0405,0.0389,0.0384,0.0377,0.0374,0.0362,0.035,0.0341,0.0339,0.0326,0.0293,0.0257,0.0253,0.0199,0.0179,0.017,0.0158,0.013,0.011,0.009,0.006,0.0063,0.0052,0.0036,0.0043,0.0034,0.0028,0.0014,0.0006,0.0023,0.0022,0.0009,0.0001,0.0,0.0,0.0,0.0,0.0,0.0,0.0,0.0,0.0,0.0,0.0,0.0,0.0,0.0,0.0,0.0,0.0,0.0,0.0,0.0,0.0,0.0,0.0,0.0,0.0,0.0,0.0
0.0684,0.0675,0.0667,0.0657,0.066,0.0661,0.0629,0.0619,0.0624,0.0612,0.057,0.0561,0.0532,0.0485,0.036,0.0259,0.0221,0.0213,0.0214,0.0189,0.0183,0.0184,0.0182,0.0179,0.0171,0.0162,0.0158,0.0161,0.0154,0.0156,0.0162,0.0162,0.0161,0.015,0.014,0.0123,0.0109,0.0099,0.008,0.0051,0.0028,0.0022,0.0016,0.0003,0.0002,0.0001,0.0,0.0,0.0,0.0,0.0,0.0,0.0,0.0,0.0,0.0,0.0,0.0,0.0,0.0,0.0,0.0,0.0,0.0,0.0,0.0,0.0,0.0,0.0,0.0,0.0,0.0,0.0,0.0,0.0,0.0,0.0,0.0,0.0,0.0,0.0,0.0,0.0,0.0,0.0,0.0,0.0,0.0,0.0,0.0
0.0423,0.0426,0.0447,0.0443,0.0403,0.0382,0.0357,0.034,0.0355,0.0343,0.0272,0.0158,0.0188,0.0218,0.0148,0.0091,0.008,0.009,0.0096,0.0072,0.0064,0.0074,0.007,0.0071,0.0043,0.0024,0.0011,0.0,0.0,0.0,0.0,0.0,0.0004,0.0007,0.0001,0.0009,0.0031,0.0044,0.0063,0.0054,0.0057,0.0055,0.0042,0.0043,0.0037,0.0029,0.0026,0.0023,0.0017,0.0013,0.0011,0.0011,0.0013,0.0004,0.0,0.0,0.0,0.0,0.0,0.0,0.0,0.0,0.0,0.0,0.0,0.0,0.0,0.0,0.0,0.0,0.0,0.0,0.0,0.0,0.0,0.0,0.0,0.0,0.0,0.0,0.0,0.0,0.0,0.0,0.0,0.0,0.0,0.0,0.0,0.0
0.0523,0.0483,0.0466,0.0415,0.0389,0.0363,0.0335,0.0313,0.0293,0.0276,0.0233,0.0224,0.02,0.0172,0.0157,0.0144,0.0135,0.014,0.0138,0.0141,0.0159,0.0156,0.0153,0.0158,0.0162,0.0146,0.0141,0.0145,0.014,0.0141,0.0136,0.0132,0.013,0.0144,0.0169,0.0206,0.0228,0.0238,0.0239,0.0221,0.0192,0.0172,0.0174,0.0148,0.0117,0.0105,0.0103,0.0079,0.0066,0.0071,0.0075,0.0074,0.0053,0.0026,0.0011,0.0007,0.0014,0.0006,0.0001,0.0,0.0,0.0,0.0,0.0,0.0,0.0,0.0,0.0,0.0,0.0,0.0,0.0,0.0,0.0,0.0,0.0,0.0,0.0,0.0,0.0,0.0,0.0,0.0,0.0,0.0,0.0,0.0,0.0,0.0,0.0
0.1223,0.1158,0.1124,0.1093,0.1066,0.102,0.0996,0.0956,0.0895,0.0848,0.0805,0.0784,0.0784,0.0784,0.0806,0.074,0.0725,0.0721,0.0751,0.0712,0.065,0.0583,0.0525,0.0461,0.041,0.039,0.0358,0.0362,0.0364,0.0341,0.0328,0.0342,0.0367,0.0372,0.0378,0.04,0.0391,0.0348,0.0305,0.0288,0.0264,0.024,0.0204,0.0189,0.0174,0.0174,0.0174,0.0156,0.0135,0.0117,0.0089,0.0073,0.0067,0.0038,0.0026,0.0027,0.0019,0.0009,0.001,0.0,0.0,0.0,0.0,0.0,0.0,0.0,0.0,0.0,0.0,0.0,0.0,0.0,0.0,0.0,0.0,0.0,0.0,0.0,0.0,0.0,0.0,0.0,0.0,0.0,0.0,0.0,0.0,0.0,0.0,0.0
0.2412,0.2313,0.2147,0.2118,0.2103,0.2037,0.1977,0.1937,0.1832,0.1747,0.1663,0.1617,0.1651,0.1661,0.1595,0.1536,0.1478,0.1419,0.1363,0.1322,0.1205,0.1061,0.0942,0.0854,0.0779,0.0747,0.0743,0.0726,0.0676,0.0627,0.059,0.0553,0.0531,0.0524,0.0449,0.0403,0.037,0.0318,0.0286,0.028,0.0255,0.0228,0.0193,0.0151,0.0151,0.0155,0.0156,0.0155,0.0157,0.0134,0.0114,0.0099,0.0093,0.0087,0.0076,0.0068,0.0057,0.0048,0.0041,0.0025,0.0016,0.0012,0.0015,0.0009,0.0,0.0,0.0,0.0,0.0,0.0,0.0,0.0,0.0,0.0,0.0,0.0,0.0,0.0,0.0,0.0,0.0,0.0,0.0,0.0,0.0,0.0,0.0,0.0,0.0,0.0
0.3437,0.3373,0.3291,0.3159,0.3072,0.3064,0.3025,0.2962,0.2889,0.2785,0.2643,0.2526,0.2386,0.2286,0.2188,0.2119,0.2087,0.2048,0.1973,0.1893,0.1814,0.1743,0.1654,0.1556,0.146,0.1375,0.1304,0.1224,0.112,0.1042,0.101,0.1,0.1031,0.103,0.0999,0.0947,0.0879,0.0818,0.0764,0.0718,0.067,0.0595,0.0498,0.0387,0.0293,0.0238,0.02,0.0171,0.0158,0.0153,0.0147,0.0136,0.0121,0.0099,0.0083,0.0073,0.0062,0.0059,0.0044,0.003,0.0019,0.0011,0.001,0.0008,0.0,0.0,0.0,0.0,0.0,0.0,0.0,0.0,0.0,0.0,0.0,0.0,0.0,0.0,0.0,0.0,0.0,0.0,0.0,0.0,0.0,0.0,0.0,0.0,0.0,0.0
0.3822,0.3767,0.3711,0.3667,0.3509,0.3448,0.3443,0.3418,0.3392,0.3316,0.3208,0.3073,0.3006,0.2988,0.2895,0.283,0.2745,0.2704,0.262,0.255,0.2396,0.2259,0.2146,0.2032,0.1941,0.1823,0.1719,0.1589,0.1454,0.135,0.1275,0.1213,0.1205,0.1208,0.1192,0.1146,0.1017,0.0882,0.0763,0.0612,0.0506,0.0456,0.0423,0.0386,0.0395,0.0407,0.0393,0.0375,0.0378,0.0372,0.0349,0.0328,0.0309,0.0307,0.0313,0.0303,0.0292,0.0288,0.0283,0.0259,0.0261,0.0273,0.0281,0.0275,0.0268,0.0261,0.0245,0.0236,0.021,0.0172,0.0174,0.0175,0.0167,0.0155,0.014,0.0119,0.0127,0.0123,0.0117,0.0116,0.0118,0.0116,0.0124,0.0124,0.0111,0.0096,0.0086,0.0086,0.0096,0.0104
0.4379,0.4387,0.4339,0.431,0.4269,0.416,0.4104,0.4098,0.4114,0.4092,0.4047,0.4005,0.3928,0.3862,0.3786,0.3725,0.3614,0.3537,0.3515,0.3476,0.3469,0.3365,0.3291,0.327,0.3241,0.3187,0.3134,0.3089,0.3008,0.2912,0.2817,0.2719,0.2646,0.2599,0.2567,0.2516,0.2439,0.2426,0.2382,0.2309,0.2238,0.2166,0.2131,0.211,0.2082,0.2047,0.2001,0.1961,0.1918,0.1852,0.1783,0.1712,0.1633,0.1568,0.1512,0.1466,0.1408,0.1332,0.1232,0.1142,0.1086,0.1029,0.093,0.0844,0.075,0.0666,0.0584,0.0546,0.0483,0.0421,0.04,0.0357,0.0331,0.0309,0.0306,0.0291,0.0276,0.0248,0.0235,0.0203,0.0154,0.0138,0.0117,0.0094,0.0067,0.0049,0.0043,0.0043,0.0051,0.0042
0.3,0.2995,0.3012,0.3009,0.3033,0.2989,0.2944,0.2922,0.2914,0.2915,0.292,0.2914,0.289,0.2868,0.2864,0.2839,0.2807,0.2724,0.2686,0.2674,0.27,0.2687,0.2688,0.2666,0.2675,0.2671,0.2632,0.2596,0.2596,0.2573,0.2537,0.2474,0.2376,0.2263,0.2117,0.2017,0.1949,0.1906,0.1854,0.1818,0.1774,0.1674,0.1554,0.143,0.1306,0.1181,0.1044,0.095,0.0848,0.0752,0.0676,0.0602,0.0538,0.0471,0.041,0.0347,0.0282,0.0235,0.021,0.0192,0.0167,0.0122,0.0089,0.0066,0.005,0.0037,0.0026,0.0019,0.0017,0.0016,0.0013,0.0013,0.0009,0.0002,0.0004,0.0002,0.0006,0.0002,0.0002,0.0005,0.0005,0.0001,0.0,0.0,0.0,0.0,0.0,0.0,0.0,0.0
0.3494,0.3436,0.34,0.3384,0.3396,0.33,0.3135,0.3013,0.2943,0.2939,0.29,0.2843,0.2816,0.2749,0.2697,0.264,0.2581,0.2455,0.2392,0.2351,0.2291,0.2203,0.2141,0.2104,0.2034,0.1948,0.1865,0.1785,0.1728,0.1652,0.1545,0.1455,0.1347,0.1283,0.1213,0.1129,0.1052,0.0939,0.0829,0.0737,0.0637,0.0563,0.048,0.041,0.0381,0.034,0.0302,0.0255,0.0195,0.0144,0.0093,0.0074,0.0045,0.0034,0.0028,0.002,0.0014,0.0007,0.0,0.0,0.0,0.0,0.0,0.0,0.0,0.0,0.0,0.0,0.0,0.0,0.0,0.0,0.0,0.0,0.0,0.0,0.0,0.0,0.0,0.0,0.0,0.0,0.0,0.0,0.0,0.0,0.0,0.0,0.0,0.0
0.3839,0.3781,0.3729,0.3695,0.3656,0.3654,0.3598,0.3466,0.3354,0.3273,0.3216,0.3171,0.3113,0.3054,0.3,0.2926,0.2863,0.2778,0.2692,0.2633,0.2582,0.2516,0.2448,0.2379,0.2284,0.2181,0.207,0.1942,0.1855,0.1755,0.1628,0.1522,0.145,0.1408,0.1323,0.1235,0.1119,0.1028,0.096,0.0852,0.0779,0.0672,0.0565,0.0472,0.0451,0.0441,0.0397,0.0333,0.0293,0.0245,0.0227,0.0209,0.0188,0.0175,0.0179,0.019,0.0187,0.0155,0.014,0.0138,0.0139,0.0132,0.0119,0.0111,0.0098,0.0086,0.0082,0.0068,0.0064,0.0068,0.0063,0.0032,0.0028,0.0021,0.0015,0.0009,0.0006,0.0001,0.0001,0.0003,0.0004,0.0003,0.0005,0.0003,0.0,0.0,0.0,0.0,0.0,0.0
0.3143,0.3118,0.3066,0.2991,0.296,0.2989,0.2998,0.3009,0.2976,0.2937,0.2931,0.2918,0.2885,0.2853,0.2828,0.2815,0.2757,0.2662,0.2605,0.254,0.2448,0.2353,0.2252,0.217,0.2111,0.2046,0.1985,0.1931,0.1885,0.1815,0.1682,0.1588,0.149,0.1284,0.1182,0.1146,0.1066,0.0941,0.082,0.0725,0.0662,0.0593,0.0525,0.0499,0.0466,0.0428,0.0389,0.0337,0.0294,0.0243,0.0201,0.0168,0.0121,0.011,0.01,0.0095,0.0088,0.009,0.0088,0.0073,0.0067,0.0061,0.0057,0.0046,0.0042,0.0027,0.0012,0.0009,0.0002,0.0,0.0,0.0,0.0,0.0,0.0,0.0,0.0,0.0,0.0,0.0,0.0,0.0,0.0,0.0,0.0,0.0,0.0,0.0,0.0,0.0
0.2328,0.2288,0.2237,0.2183,0.2136,0.2119,0.2141,0.2115,0.2079,0.2044,0.1983,0.1933,0.1876,0.1862,0.185,0.1831,0.181,0.1811,0.1769,0.1695,0.1637,0.1604,0.1559,0.1514,0.1422,0.1332,0.1244,0.1163,0.1109,0.1041,0.0942,0.0853,0.0778,0.0726,0.0699,0.064,0.0621,0.0587,0.0547,0.0531,0.0491,0.0442,0.0397,0.0363,0.0345,0.0318,0.0296,0.0267,0.0237,0.0204,0.0176,0.0148,0.0118,0.0106,0.009,0.0084,0.0084,0.0082,0.0071,0.0054,0.0049,0.0044,0.0046,0.005,0.0055,0.0051,0.0056,0.0056,0.0059,0.0063,0.0057,0.0056,0.0059,0.0056,0.0058,0.0053,0.0055,0.0052,0.0052,0.0056,0.0062,0.0067,0.0072,0.008,0.0083,0.0087,0.0093,0.0086,0.0075,0.0087
0.1842,0.1837,0.1811,0.1761,0.1686,0.1654,0.1643,0.1616,0.1568,0.1549,0.1496,0.1423,0.1358,0.1291,0.1214,0.1194,0.1164,0.1132,0.1091,0.1026,0.0959,0.0912,0.087,0.0805,0.0748,0.0693,0.064,0.0626,0.0616,0.0612,0.062,0.0634,0.0633,0.0609,0.059,0.0569,0.0572,0.0604,0.0619,0.0599,0.0576,0.0564,0.0552,0.0548,0.0541,0.0533,0.0526,0.0523,0.0507,0.0508,0.0503,0.0434,0.043,0.0417,0.0421,0.0429,0.0432,0.0447,0.0463,0.0486,0.0495,0.046,0.0434,0.0426,0.0429,0.0407,0.0376,0.0368,0.0362,0.0356,0.0358,0.0358,0.0361,0.0346,0.0341,0.034,0.0354,0.0357,0.0356,0.0349,0.0349,0.0348,0.0353,0.0354,0.0349,0.0344,0.0335,0.0292,0.0292,0.0319
0.1573,0.1548,0.1482,0.1433,0.1359,0.1293,0.1266,0.1269,0.1268,0.1286,0.128,0.1275,0.1258,0.121,0.117,0.1173,0.1166,0.1172,0.1192,0.1202,0.1203,0.1189,0.1179,0.1184,0.1196,0.1199,0.1169,0.1129,0.1103,0.11,0.1107,0.1111,0.1102,0.1082,0.103,0.1001,0.0966,0.0942,0.0924,0.0913,0.0916,0.0911,0.0903,0.0879,0.0861,0.0846,0.0847,0.0856,0.0868,0.0844,0.0789,0.0768,0.0708,0.0633,0.0579,0.0546,0.0522,0.0513,0.0542,0.057,0.0523,0.0458,0.044,0.0433,0.0419,0.0398,0.0387,0.0375,0.0351,0.0336,0.0333,0.0324,0.0326,0.0322,0.0316,0.0305,0.0291,0.0282,0.0266,0.0246,0.0244,0.0256,0.0227,0.0184,0.015,0.0126,0.0126,0.0158,0.0164,0.0164
0.1801,0.1818,0.1804,0.1791,0.1742,0.1666,0.1626,0.16,0.158,0.1575,0.1583,0.1582,0.1567,0.1523,0.1444,0.136,0.1337,0.1342,0.1301,0.1268,0.1235,0.1221,0.1221,0.1242,0.1188,0.1144,0.11,0.1064,0.1035,0.1006,0.0979,0.0951,0.0931,0.0899,0.0835,0.0807,0.078,0.0741,0.0713,0.0687,0.0665,0.0638,0.0608,0.0576,0.0546,0.051,0.0466,0.0418,0.0374,0.0326,0.0283,0.0252,0.0285,0.0276,0.025,0.022,0.0194,0.0168,0.0156,0.0151,0.0153,0.0148,0.0156,0.019,0.0197,0.0168,0.0139,0.0135,0.0116,0.0096,0.0083,0.0067,0.0039,0.0025,0.0022,0.002,0.002,0.0021,0.002,0.0024,0.0032,0.0025,0.0023,0.002,0.0012,0.0009,0.0007,0.0009,0.0012,0.0021
0.1384,0.1385,0.1455,0.1502,0.1527,0.1481,0.1443,0.1414,0.1394,0.1373,0.1324,0.1285,0.1263,0.1246,0.1226,0.1178,0.1119,0.1117,0.1076,0.1051,0.1036,0.101,0.0972,0.0942,0.0935,0.0888,0.0863,0.0848,0.0797,0.0773,0.0762,0.0753,0.0736,0.074,0.0725,0.0713,0.0703,0.0669,0.0668,0.0673,0.0633,0.0574,0.053,0.0514,0.0501,0.0473,0.0428,0.0344,0.0329,0.0324,0.0319,0.0309,0.0293,0.029,0.0264,0.0254,0.0255,0.0257,0.0258,0.0257,0.0246,0.0214,0.0182,0.0175,0.0176,0.0172,0.0169,0.0157,0.015,0.0122,0.0109,0.0105,0.0086,0.0103,0.0093,0.0085,0.009,0.0091,0.0098,0.0109,0.0108,0.0103,0.0105,0.0083,0.0065,0.0074,0.0073,0.0061,0.0054,0.0057
0.0636,0.0613,0.0616,0.0594,0.0559,0.0545,0.0565,0.057,0.0583,0.0568,0.055,0.054,0.0535,0.0534,0.0527,0.0507,0.0492,0.0464,0.0454,0.0463,0.0469,0.0491,0.0509,0.0507,0.0515,0.0517,0.0508,0.0506,0.0501,0.0503,0.05,0.0494,0.0491,0.0507,0.0505,0.0492,0.0484,0.0472,0.0471,0.0472,0.0469,0.0477,0.0481,0.048,0.0489,0.049,0.0487,0.048,0.0463,0.0453,0.0446,0.0444,0.0433,0.043,0.0425,0.0424,0.0428,0.0432,0.0428,0.0412,0.0419,0.0422,0.043,0.044,0.0442,0.0438,0.0439,0.0438,0.043,0.0417,0.0416,0.0416,0.039,0.0372,0.0379,0.0371,0.0357,0.0351,0.0351,0.0385,0.0393,0.0393,0.0391,0.0386,0.0376,0.0383,0.0389,0.0394,0.0401,0.04
0.4445,0.4338,0.4222,0.4169,0.4145,0.4155,0.4113,0.406,0.4055,0.4066,0.4045,0.4032,0.3997,0.3938,0.3872,0.3789,0.3718,0.3627,0.3542,0.3478,0.3471,0.3519,0.3543,0.3549,0.3579,0.3615,0.3646,0.3671,0.367,0.3637,0.3614,0.3613,0.3616,0.3648,0.367,0.3685,0.3676,0.3686,0.3702,0.3713,0.37,0.3651,0.3605,0.3558,0.3522,0.347,0.3431,0.3401,0.3383,0.3374,0.3336,0.3287,0.3261,0.3249,0.3241,0.3221,0.3196,0.3165,0.3124,0.3112,0.3123,0.3125,0.3118,0.3075,0.3078,0.3094,0.3049,0.3053,0.3064,0.3036,0.302,0.2992,0.2997,0.3051,0.3016,0.3003,0.3,0.3006,0.3035,0.3023,0.3052,0.3076,0.3088,0.3081,0.3077,0.3091,0.3112,0.3159,0.3223,0.3275
0.4913,0.488,0.4818,0.4779,0.4773,0.4794,0.474,0.4654,0.4571,0.4534,0.4511,0.4464,0.4393,0.4339,0.4262,0.4244,0.4202,0.4135,0.4049,0.3948,0.3903,0.3867,0.3773,0.3655,0.3542,0.3421,0.3295,0.3154,0.305,0.2984,0.2892,0.2804,0.2725,0.263,0.2534,0.242,0.237,0.2325,0.2231,0.2128,0.2033,0.1911,0.1821,0.1763,0.1722,0.1671,0.16,0.1551,0.1473,0.1432,0.1399,0.135,0.1307,0.1268,0.123,0.1197,0.1177,0.1167,0.1163,0.1149,0.1123,0.1091,0.1038,0.0947,0.0869,0.0845,0.0866,0.0854,0.0848,0.0865,0.0883,0.0885,0.0858,0.0776,0.0747,0.0759,0.0773,0.0802,0.0862,0.0884,0.0872,0.0877,0.0906,0.0927,0.0956,0.0984,0.0971,0.0953,0.0933,0.0932
0.5243,0.5184,0.5122,0.5053,0.4982,0.4878,0.4792,0.4719,0.4617,0.4548,0.449,0.4394,0.4317,0.4236,0.4128,0.4045,0.3969,0.3836,0.3699,0.3563,0.341,0.3209,0.2933,0.2705,0.2492,0.2312,0.2161,0.2015,0.1881,0.1801,0.173,0.1663,0.1608,0.1556,0.1464,0.1369,0.1281,0.1174,0.1074,0.0968,0.0861,0.0766,0.0684,0.0604,0.056,0.0544,0.052,0.0488,0.0453,0.0411,0.0357,0.0311,0.0277,0.0252,0.0227,0.0215,0.0206,0.0203,0.0213,0.022,0.0223,0.0209,0.015,0.0078,0.0063,0.0044,0.0043,0.0049,0.005,0.0055,0.0059,0.0062,0.0054,0.0026,0.0022,0.0023,0.0023,0.0032,0.0056,0.0065,0.0052,0.0054,0.0066,0.0083,0.0089,0.0101,0.0109,0.0095,0.0061,0.0049
0.5109,0.5065,0.5009,0.4891,0.4747,0.4618,0.4498,0.4402,0.4258,0.4087,0.3965,0.3848,0.3711,0.3613,0.3537,0.3418,0.3297,0.3185,0.301,0.289,0.2759,0.2493,0.2242,0.206,0.1853,0.1642,0.1448,0.1279,0.1158,0.1071,0.0943,0.0838,0.0737,0.0657,0.0559,0.0506,0.0451,0.0374,0.0367,0.0339,0.0324,0.0281,0.0249,0.0193,0.0142,0.0126,0.0128,0.0114,0.0098,0.0079,0.0051,0.0036,0.0018,0.0004,0.0,0.0,0.0,0.0,0.0,0.0,0.0,0.0,0.0,0.0,0.0,0.0,0.0,0.0,0.0,0.0,0.0,0.0,0.0,0.0,0.0,0.0,0.0,0.0,0.0,0.0,0.0,0.0,0.0,0.0,0.0,0.0,0.0,0.0,0.0,0.0
0.3048,0.3015,0.2939,0.2886,0.2804,0.2718,0.2613,0.2492,0.2389,0.2301,0.226,0.2206,0.2112,0.1996,0.1903,0.1832,0.178,0.1732,0.1695,0.1647,0.1588,0.1456,0.138,0.1341,0.1311,0.1293,0.1259,0.1236,0.1149,0.1033,0.0909,0.0798,0.0666,0.0559,0.0483,0.0382,0.032,0.0265,0.0189,0.0139,0.01,0.0071,0.006,0.0051,0.0042,0.0037,0.0035,0.0027,0.0012,0.0002,0.0,0.0,0.0,0.0,0.0,0.0,0.0,0.0,0.0,0.0,0.0,0.0,0.0,0.0,0.0,0.0,0.0,0.0,0.0,0.0,0.0,0.0,0.0,0.0,0.0,0.0,0.0,0.0,0.0,0.0,0.0,0.0,0.0,0.0,0.0,0.0,0.0,0.0,0.0,0.0
0.3513,0.3451,0.3412,0.3367,0.3273,0.3157,0.3039,0.2953,0.2881,0.2834,0.2749,0.2572,0.2424,0.2297,0.2192,0.2063,0.1934,0.1812,0.167,0.1534,0.1446,0.1371,0.1304,0.1237,0.114,0.1017,0.0846,0.0685,0.0531,0.0375,0.0258,0.0162,0.0088,0.004,0.0032,0.0046,0.005,0.0039,0.0025,0.0011,0.0028,0.0072,0.0089,0.0094,0.0087,0.0059,0.003,0.0015,0.0006,0.0001,0.0002,0.0001,0.0,0.0,0.0,0.0,0.0,0.0,0.0,0.0,0.0,0.0,0.0,0.0,0.0,0.0,0.0,0.0,0.0,0.0,0.0,0.0,0.0,0.0,0.0,0.0,0.0,0.0,0.0,0.0005,0.0006,0.0001,0.0001,0.0005,0.0002,0.0,0.0,0.0,0.0001,0.0008
