0.298,0.294,0.2883,0.2822,0.2743,0.2656,0.2584,0.2468,0.236,0.2306,0.2223,0.2225,0.2207,0.2242,0.2258,0.2185,0.207,0.1961,0.1945,0.1879,0.1808,0.177,0.1688,0.1604,0.1517,0.1443,0.1357,0.1279,0.1263,0.1218,0.1127,0.1055,0.1003,0.0953,0.0947,0.0925,0.0879,0.0828,0.0765,0.0702,0.0666,0.0622,0.0581,0.0564,0.0548,0.0518,0.0491,0.0465,0.0443,0.0419,0.041,0.0396,0.039,0.0382,0.0379,0.0395,0.0406,0.0402,0.0399,0.0396,0.0387,0.0383,0.0378,0.037,0.0362,0.0346,0.0331,0.0322,0.0318,0.0317,0.0321,0.0316,0.0314,0.0305,0.0303,0.0305,0.031,0.0307,0.0265,0.0205,0.0182,0.019,0.027,0.0271,0.027,0.0299,0.0326,0.032,0.0308,0.0261
0.4369,0.4287,0.4246,0.4222,0.4154,0.4076,0.4017,0.3934,0.3825,0.3715,0.3616,0.3525,0.3425,0.3277,0.3149,0.3026,0.2885,0.2765,0.2649,0.2468,0.226,0.2137,0.2019,0.1892,0.1783,0.1685,0.1573,0.1497,0.141,0.1369,0.1287,0.1176,0.1063,0.0975,0.0895,0.0834,0.0788,0.0755,0.0738,0.0739,0.0745,0.0737,0.0727,0.0715,0.0716,0.0705,0.071,0.0729,0.0743,0.0747,0.0735,0.0719,0.071,0.0688,0.0674,0.0676,0.068,0.0669,0.0663,0.0654,0.065,0.0632,0.0619,0.0604,0.0603,0.0602,0.0597,0.0586,0.0576,0.0567,0.055,0.0523,0.0525,0.0542,0.0531,0.0543,0.0532,0.0551,0.0557,0.056,0.0556,0.0563,0.0556,0.0512,0.0473,0.0419,0.0411,0.0412,0.0426,0.044
0.4434,0.4374,0.4332,0.4293,0.4237,0.4161,0.4097,0.402,0.3951,0.3821,0.3642,0.3399,0.323,0.3069,0.2946,0.2828,0.2668,0.2521,0.2444,0.2363,0.2163,0.1994,0.1845,0.1707,0.1617,0.1558,0.15,0.1458,0.1416,0.1374,0.1349,0.1369,0.1385,0.1369,0.1335,0.1287,0.127,0.1259,0.1238,0.121,0.1171,0.1135,0.1109,0.1086,0.1056,0.1028,0.0986,0.0954,0.0934,0.093,0.0918,0.0899,0.0877,0.0844,0.0806,0.0767,0.0728,0.0731,0.0742,0.0757,0.0749,0.0731,0.0692,0.0663,0.0648,0.0647,0.0649,0.0642,0.0629,0.0611,0.0637,0.0654,0.0647,0.0641,0.0611,0.0584,0.0562,0.0553,0.0541,0.0557,0.0572,0.0559,0.0543,0.0514,0.0494,0.046,0.0458,0.0446,0.0437,0.0449
0.347,0.3411,0.3323,0.3249,0.3172,0.3103,0.3036,0.2993,0.2942,0.2874,0.2788,0.2723,0.2726,0.2682,0.2609,0.2554,0.2543,0.251,0.2431,0.2326,0.2241,0.2173,0.2124,0.2086,0.2037,0.1993,0.1954,0.1909,0.1885,0.1836,0.1766,0.1737,0.1694,0.1661,0.1649,0.1635,0.1611,0.1588,0.1557,0.1532,0.1495,0.145,0.1419,0.1362,0.1302,0.1275,0.1253,0.1213,0.1164,0.1135,0.1105,0.1069,0.1044,0.1025,0.1013,0.099,0.0966,0.0968,0.0942,0.085,0.0733,0.0693,0.0667,0.0634,0.0611,0.0579,0.0543,0.0492,0.0479,0.0465,0.0457,0.0424,0.0399,0.0395,0.0414,0.0368,0.0345,0.0341,0.0338,0.0323,0.0315,0.0308,0.0289,0.0265,0.0265,0.0266,0.0239,0.0206,0.0188,0.0187
0.2248,0.2195,0.2136,0.2073,0.2033,0.2026,0.2004,0.1976,0.1988,0.1966,0.1946,0.191,0.1853,0.1808,0.1754,0.1692,0.1606,0.1561,0.1539,0.1433,0.1368,0.1335,0.1326,0.133,0.1317,0.1287,0.1253,0.121,0.1199,0.1188,0.1126,0.1071,0.1041,0.1019,0.0999,0.0997,0.0966,0.0946,0.0922,0.089,0.0864,0.0818,0.074,0.0648,0.0574,0.0538,0.0502,0.0443,0.0412,0.0379,0.0335,0.0303,0.026,0.0209,0.0179,0.0171,0.0162,0.0135,0.0111,0.0075,0.0038,0.0028,0.0033,0.0031,0.0021,0.0011,0.0006,0.0001,0.0,0.0,0.0,0.0,0.0,0.0,0.0,0.0,0.0,0.0,0.0,0.0,0.0,0.0,0.0,0.0,0.0,0.0,0.0,0.0,0.0,0.0
0.1594,0.1595,0.1559,0.1532,0.1527,0.1478,0.1436,0.1395,0.1421,0.1456,0.1469,0.1447,0.1386,0.1313,0.1243,0.1163,0.1068,0.1009,0.0993,0.0939,0.0885,0.085,0.0822,0.0768,0.0741,0.0714,0.0654,0.0612,0.0564,0.0513,0.046,0.0407,0.0348,0.0295,0.024,0.0202,0.019,0.0163,0.013,0.012,0.0087,0.0058,0.0035,0.0011,0.0,0.0,0.0,0.0,0.0,0.0,0.0,0.0,0.0,0.0,0.0,0.0,0.0,0.0,0.0,0.0,0.0,0.0,0.0,0.0,0.0,0.0,0.0,0.0,0.0,0.0,0.0,0.0,0.0,0.0,0.0,0.0,0.0,0.0,0.0,0.0,0.0,0.0,0.0,0.0,0.0,0.0,0.0,0.0,0.0,0.0
0.1374,0.134,0.1334,0.1304,0.1257,0.1206,0.114,0.1119,0.1051,0.0965,0.0946,0.0911,0.084,0.0759,0.0704,0.066,0.0633,0.0627,0.0613,0.0593,0.0583,0.0556,0.0513,0.0506,0.049,0.0465,0.0448,0.041,0.0386,0.034,0.0317,0.0295,0.0272,0.0269,0.0241,0.0223,0.0199,0.0171,0.014,0.0104,0.0062,0.0028,0.001,0.0,0.0,0.0,0.0,0.0,0.0,0.0,0.0,0.0,0.0,0.0,0.0,0.0,0.0,0.0,0.0,0.0,0.0,0.0,0.0,0.0,0.0,0.0,0.0,0.0,0.0,0.0,0.0,0.0,0.0,0.0,0.0,0.0,0.0,0.0,0.0,0.0,0.0,0.0,0.0,0.0,0.0,0.0,0.0,0.0,0.0,0.0
0.163,0.1565,0.1527,0.1515,0.1478,0.1416,0.1382,0.1338,0.1252,0.1146,0.108,0.1025,0.0981,0.0934,0.0883,0.0835,0.0791,0.0743,0.0682,0.0611,0.0564,0.0506,0.046,0.0418,0.0373,0.0319,0.0264,0.0218,0.0181,0.0148,0.0111,0.0085,0.007,0.0063,0.0049,0.0033,0.0018,0.0011,0.0006,0.0001,0.0,0.0,0.0,0.0,0.0,0.0,0.0,0.0,0.0,0.0,0.0,0.0,0.0,0.0,0.0,0.0,0.0,0.0,0.0,0.0,0.0,0.0,0.0,0.0,0.0,0.0,0.0,0.0,0.0,0.0,0.0,0.0,0.0,0.0,0.0,0.0,0.0,0.0,0.0,0.0,0.0,0.0,0.0,0.0,0.0,0.0,0.0,0.0,0.0,0.0
0.1064,0.1028,0.0986,0.0963,0.0919,0.0852,0.0814,0.078,0.0731,0.0666,0.0586,0.0529,0.048,0.0437,0.0402,0.0372,0.0345,0.0315,0.0279,0.0243,0.023,0.0209,0.0181,0.0164,0.0148,0.0131,0.0117,0.0107,0.0099,0.0092,0.0083,0.0066,0.0045,0.003,0.001,0.0,0.0,0.0,0.0,0.0,0.0,0.0,0.0,0.0,0.0,0.0,0.0,0.0,0.0,0.0,0.0,0.0,0.0,0.0,0.0,0.0,0.0,0.0,0.0,0.0,0.0,0.0,0.0,0.0,0.0,0.0,0.0,0.0,0.0,0.0,0.0,0.0,0.0,0.0,0.0,0.0,0.0,0.0,0.0,0.0,0.0,0.0,0.0,0.0,0.0,0.0,0.0,0.0,0.0,0.0
0.1127,0.1084,0.1056,0.1042,0.0978,0.0911,0.0882,0.0836,0.0737,0.0676,0.0609,0.0554,0.0532,0.0505,0.0451,0.0398,0.0377,0.0345,0.0309,0.0256,0.0217,0.0198,0.0185,0.0167,0.0144,0.0158,0.0177,0.0204,0.0207,0.02,0.0246,0.0267,0.0259,0.0252,0.0277,0.0291,0.0287,0.0282,0.0283,0.0302,0.0302,0.0285,0.0275,0.0265,0.0261,0.0232,0.0198,0.02,0.019,0.0152,0.0125,0.0122,0.0148,0.0149,0.0143,0.0142,0.0133,0.0131,0.0116,0.0097,0.0085,0.0076,0.008,0.0086,0.0067,0.0062,0.0034,0.0016,0.0016,0.002,0.0034,0.0023,0.0012,0.0011,0.0013,0.0029,0.0055,0.0032,0.0011,0.0005,0.0003,0.0008,0.0013,0.002,0.0012,0.0006,0.0,0.0,0.0,0.0
0.0993,0.0984,0.0965,0.0953,0.0942,0.092,0.0903,0.0892,0.0853,0.0814,0.0795,0.0762,0.0742,0.0746,0.0754,0.0749,0.0741,0.0723,0.0702,0.0695,0.0684,0.0681,0.0654,0.0647,0.0636,0.0561,0.0488,0.0458,0.0429,0.0414,0.0396,0.0382,0.0363,0.0348,0.0345,0.0335,0.032,0.0288,0.0258,0.0208,0.0191,0.019,0.0196,0.0181,0.0185,0.0205,0.0225,0.0226,0.02,0.0172,0.0171,0.0161,0.0158,0.0161,0.0155,0.0158,0.0168,0.0174,0.0165,0.0142,0.0135,0.0124,0.0103,0.0103,0.0088,0.0074,0.0073,0.0066,0.0061,0.0055,0.0043,0.0046,0.0048,0.0036,0.0027,0.002,0.0018,0.0011,0.0004,0.0002,0.0001,0.0,0.0,0.0,0.0,0.0,0.0,0.0,0.0,0.0
0.0685,0.0677,0.0668,0.0652,0.0643,0.0626,0.059,0.0573,0.0589,0.0592,0.0583,0.0581,0.0574,0.059,0.0589,0.059,0.0567,0.0535,0.0544,0.0529,0.0527,0.0527,0.0508,0.0429,0.043,0.0441,0.0457,0.0458,0.0465,0.0484,0.0464,0.0407,0.0399,0.0393,0.0389,0.0391,0.039,0.0381,0.036,0.0336,0.028,0.0266,0.0273,0.0253,0.0243,0.0229,0.0223,0.0222,0.0181,0.0133,0.0129,0.0101,0.0088,0.0088,0.0095,0.0083,0.0059,0.0023,0.0001,0.0,0.0,0.0001,0.0001,0.0,0.0,0.0,0.0,0.0,0.0,0.0,0.0,0.0,0.0,0.0,0.0,0.0,0.0,0.0,0.0,0.0,0.0,0.0,0.0,0.0,0.0,0.0,0.0,0.0,0.0,0.0
0.0709,0.07,0.0668,0.0653,0.0649,0.063,0.0622,0.0598,0.061,0.0609,0.0601,0.0584,0.0574,0.0551,0.0514,0.0504,0.0509,0.0517,0.0476,0.0435,0.0405,0.04,0.0339,0.0317,0.0308,0.0308,0.029,0.027,0.0248,0.0217,0.0185,0.0121,0.0051,0.0038,0.0048,0.0056,0.0051,0.0061,0.007,0.0061,0.004,0.0018,0.0007,0.0,0.0,0.0,0.0,0.0,0.0,0.0,0.0,0.0,0.0,0.0,0.0,0.0,0.0,0.0,0.0,0.0,0.0,0.0,0.0,0.0,0.0,0.0,0.0,0.0,0.0,0.0,0.0,0.0,0.0,0.0,0.0,0.0,0.0,0.0,0.0,0.0,0.0,0.0,0.0,0.0,0.0,0.0,0.0,0.0,0.0,0.0
0.0415,0.0436,0.0468,0.0457,0.0451,0.0451,0.0457,0.0446,0.0422,0.0387,0.0356,0.0344,0.0334,0.03,0.0235,0.0206,0.0191,0.015,0.0123,0.0094,0.0066,0.0071,0.0077,0.0065,0.0035,0.0021,0.0011,0.0013,0.0003,0.0,0.0,0.0003,0.001,0.0015,0.004,0.0048,0.0054,0.0044,0.0026,0.0021,0.0019,0.0011,0.0008,0.0007,0.0012,0.0014,0.0017,0.001,0.0004,0.0001,0.0006,0.0002,0.0,0.0,0.0,0.0,0.0,0.0,0.0,0.0,0.0,0.0,0.0,0.0,0.0,0.0,0.0,0.0,0.0,0.0,0.0,0.0,0.0,0.0,0.0,0.0,0.0,0.0,0.0,0.0,0.0,0.0,0.0,0.0,0.0,0.0,0.0,0.0,0.0,0.0
0.0512,0.0485,0.0496,0.0481,0.0446,0.0422,0.0409,0.0396,0.0382,0.0363,0.0335,0.0294,0.0267,0.024,0.0228,0.0232,0.0216,0.0205,0.0199,0.0194,0.0182,0.017,0.0172,0.0165,0.0162,0.0143,0.0131,0.0125,0.0131,0.0105,0.0103,0.0128,0.0146,0.0159,0.0144,0.016,0.0153,0.0118,0.0089,0.0067,0.0061,0.0042,0.0036,0.003,0.0026,0.001,0.0006,0.0001,0.0004,0.0009,0.0006,0.0002,0.0,0.0,0.0,0.0,0.0,0.0,0.0,0.0,0.0,0.0,0.0,0.0,0.0,0.0,0.0,0.0,0.0,0.0,0.0,0.0,0.0,0.0,0.0,0.0,0.0,0.0,0.0,0.0,0.0,0.0,0.0,0.0,0.0,0.0,0.0,0.0,0.0,0.0
0.1178,0.1123,0.1067,0.0999,0.0933,0.0865,0.0846,0.0829,0.0786,0.0782,0.0766,0.0738,0.0731,0.0691,0.0655,0.0651,0.0657,0.0575,0.0492,0.0429,0.0397,0.0344,0.0292,0.0257,0.0236,0.0246,0.0202,0.0208,0.0221,0.0263,0.0259,0.0244,0.0269,0.0228,0.0172,0.0122,0.0111,0.0117,0.0116,0.0109,0.0103,0.0101,0.0104,0.0098,0.0095,0.008,0.0073,0.0067,0.0056,0.0054,0.0057,0.0052,0.0028,0.0023,0.002,0.0017,0.0011,0.0005,0.0001,0.0,0.0,0.0,0.0,0.0,0.0,0.0,0.0,0.0,0.0,0.0,0.0,0.0,0.0,0.0,0.0,0.0,0.0,0.0,0.0,0.0,0.0,0.0,0.0,0.0,0.0,0.0,0.0,0.0,0.0,0.0
0.2439,0.2364,0.2241,0.2163,0.2069,0.1962,0.1924,0.1904,0.1842,0.1808,0.1794,0.1779,0.1769,0.1777,0.1772,0.1678,0.1607,0.1545,0.1476,0.1374,0.1316,0.1222,0.1127,0.099,0.0928,0.0907,0.0844,0.0818,0.0804,0.0756,0.0707,0.0633,0.0597,0.0556,0.0499,0.0429,0.0365,0.0356,0.0326,0.0293,0.0248,0.0223,0.0196,0.017,0.0152,0.0141,0.0125,0.0103,0.01,0.008,0.0056,0.0033,0.004,0.0034,0.0023,0.0018,0.0016,0.0009,0.0004,0.0001,0.0,0.0,0.0,0.0,0.0,0.0,0.0,0.0,0.0,0.0,0.0,0.0,0.0,0.0,0.0,0.0,0.0,0.0,0.0,0.0,0.0,0.0,0.0,0.0,0.0,0.0,0.0,0.0,0.0,0.0
0.3644,0.3604,0.3557,0.3479,0.3437,0.3382,0.3308,0.3265,0.3219,0.317,0.31,0.2966,0.2784,0.2712,0.2681,0.2665,0.2555,0.2406,0.2293,0.2181,0.2097,0.2017,0.1919,0.1831,0.1744,0.1736,0.1708,0.1632,0.154,0.1424,0.1306,0.1177,0.1104,0.1004,0.0904,0.0821,0.0701,0.06,0.0533,0.0478,0.0425,0.038,0.0334,0.03,0.0255,0.0191,0.0168,0.0149,0.0119,0.0084,0.0043,0.0005,0.0,0.0,0.0,0.0,0.0,0.0,0.0,0.0,0.0,0.0,0.0,0.0,0.0,0.0,0.0,0.0,0.0,0.0,0.0,0.0,0.0,0.0,0.0,0.0,0.0,0.0,0.0,0.0,0.0,0.0,0.0,0.0,0.0,0.0,0.0,0.0,0.0,0.0
0.3909,0.3872,0.3799,0.38,0.3661,0.3569,0.3516,0.3487,0.3477,0.3444,0.3364,0.3328,0.3248,0.3118,0.3034,0.298,0.2914,0.2811,0.274,0.2641,0.2556,0.2506,0.2409,0.2315,0.2186,0.2076,0.2019,0.1936,0.1837,0.1744,0.1635,0.1523,0.1456,0.132,0.1154,0.0948,0.0692,0.0507,0.0408,0.0351,0.0272,0.0216,0.0189,0.0171,0.0156,0.0131,0.0125,0.0109,0.0099,0.0104,0.0105,0.0098,0.0091,0.0068,0.0034,0.0018,0.0013,0.0018,0.0009,0.0003,0.0001,0.0002,0.0003,0.0004,0.0004,0.0004,0.0004,0.0003,0.0001,0.0001,0.0001,0.0,0.0,0.0,0.0,0.0,0.0,0.0,0.0,0.0,0.0,0.0,0.0,0.0,0.0,0.0,0.0,0.0,0.0,0.0
0.4313,0.4334,0.4306,0.43,0.4253,0.4203,0.4159,0.4125,0.4103,0.4094,0.4073,0.4017,0.3985,0.3895,0.3774,0.3694,0.3654,0.3631,0.3619,0.3594,0.3568,0.3524,0.3466,0.3421,0.3288,0.3133,0.3004,0.2923,0.2781,0.2658,0.2564,0.2525,0.2434,0.2311,0.2187,0.2067,0.1919,0.1789,0.1665,0.1583,0.151,0.1472,0.1448,0.139,0.133,0.1254,0.1212,0.12,0.1178,0.1129,0.1114,0.1131,0.1092,0.0994,0.0826,0.0757,0.0674,0.0614,0.0504,0.0429,0.0394,0.0329,0.0285,0.0242,0.0211,0.0196,0.0172,0.0136,0.0109,0.0095,0.0073,0.0063,0.0046,0.0032,0.0021,0.0013,0.0009,0.0002,0.0001,0.0,0.0,0.0,0.0,0.0,0.0,0.0,0.0,0.0,0.0,0.0
0.3175,0.3178,0.3184,0.3185,0.3216,0.3222,0.3186,0.3156,0.3145,0.314,0.3113,0.3075,0.3066,0.3069,0.3054,0.3019,0.2989,0.2982,0.298,0.298,0.2999,0.3002,0.3028,0.3033,0.3043,0.2996,0.2909,0.2849,0.2803,0.2761,0.2695,0.2627,0.262,0.2658,0.2639,0.2591,0.2548,0.2518,0.2475,0.2423,0.238,0.2299,0.2192,0.2074,0.1966,0.1861,0.1784,0.1693,0.1587,0.152,0.1413,0.1277,0.1173,0.1134,0.1106,0.1057,0.102,0.0996,0.099,0.0981,0.0915,0.0858,0.0799,0.0745,0.0688,0.0611,0.0533,0.0483,0.0436,0.0379,0.0341,0.0298,0.0257,0.0206,0.0165,0.0139,0.0111,0.0075,0.0051,0.004,0.003,0.0024,0.0019,0.0013,0.001,0.0007,0.0004,0.0001,0.0,0.0
0.3489,0.3446,0.3438,0.345,0.3433,0.339,0.3364,0.3299,0.3252,0.3218,0.3232,0.3215,0.3149,0.3112,0.3064,0.3002,0.2935,0.2907,0.2896,0.2894,0.2857,0.2815,0.2768,0.274,0.2728,0.2681,0.2611,0.2572,0.2484,0.2414,0.2368,0.2292,0.2266,0.228,0.2265,0.2236,0.2208,0.2161,0.207,0.1949,0.1833,0.1723,0.1605,0.1505,0.1413,0.134,0.1262,0.1172,0.1103,0.1057,0.0958,0.0852,0.0774,0.0683,0.0589,0.0498,0.0461,0.0423,0.0378,0.0342,0.026,0.0214,0.0156,0.0113,0.0091,0.0075,0.0049,0.0024,0.0005,0.0001,0.0005,0.0012,0.0022,0.0025,0.0023,0.0014,0.0008,0.0002,0.0,0.0,0.0,0.0,0.0,0.0,0.0,0.0,0.0,0.0,0.0,0.0
0.3915,0.3894,0.3856,0.3846,0.3832,0.3778,0.3715,0.3646,0.3582,0.3536,0.3513,0.3523,0.3503,0.3448,0.339,0.3333,0.327,0.3202,0.3143,0.3099,0.3064,0.3025,0.2949,0.2858,0.2811,0.274,0.2624,0.2513,0.2453,0.238,0.2334,0.2265,0.2137,0.2115,0.2049,0.1922,0.1753,0.164,0.1569,0.145,0.1312,0.1223,0.1138,0.1049,0.0965,0.091,0.0828,0.0774,0.0688,0.0615,0.0586,0.0526,0.0419,0.0336,0.0266,0.0237,0.0211,0.0203,0.0189,0.0136,0.0117,0.011,0.0104,0.0093,0.0086,0.0083,0.0074,0.0061,0.0055,0.005,0.004,0.002,0.0006,0.0002,0.0,0.0,0.0,0.0,0.0,0.0,0.0,0.0,0.0,0.0,0.0,0.0,0.0,0.0,0.0,0.0
0.3333,0.3326,0.3272,0.3217,0.3207,0.3239,0.3247,0.3225,0.3184,0.3157,0.3112,0.3086,0.3084,0.3097,0.3077,0.3066,0.3073,0.3018,0.2927,0.2858,0.2814,0.2788,0.2744,0.2666,0.2616,0.2574,0.2504,0.2442,0.2392,0.2353,0.2302,0.2235,0.2161,0.2097,0.198,0.1878,0.1736,0.1608,0.1507,0.1404,0.1296,0.1168,0.1049,0.0918,0.0785,0.067,0.0573,0.0506,0.0437,0.0369,0.0302,0.0288,0.0334,0.0319,0.028,0.022,0.0184,0.0168,0.018,0.0142,0.0125,0.0134,0.0151,0.015,0.0128,0.0113,0.0134,0.0135,0.0122,0.0117,0.0112,0.0115,0.0105,0.0094,0.0091,0.0089,0.0083,0.008,0.0054,0.004,0.0044,0.0048,0.0051,0.0049,0.0051,0.0062,0.005,0.0058,0.004,0.0048
0.24,0.241,0.2392,0.2339,0.2315,0.2346,0.2367,0.2335,0.2282,0.2244,0.2179,0.2151,0.2144,0.2105,0.204,0.2005,0.2005,0.1943,0.1877,0.1828,0.1803,0.1747,0.1709,0.1673,0.1627,0.1582,0.1501,0.1423,0.1384,0.1364,0.1296,0.125,0.1187,0.1114,0.1014,0.0936,0.0842,0.0759,0.0694,0.0626,0.0545,0.0475,0.0435,0.041,0.037,0.0328,0.0306,0.0287,0.0281,0.0281,0.0284,0.0295,0.0302,0.0285,0.0273,0.0257,0.0245,0.0239,0.0221,0.0201,0.0207,0.02,0.0184,0.0177,0.0171,0.0157,0.016,0.0149,0.0139,0.0136,0.0129,0.0124,0.0125,0.0126,0.012,0.0115,0.0114,0.0114,0.0127,0.0149,0.0163,0.0171,0.0175,0.0192,0.0213,0.0212,0.0212,0.0215,0.0202,0.0181
0.181,0.1824,0.1815,0.1789,0.1762,0.1763,0.1734,0.1728,0.1705,0.1622,0.1577,0.1535,0.1505,0.1505,0.1476,0.1429,0.14,0.1357,0.1329,0.1288,0.1243,0.1205,0.1183,0.1172,0.1136,0.1098,0.1067,0.1061,0.1056,0.1049,0.1034,0.1024,0.1019,0.0997,0.0962,0.0928,0.0901,0.0885,0.0857,0.0852,0.0837,0.0829,0.0824,0.0823,0.0848,0.0861,0.0888,0.0896,0.0884,0.088,0.0884,0.0878,0.0851,0.0841,0.0814,0.0801,0.0806,0.0804,0.0762,0.0749,0.0738,0.0728,0.0728,0.0726,0.072,0.0708,0.0707,0.0695,0.0687,0.0675,0.066,0.0646,0.0613,0.0596,0.0586,0.0583,0.0597,0.0587,0.056,0.0561,0.0561,0.0563,0.057,0.0566,0.0547,0.055,0.0545,0.0533,0.0538,0.0541
0.1521,0.1483,0.145,0.1399,0.1332,0.1315,0.128,0.1276,0.1289,0.1291,0.1289,0.1267,0.1253,0.1242,0.1243,0.1241,0.124,0.124,0.1252,0.1248,0.1229,0.1215,0.1218,0.1216,0.1209,0.12,0.118,0.1162,0.1147,0.1136,0.1118,0.1097,0.1072,0.1042,0.1026,0.1033,0.104,0.1032,0.1023,0.1022,0.1008,0.1002,0.0992,0.098,0.096,0.0916,0.0878,0.084,0.0781,0.0739,0.0708,0.0674,0.0661,0.0631,0.0578,0.0539,0.0498,0.0478,0.0475,0.0454,0.0416,0.0415,0.0421,0.0398,0.0382,0.0369,0.0366,0.0338,0.0303,0.0263,0.024,0.0248,0.0251,0.026,0.0267,0.0272,0.0191,0.0163,0.0158,0.0155,0.0178,0.0187,0.0163,0.0159,0.0146,0.0131,0.0124,0.0108,0.0103,0.0104
0.1708,0.167,0.165,0.1626,0.1559,0.1512,0.1517,0.1521,0.1535,0.1542,0.1515,0.151,0.15,0.1478,0.1464,0.1449,0.1428,0.1437,0.139,0.1274,0.1228,0.1191,0.1183,0.1178,0.1149,0.1123,0.1101,0.1087,0.1076,0.1059,0.1036,0.0998,0.0965,0.0927,0.0864,0.0823,0.0779,0.0734,0.0709,0.0694,0.065,0.0613,0.0577,0.0543,0.0512,0.049,0.0461,0.0427,0.0406,0.0386,0.0367,0.034,0.0292,0.0241,0.0214,0.0212,0.019,0.0174,0.0155,0.0134,0.0122,0.0128,0.0126,0.0112,0.0098,0.0083,0.0087,0.0089,0.0083,0.0077,0.0073,0.007,0.0071,0.0074,0.0063,0.0057,0.0051,0.0041,0.0037,0.0029,0.0022,0.0021,0.0021,0.0026,0.0033,0.0043,0.0043,0.0046,0.0055,0.0045
0.1323,0.1324,0.1377,0.1397,0.143,0.1414,0.1387,0.139,0.1338,0.1245,0.1197,0.1172,0.1127,0.1114,0.1099,0.108,0.1088,0.108,0.1047,0.1006,0.0973,0.0942,0.0896,0.0829,0.0803,0.0743,0.0689,0.0657,0.0642,0.0622,0.0598,0.0591,0.0582,0.0575,0.0567,0.0542,0.0524,0.0516,0.05,0.0479,0.0441,0.0432,0.0418,0.0408,0.0392,0.031,0.0243,0.0229,0.0218,0.0213,0.0205,0.0204,0.0218,0.025,0.0261,0.0244,0.0233,0.0225,0.0193,0.017,0.0198,0.0224,0.0235,0.0231,0.0216,0.0202,0.0191,0.0186,0.0177,0.0166,0.0147,0.0147,0.0138,0.013,0.0125,0.0118,0.0108,0.0094,0.0082,0.0075,0.0065,0.0064,0.0068,0.0058,0.0043,0.0033,0.0034,0.0037,0.004,0.0038
0.0587,0.0551,0.0544,0.0514,0.0499,0.0467,0.047,0.0513,0.0526,0.0524,0.0515,0.0509,0.0514,0.0531,0.053,0.0531,0.0531,0.0529,0.0522,0.0526,0.0514,0.0497,0.0478,0.0477,0.0455,0.0453,0.0453,0.0452,0.0454,0.0456,0.0453,0.0446,0.0445,0.0443,0.0443,0.044,0.0438,0.0437,0.0433,0.0427,0.0429,0.0434,0.0433,0.0433,0.0431,0.043,0.0429,0.0429,0.0429,0.0429,0.0429,0.0431,0.0429,0.0428,0.0429,0.0429,0.0428,0.0426,0.0426,0.0425,0.0408,0.0381,0.0376,0.0376,0.0375,0.0374,0.0372,0.0372,0.037,0.0369,0.0367,0.0366,0.0364,0.0364,0.0365,0.0356,0.0349,0.0353,0.0355,0.0358,0.0361,0.0369,0.0367,0.0365,0.0357,0.0347,0.0354,0.0363,0.0364,0.0371
0.4497,0.4415,0.4347,0.4276,0.4187,0.4131,0.4117,0.4185,0.4253,0.4273,0.4252,0.4228,0.4228,0.4251,0.4317,0.4391,0.4463,0.4481,0.4451,0.4441,0.4489,0.456,0.4605,0.4609,0.461,0.4614,0.4672,0.4738,0.4757,0.4769,0.4833,0.4888,0.4907,0.4891,0.4864,0.4865,0.4932,0.4954,0.4962,0.4995,0.5043,0.509,0.5104,0.5085,0.5055,0.5006,0.4962,0.4956,0.4946,0.4936,0.4941,0.4906,0.4896,0.4906,0.4894,0.4907,0.4889,0.4861,0.4812,0.4754,0.4724,0.4715,0.4689,0.468,0.4647,0.4624,0.4582,0.4576,0.4608,0.4603,0.4562,0.4554,0.4566,0.4614,0.4653,0.467,0.4679,0.4655,0.465,0.465,0.4651,0.4626,0.4622,0.4635,0.4601,0.4583,0.4553,0.4507,0.4487,0.4536
0.5074,0.506,0.4997,0.4956,0.4945,0.4897,0.4832,0.4779,0.4741,0.4722,0.4716,0.4677,0.4618,0.461,0.4574,0.453,0.4487,0.4441,0.4425,0.4376,0.4341,0.4322,0.4288,0.4233,0.4177,0.4118,0.406,0.3977,0.3872,0.3774,0.3684,0.3573,0.3447,0.3366,0.3286,0.3221,0.3113,0.2989,0.2872,0.2711,0.2519,0.234,0.219,0.207,0.1963,0.1889,0.1838,0.1737,0.1621,0.1567,0.1481,0.1389,0.1333,0.1282,0.1172,0.1117,0.1098,0.1077,0.1073,0.1079,0.1138,0.1118,0.1051,0.1012,0.1001,0.1012,0.1009,0.0988,0.0982,0.0958,0.0964,0.0975,0.0986,0.0978,0.0987,0.1019,0.1032,0.103,0.105,0.1051,0.1015,0.0981,0.0999,0.1038,0.1065,0.1084,0.1113,0.1124,0.1106,0.1087
0.5315,0.5277,0.5229,0.5187,0.518,0.517,0.5116,0.5075,0.5051,0.5034,0.5,0.4962,0.4862,0.4738,0.4618,0.4499,0.4341,0.4222,0.4126,0.4045,0.3911,0.3776,0.3642,0.3486,0.3273,0.3084,0.2897,0.2701,0.2515,0.2328,0.216,0.1951,0.1779,0.1644,0.1523,0.1386,0.1243,0.1109,0.1002,0.0921,0.0855,0.0805,0.074,0.0686,0.0651,0.0647,0.0637,0.0599,0.0565,0.0529,0.051,0.0471,0.0451,0.0436,0.0413,0.0398,0.0391,0.0379,0.0377,0.0397,0.0382,0.0328,0.0311,0.03,0.0285,0.0282,0.0289,0.0284,0.0261,0.0249,0.0244,0.0242,0.0243,0.025,0.026,0.0276,0.0294,0.0286,0.0253,0.0228,0.0221,0.0221,0.0227,0.0226,0.0221,0.0226,0.0219,0.0198,0.0164,0.0139
0.5204,0.5163,0.5144,0.505,0.4963,0.487,0.4755,0.4628,0.4474,0.4322,0.4185,0.4043,0.3934,0.3764,0.3523,0.3297,0.3092,0.2888,0.2695,0.252,0.2416,0.2224,0.194,0.1685,0.148,0.1318,0.1175,0.1073,0.0994,0.0898,0.0837,0.0769,0.0643,0.0536,0.0467,0.0445,0.039,0.036,0.035,0.0338,0.0307,0.0289,0.0268,0.0251,0.0258,0.0263,0.0245,0.0236,0.0229,0.0197,0.0126,0.0119,0.0117,0.0108,0.0108,0.0098,0.0088,0.0085,0.0088,0.0074,0.0068,0.0037,0.0031,0.0018,0.0007,0.0002,0.0001,0.0,0.0,0.0,0.0,0.0,0.0003,0.0014,0.002,0.0024,0.0035,0.0044,0.0048,0.0044,0.003,0.0029,0.0021,0.001,0.0021,0.0028,0.0034,0.0046,0.0052,0.0075
0.3237,0.3252,0.3208,0.3181,0.3163,0.3125,0.3059,0.2951,0.2876,0.2854,0.2814,0.2724,0.2662,0.2608,0.2489,0.2405,0.2354,0.2277,0.2188,0.2091,0.2002,0.1906,0.1793,0.1672,0.1554,0.1453,0.1367,0.1278,0.1169,0.1102,0.1023,0.0923,0.0819,0.0695,0.0632,0.0573,0.0535,0.0467,0.0381,0.034,0.0311,0.0298,0.0254,0.0221,0.021,0.0188,0.0174,0.0185,0.0198,0.0177,0.0167,0.017,0.0185,0.0202,0.021,0.0196,0.02,0.0212,0.0207,0.0204,0.0192,0.0188,0.0174,0.0146,0.0136,0.0148,0.0163,0.0169,0.0178,0.019,0.0192,0.0178,0.0171,0.0157,0.015,0.0148,0.0164,0.018,0.0208,0.0211,0.021,0.0201,0.0186,0.0207,0.0228,0.0233,0.0232,0.0255,0.0235,0.0258
0.3161,0.3128,0.3086,0.3063,0.3016,0.2953,0.2846,0.2718,0.2539,0.2357,0.2219,0.2121,0.2027,0.1903,0.174,0.1619,0.1463,0.1204,0.1061,0.0972,0.0907,0.0809,0.0722,0.0655,0.0595,0.055,0.0522,0.0492,0.0484,0.0497,0.0515,0.0507,0.0483,0.0467,0.0436,0.0406,0.0396,0.0384,0.0371,0.037,0.0379,0.0395,0.0401,0.0401,0.0407,0.0405,0.0406,0.0416,0.0398,0.0374,0.0347,0.0332,0.0313,0.0324,0.0324,0.0329,0.0347,0.0357,0.0359,0.0353,0.035,0.0344,0.0346,0.0342,0.0327,0.0303,0.0288,0.0286,0.0282,0.0302,0.0309,0.0319,0.0321,0.0318,0.0294,0.0249,0.023,0.0226,0.02,0.0147,0.0094,0.0096,0.0097,0.0092,0.0083,0.0119,0.0162,0.0182,0.0136,0.0112
