0.3096,0.2934,0.2848,0.2824,0.2756,0.2634,0.2586,0.2517,0.2442,0.2335,0.2226,0.2158,0.2089,0.2008,0.1968,0.1916,0.1859,0.179,0.1702,0.1573,0.1476,0.1399,0.1296,0.1191,0.1119,0.1081,0.1035,0.0986,0.0957,0.0914,0.089,0.0899,0.0862,0.0821,0.0797,0.0782,0.0776,0.0771,0.0767,0.0766,0.0753,0.0744,0.071,0.0665,0.0646,0.0616,0.0594,0.0576,0.0552,0.0529,0.05,0.0493,0.0488,0.0459,0.0425,0.0398,0.0385,0.0381,0.0384,0.0396,0.0404,0.0404,0.0408,0.0402,0.04,0.0396,0.0402,0.0418,0.042,0.0422,0.0426,0.0424,0.0425,0.0437,0.043,0.0427,0.0425,0.0424,0.0415,0.0409,0.0416,0.0416,0.041,0.0409,0.0401,0.0405,0.0377,0.0346,0.0341,0.0341
0.4523,0.442,0.4342,0.4275,0.4202,0.4096,0.3949,0.3767,0.3583,0.3414,0.3236,0.3119,0.3003,0.2876,0.2785,0.2684,0.2572,0.2498,0.2429,0.2373,0.2253,0.2127,0.1985,0.1845,0.1768,0.1684,0.1588,0.1506,0.1429,0.1354,0.1281,0.1219,0.1135,0.1076,0.1042,0.101,0.0971,0.0948,0.0936,0.0938,0.0967,0.1011,0.1021,0.1032,0.1008,0.0998,0.0985,0.0973,0.0966,0.0954,0.0919,0.0942,0.0938,0.0917,0.0889,0.0871,0.0885,0.0878,0.0873,0.0845,0.0802,0.0768,0.0743,0.0731,0.0694,0.0661,0.0643,0.0636,0.0631,0.0633,0.0641,0.0651,0.0661,0.0674,0.0679,0.0701,0.0726,0.0733,0.0721,0.0708,0.07,0.0694,0.0679,0.0647,0.0622,0.0618,0.0619,0.0592,0.0585,0.0578
0.4527,0.4403,0.4286,0.4232,0.4262,0.4154,0.399,0.3836,0.3723,0.3619,0.3482,0.3373,0.3299,0.3219,0.3127,0.3031,0.2935,0.2834,0.2713,0.2605,0.2494,0.2361,0.2194,0.211,0.2027,0.1963,0.1908,0.184,0.177,0.1706,0.1627,0.1587,0.1564,0.1529,0.1496,0.144,0.1361,0.1327,0.1301,0.1264,0.1251,0.1229,0.1225,0.1211,0.1183,0.1156,0.1129,0.1095,0.1075,0.1048,0.1023,0.0999,0.0969,0.0937,0.0903,0.0853,0.078,0.0713,0.0688,0.0697,0.07,0.0693,0.0668,0.0644,0.063,0.0622,0.0607,0.059,0.0577,0.0565,0.0542,0.0505,0.0496,0.047,0.042,0.0359,0.0305,0.0265,0.0235,0.0208,0.0187,0.0175,0.0165,0.0169,0.0162,0.0142,0.0117,0.009,0.0079,0.0071
0.3356,0.3272,0.3207,0.3156,0.305,0.2891,0.2745,0.2634,0.2576,0.2519,0.2481,0.2425,0.2326,0.2263,0.22,0.2125,0.2066,0.202,0.199,0.1944,0.1886,0.1808,0.1718,0.163,0.1538,0.1444,0.1399,0.1379,0.1332,0.1292,0.1262,0.1228,0.1189,0.1161,0.1118,0.1098,0.1079,0.1041,0.1019,0.1006,0.1016,0.0999,0.0956,0.0902,0.0854,0.0825,0.0805,0.0799,0.0769,0.0753,0.0735,0.0706,0.0676,0.065,0.0625,0.0608,0.0595,0.0593,0.0601,0.0563,0.0534,0.0517,0.0474,0.0428,0.0391,0.0353,0.0338,0.033,0.0315,0.0299,0.0305,0.0308,0.0295,0.0297,0.0284,0.0261,0.0241,0.023,0.0221,0.0219,0.0226,0.0232,0.0222,0.0215,0.0213,0.0223,0.0221,0.0187,0.0185,0.0192
0.211,0.201,0.1935,0.187,0.1771,0.1688,0.1591,0.151,0.1474,0.1436,0.1405,0.1371,0.1297,0.1226,0.1187,0.114,0.1094,0.1078,0.1025,0.0997,0.1003,0.0987,0.0962,0.0934,0.0902,0.0843,0.0822,0.0842,0.086,0.0835,0.0812,0.0788,0.0777,0.0772,0.0758,0.0728,0.0698,0.0671,0.0618,0.0559,0.0522,0.049,0.0446,0.0372,0.033,0.0289,0.0254,0.0198,0.0183,0.0165,0.0137,0.0121,0.01,0.0082,0.0071,0.006,0.0055,0.0054,0.0045,0.0016,0.0005,0.0001,0.0,0.0,0.0,0.0,0.0,0.0,0.0,0.0,0.0,0.0,0.0,0.0,0.0,0.0,0.0,0.0,0.0,0.0,0.0,0.0,0.0,0.0,0.0,0.0,0.0,0.0,0.0,0.0
0.1654,0.162,0.1573,0.1522,0.1467,0.1405,0.1347,0.1285,0.1279,0.1298,0.1257,0.1178,0.1103,0.1052,0.1024,0.1007,0.0993,0.0952,0.0904,0.0834,0.0802,0.0765,0.076,0.0732,0.0625,0.0524,0.0442,0.0394,0.0347,0.0304,0.0253,0.017,0.0093,0.0061,0.0038,0.0032,0.0032,0.003,0.0032,0.0023,0.0002,0.0,0.0,0.0,0.0,0.0,0.0,0.0,0.0,0.0,0.0,0.0,0.0,0.0,0.0,0.0,0.0,0.0,0.0,0.0,0.0,0.0,0.0,0.0,0.0,0.0,0.0,0.0,0.0,0.0,0.0,0.0,0.0,0.0,0.0,0.0,0.0,0.0,0.0,0.0,0.0,0.0,0.0,0.0,0.0,0.0,0.0,0.0,0.0,0.0
0.146,0.1402,0.1372,0.1342,0.1282,0.1237,0.1239,0.1219,0.1163,0.1124,0.1084,0.1035,0.0973,0.0904,0.082,0.0746,0.0683,0.0636,0.0606,0.0551,0.05,0.0465,0.0433,0.0409,0.0394,0.0388,0.0368,0.0335,0.0306,0.0271,0.0231,0.0183,0.0124,0.0072,0.0022,0.0006,0.0001,0.0,0.0001,0.0005,0.0002,0.0,0.0,0.0,0.0,0.0,0.0,0.0,0.0,0.0,0.0,0.0,0.0,0.0,0.0,0.0,0.0,0.0,0.0,0.0,0.0,0.0,0.0,0.0,0.0,0.0,0.0,0.0,0.0,0.0,0.0,0.0,0.0,0.0,0.0,0.0,0.0,0.0,0.0,0.0,0.0,0.0,0.0,0.0,0.0,0.0,0.0,0.0,0.0,0.0
0.1384,0.1299,0.123,0.1192,0.1156,0.1123,0.1078,0.1061,0.1008,0.0942,0.0889,0.0847,0.081,0.0751,0.075,0.0723,0.0663,0.0568,0.0484,0.0409,0.0332,0.0268,0.0203,0.0158,0.0118,0.0071,0.004,0.0027,0.0014,0.0006,0.0004,0.0001,0.0,0.0,0.0,0.0,0.0,0.0,0.0,0.0,0.0,0.0,0.0,0.0,0.0,0.0,0.0,0.0,0.0,0.0,0.0,0.0,0.0,0.0,0.0,0.0,0.0,0.0,0.0,0.0,0.0,0.0,0.0,0.0,0.0,0.0,0.0,0.0,0.0,0.0,0.0,0.0,0.0,0.0,0.0,0.0,0.0,0.0,0.0,0.0,0.0,0.0,0.0,0.0,0.0,0.0,0.0,0.0,0.0,0.0
0.1098,0.1028,0.0974,0.0917,0.0881,0.0821,0.0779,0.0727,0.0674,0.0633,0.0567,0.0525,0.0486,0.0436,0.0397,0.0369,0.0332,0.0298,0.0259,0.0229,0.0204,0.0177,0.0142,0.0098,0.0082,0.0066,0.0049,0.0033,0.0018,0.0006,0.0001,0.0,0.0,0.0,0.0,0.0,0.0,0.0,0.0,0.0,0.0,0.0,0.0,0.0,0.0007,0.001,0.0007,0.0009,0.0007,0.0006,0.0003,0.0002,0.0002,0.0001,0.0001,0.0011,0.002,0.0018,0.0017,0.0016,0.0015,0.0015,0.0012,0.0011,0.0009,0.0002,0.0,0.0,0.0,0.0,0.0,0.0,0.0,0.0,0.0,0.0,0.0,0.0,0.0,0.0,0.0,0.0,0.0,0.0,0.0,0.0,0.0,0.0,0.0,0.0
0.1106,0.102,0.0956,0.0912,0.0831,0.0762,0.0707,0.0656,0.0666,0.0647,0.0581,0.0544,0.0518,0.0476,0.045,0.0436,0.0405,0.0382,0.0387,0.0358,0.0378,0.0392,0.0374,0.035,0.0352,0.0358,0.0389,0.0444,0.0447,0.0454,0.045,0.0433,0.042,0.0396,0.0357,0.0336,0.0359,0.0371,0.0413,0.0409,0.0392,0.0386,0.0388,0.0394,0.0407,0.041,0.041,0.0406,0.0392,0.038,0.0368,0.0347,0.0342,0.0336,0.0322,0.0318,0.0304,0.0305,0.0299,0.0297,0.0279,0.0239,0.021,0.0194,0.0204,0.0162,0.0133,0.0119,0.0115,0.0104,0.0087,0.0088,0.0079,0.0069,0.0082,0.009,0.0096,0.0114,0.011,0.0079,0.0067,0.0097,0.0079,0.0074,0.0081,0.0077,0.0067,0.0058,0.0047,0.003
0.118,0.1163,0.1144,0.1134,0.1132,0.112,0.1083,0.1064,0.1061,0.1045,0.1029,0.0986,0.1,0.1012,0.1009,0.0944,0.088,0.0856,0.0819,0.078,0.0772,0.0751,0.072,0.0675,0.0647,0.0617,0.0589,0.0588,0.0564,0.054,0.0531,0.0522,0.0523,0.0513,0.0478,0.0452,0.0439,0.0416,0.0391,0.036,0.0361,0.0364,0.0353,0.0333,0.0322,0.0306,0.0315,0.0288,0.0286,0.0296,0.0314,0.0291,0.0269,0.0259,0.0249,0.022,0.0196,0.019,0.0184,0.0184,0.0172,0.0179,0.0182,0.0179,0.0148,0.0132,0.0107,0.0103,0.0091,0.0083,0.0107,0.0119,0.008,0.0084,0.0092,0.0078,0.0053,0.0042,0.0023,0.0027,0.0027,0.002,0.0007,0.0012,0.0014,0.0002,0.0002,0.0003,0.0002,0.0001
0.09,0.088,0.0874,0.0867,0.0868,0.0867,0.0869,0.0829,0.0778,0.0772,0.0754,0.0718,0.0703,0.0699,0.0704,0.068,0.066,0.0637,0.0629,0.061,0.0612,0.062,0.0626,0.0623,0.0623,0.0614,0.0603,0.0567,0.0547,0.0541,0.0535,0.0509,0.0489,0.0475,0.0455,0.044,0.0435,0.0436,0.0456,0.0445,0.0429,0.0417,0.0412,0.0393,0.0362,0.0351,0.0357,0.0337,0.0302,0.03,0.0285,0.0237,0.0212,0.0231,0.0213,0.0138,0.009,0.0078,0.0078,0.0075,0.0073,0.0056,0.0062,0.0045,0.001,0.0005,0.0001,0.0001,0.0,0.0,0.0,0.0,0.0,0.0,0.0,0.0,0.0,0.0,0.0,0.0,0.0,0.0,0.0,0.0,0.0,0.0,0.0,0.0,0.0,0.0
0.0748,0.0737,0.0732,0.0721,0.071,0.07,0.0681,0.0666,0.0655,0.0673,0.0674,0.0679,0.0674,0.0647,0.0633,0.0608,0.0586,0.0597,0.0598,0.0585,0.0541,0.0492,0.0436,0.0382,0.035,0.0321,0.0272,0.0215,0.0192,0.0187,0.0185,0.018,0.0174,0.0164,0.0165,0.0147,0.0124,0.0126,0.0151,0.0145,0.0125,0.0132,0.0123,0.01,0.0076,0.0058,0.0042,0.0036,0.0029,0.0046,0.0057,0.0048,0.0036,0.0022,0.0015,0.001,0.0013,0.0005,0.0001,0.0,0.0,0.0,0.0,0.0,0.0,0.0,0.0,0.0,0.0,0.0,0.0,0.0,0.0,0.0,0.0,0.0,0.0,0.0,0.0,0.0,0.0,0.0,0.0,0.0,0.0,0.0,0.0,0.0,0.0,0.0
0.0549,0.0539,0.0579,0.0551,0.0494,0.0461,0.0441,0.0433,0.0451,0.0411,0.0344,0.0312,0.0297,0.029,0.0302,0.0313,0.0307,0.0285,0.0227,0.0191,0.0164,0.0169,0.0171,0.0163,0.0146,0.0128,0.0097,0.0053,0.0021,0.0006,0.0,0.0,0.0,0.0,0.0,0.0,0.0,0.0,0.0,0.0,0.0005,0.0006,0.0,0.0,0.0,0.0,0.0,0.0,0.0,0.0,0.0,0.0,0.0,0.0,0.0,0.0,0.0,0.0,0.0,0.0,0.0,0.0,0.0,0.0,0.0,0.0,0.0,0.0,0.0,0.0,0.0,0.0,0.0,0.0,0.0,0.0,0.0,0.0,0.0,0.0,0.0,0.0,0.0,0.0,0.0,0.0,0.0,0.0,0.0,0.0
0.0461,0.0415,0.0399,0.0353,0.032,0.0281,0.0235,0.0193,0.0164,0.0143,0.0089,0.0071,0.0069,0.0061,0.006,0.0072,0.0082,0.0081,0.0053,0.0035,0.0029,0.0029,0.0028,0.002,0.0018,0.0018,0.0017,0.0016,0.0014,0.0012,0.001,0.0008,0.0005,0.0002,0.0,0.0,0.0,0.0,0.0,0.0,0.0,0.0,0.0,0.0,0.0,0.0,0.0,0.0,0.0,0.0,0.0,0.0,0.0,0.0,0.0,0.0,0.0,0.0,0.0,0.0,0.0,0.0,0.0,0.0,0.0,0.0,0.0,0.0,0.0,0.0,0.0,0.0,0.0,0.0,0.0,0.0,0.0,0.0,0.0,0.0,0.0,0.0,0.0,0.0,0.0,0.0,0.0,0.0,0.0,0.0
0.129,0.1213,0.116,0.1107,0.1023,0.0954,0.0898,0.0843,0.0806,0.0797,0.0759,0.0711,0.0678,0.0659,0.0642,0.0601,0.0577,0.0573,0.0532,0.047,0.0419,0.0404,0.0393,0.0367,0.0308,0.0281,0.028,0.0267,0.0249,0.0239,0.0221,0.018,0.0151,0.0148,0.0134,0.0144,0.0155,0.0157,0.0128,0.007,0.0047,0.0045,0.0054,0.0059,0.0061,0.0059,0.0051,0.0046,0.0041,0.0032,0.0031,0.0032,0.0028,0.0024,0.0018,0.0021,0.002,0.0012,0.0011,0.0007,0.0,0.0,0.0,0.0,0.0,0.0,0.0,0.0,0.0,0.0,0.0,0.0,0.0,0.0,0.0,0.0,0.0,0.0,0.0,0.0,0.0,0.0,0.0,0.0,0.0,0.0,0.0,0.0,0.0,0.0
0.2756,0.2631,0.2498,0.2432,0.2358,0.2264,0.2183,0.2104,0.1993,0.202,0.2015,0.197,0.1922,0.1913,0.1897,0.1884,0.1848,0.1789,0.1756,0.1672,0.1546,0.146,0.1398,0.1335,0.1265,0.1185,0.1086,0.1018,0.1005,0.0962,0.0884,0.083,0.0732,0.0713,0.0698,0.0702,0.0692,0.0643,0.0611,0.0572,0.0543,0.0537,0.0533,0.0512,0.05,0.0498,0.0493,0.0463,0.0437,0.0394,0.0379,0.0388,0.0372,0.0325,0.0281,0.0261,0.0235,0.0213,0.0182,0.0141,0.0106,0.0075,0.0037,0.0018,0.0005,0.0001,0.0,0.0,0.0,0.0,0.0,0.0,0.0,0.0,0.0,0.0,0.0,0.0,0.0,0.0,0.0,0.0,0.0,0.0,0.0,0.0,0.0,0.0,0.0,0.0
0.3779,0.371,0.363,0.3536,0.3498,0.3448,0.3387,0.3384,0.3345,0.3298,0.3257,0.3205,0.3148,0.3111,0.3055,0.2992,0.2932,0.2891,0.2854,0.2785,0.2701,0.2629,0.2556,0.2467,0.2363,0.2178,0.208,0.2028,0.1972,0.1842,0.1711,0.16,0.1524,0.1461,0.1402,0.1295,0.1196,0.1069,0.1014,0.0997,0.0924,0.0856,0.0791,0.0714,0.0656,0.0602,0.0559,0.0524,0.0483,0.0453,0.0407,0.0363,0.0333,0.0308,0.0273,0.0241,0.0213,0.0201,0.0196,0.0177,0.0169,0.0148,0.0134,0.0115,0.0101,0.0084,0.0073,0.0057,0.0042,0.0022,0.0002,0.0,0.0,0.0,0.0,0.0,0.0,0.0,0.0,0.0,0.0,0.0,0.0,0.0,0.0,0.0,0.0,0.0,0.0,0.0
0.3785,0.3689,0.3637,0.3595,0.3435,0.3369,0.3311,0.3255,0.323,0.3129,0.3094,0.3074,0.3014,0.2979,0.2973,0.2972,0.2932,0.2875,0.2834,0.2802,0.2746,0.2663,0.2591,0.253,0.2469,0.2353,0.2199,0.2063,0.2011,0.1973,0.1848,0.1739,0.1599,0.1273,0.1098,0.0989,0.0967,0.0948,0.0916,0.086,0.0823,0.0829,0.0792,0.069,0.0626,0.0591,0.0568,0.0549,0.0532,0.0482,0.0454,0.0444,0.0421,0.0382,0.0339,0.0311,0.0296,0.0288,0.026,0.0229,0.0225,0.022,0.0205,0.0192,0.0174,0.0171,0.0153,0.0135,0.0134,0.0128,0.0111,0.0095,0.008,0.0094,0.0092,0.0075,0.0063,0.0068,0.0069,0.0073,0.0078,0.0081,0.0078,0.0048,0.0035,0.0033,0.0031,0.0028,0.0016,0.001
0.4166,0.4144,0.4099,0.4115,0.4059,0.4002,0.3962,0.3911,0.3901,0.3835,0.3775,0.3766,0.3731,0.3671,0.3597,0.3568,0.3573,0.3542,0.3462,0.3426,0.3353,0.3268,0.3207,0.3195,0.3187,0.315,0.3084,0.3037,0.2974,0.2902,0.2848,0.2785,0.2771,0.2736,0.2692,0.2648,0.2573,0.2509,0.2427,0.2387,0.2337,0.2296,0.226,0.2193,0.2133,0.2054,0.1973,0.1883,0.1829,0.1773,0.1673,0.156,0.144,0.1416,0.1325,0.1242,0.117,0.1154,0.1107,0.1059,0.1005,0.0937,0.0855,0.0796,0.0743,0.0691,0.0626,0.0569,0.0521,0.0441,0.0397,0.0392,0.0356,0.0329,0.0331,0.0313,0.0259,0.0216,0.0192,0.0164,0.0157,0.0183,0.017,0.015,0.014,0.0135,0.0152,0.015,0.014,0.0127
0.3264,0.3249,0.3248,0.326,0.3289,0.3276,0.3287,0.3267,0.3247,0.3252,0.3228,0.3227,0.3231,0.3184,0.3139,0.3048,0.2967,0.2955,0.2913,0.2911,0.2901,0.2885,0.283,0.2809,0.2832,0.2843,0.2809,0.2777,0.2728,0.2661,0.2645,0.2598,0.2573,0.2576,0.2543,0.2496,0.2448,0.2359,0.2248,0.218,0.2169,0.2149,0.2084,0.2015,0.1957,0.1885,0.1806,0.1714,0.1624,0.1538,0.146,0.1365,0.1246,0.1193,0.1145,0.1038,0.0945,0.0888,0.0863,0.0824,0.0819,0.0766,0.0736,0.0731,0.0719,0.0705,0.0693,0.0666,0.0643,0.0612,0.0581,0.056,0.0522,0.0504,0.0487,0.0461,0.0467,0.046,0.0467,0.045,0.0449,0.0436,0.0425,0.0414,0.0413,0.0396,0.0357,0.0337,0.0324,0.0308
0.3808,0.3774,0.375,0.376,0.3764,0.3709,0.3676,0.3649,0.3599,0.3593,0.352,0.347,0.3461,0.3421,0.3357,0.3292,0.3315,0.3288,0.3226,0.3209,0.3198,0.318,0.3112,0.3041,0.3013,0.3013,0.3013,0.307,0.3078,0.299,0.2897,0.2811,0.2748,0.2743,0.2711,0.2682,0.2679,0.2674,0.2579,0.2486,0.2441,0.2405,0.2354,0.2314,0.2289,0.227,0.2213,0.2132,0.2049,0.1979,0.1901,0.183,0.174,0.163,0.154,0.1412,0.1324,0.1216,0.1146,0.1003,0.0872,0.0765,0.0689,0.0646,0.0586,0.0513,0.0463,0.0416,0.0373,0.036,0.0348,0.0335,0.0319,0.0294,0.0272,0.0263,0.0272,0.0285,0.0273,0.0254,0.0236,0.0189,0.0183,0.0173,0.0181,0.0189,0.0138,0.0135,0.0126,0.0123
0.4511,0.4461,0.4399,0.4345,0.4342,0.4347,0.4322,0.429,0.4241,0.4222,0.4138,0.4025,0.3999,0.3952,0.3829,0.3777,0.3747,0.3644,0.357,0.3524,0.3519,0.3482,0.3453,0.3423,0.3364,0.3288,0.323,0.3176,0.3131,0.3098,0.3073,0.3023,0.2961,0.2897,0.2827,0.2744,0.2667,0.2587,0.2492,0.235,0.2219,0.2117,0.2052,0.1927,0.1839,0.1781,0.1699,0.1599,0.1467,0.1336,0.1196,0.1087,0.099,0.0874,0.0863,0.081,0.0738,0.0684,0.067,0.0634,0.0576,0.0552,0.0545,0.0578,0.0596,0.0577,0.0553,0.0533,0.052,0.0531,0.0526,0.0506,0.0484,0.0463,0.0446,0.0439,0.0437,0.0442,0.0458,0.0459,0.0448,0.0425,0.0403,0.038,0.0364,0.0341,0.0293,0.0245,0.024,0.0241
0.361,0.3586,0.3536,0.3484,0.3449,0.3441,0.3478,0.3488,0.3475,0.3445,0.3428,0.3383,0.3359,0.3377,0.3368,0.3295,0.321,0.314,0.3145,0.3146,0.314,0.3136,0.3118,0.3065,0.2939,0.2853,0.2803,0.2733,0.2677,0.264,0.2609,0.2612,0.2548,0.2492,0.245,0.2382,0.2293,0.2212,0.2146,0.2066,0.1948,0.1867,0.1787,0.1733,0.1693,0.1678,0.1618,0.1541,0.1464,0.1397,0.1347,0.1286,0.1177,0.1073,0.1016,0.0963,0.0911,0.0854,0.0821,0.0806,0.0772,0.0755,0.068,0.0626,0.0549,0.0497,0.0451,0.0418,0.0444,0.0472,0.0461,0.039,0.0336,0.0315,0.0296,0.0302,0.03,0.0281,0.0252,0.0245,0.0234,0.0223,0.0243,0.0259,0.0242,0.0228,0.0168,0.0129,0.0163,0.0156
0.2689,0.2711,0.2693,0.2658,0.2622,0.2642,0.267,0.2669,0.2645,0.2615,0.2583,0.2522,0.2456,0.2402,0.239,0.2348,0.2276,0.2249,0.2228,0.2188,0.2146,0.2104,0.208,0.2068,0.2063,0.2035,0.202,0.1977,0.1929,0.1919,0.1923,0.1915,0.1905,0.1865,0.1785,0.169,0.1632,0.1601,0.1586,0.1553,0.1515,0.1477,0.145,0.1439,0.1417,0.1383,0.1339,0.1294,0.1248,0.12,0.1169,0.1146,0.1091,0.1018,0.1003,0.0961,0.0912,0.0884,0.0856,0.0833,0.0778,0.0722,0.0668,0.0605,0.0565,0.0523,0.0493,0.047,0.0456,0.0432,0.0417,0.0411,0.0412,0.0389,0.0383,0.0431,0.0453,0.047,0.0489,0.0484,0.0465,0.044,0.0411,0.0405,0.0389,0.0389,0.0387,0.0379,0.0393,0.0364
0.1968,0.1941,0.1928,0.1896,0.1856,0.1851,0.1844,0.1826,0.1804,0.1792,0.1766,0.1728,0.1656,0.1606,0.1577,0.1571,0.1578,0.1605,0.1625,0.1604,0.1536,0.1477,0.1455,0.1439,0.1414,0.1406,0.1381,0.1366,0.1316,0.1282,0.127,0.1235,0.1209,0.1203,0.1186,0.1173,0.1151,0.1127,0.1114,0.1118,0.1125,0.1093,0.1056,0.1003,0.0966,0.0907,0.0876,0.0872,0.0864,0.0831,0.08,0.0783,0.081,0.0808,0.0786,0.0754,0.0718,0.0699,0.0678,0.0636,0.065,0.0638,0.0604,0.0592,0.0578,0.0588,0.0605,0.0607,0.0578,0.0571,0.0525,0.0483,0.0468,0.0471,0.0482,0.0452,0.0441,0.0429,0.0444,0.0442,0.0425,0.0417,0.0418,0.0417,0.0417,0.0417,0.0421,0.0397,0.0403,0.0422
0.1649,0.16,0.1545,0.1456,0.1344,0.1325,0.1358,0.1372,0.1418,0.1446,0.1464,0.1481,0.1491,0.1495,0.15,0.1509,0.1516,0.1506,0.1473,0.143,0.1399,0.139,0.1382,0.1385,0.1385,0.1365,0.1292,0.1246,0.1246,0.129,0.1319,0.1315,0.1273,0.1226,0.1193,0.1181,0.1177,0.1174,0.1144,0.1104,0.1039,0.0999,0.1026,0.1026,0.1006,0.0998,0.0984,0.0968,0.0931,0.0899,0.0878,0.087,0.0849,0.0839,0.083,0.0818,0.0802,0.0791,0.0778,0.0763,0.0732,0.0704,0.0652,0.0594,0.0572,0.0561,0.0514,0.0476,0.0426,0.0379,0.0369,0.0362,0.0355,0.034,0.0335,0.0358,0.0389,0.0397,0.0382,0.0398,0.0403,0.0398,0.0376,0.0321,0.0283,0.0282,0.0298,0.0295,0.0293,0.0288
0.1814,0.1813,0.1778,0.1723,0.1651,0.159,0.1571,0.1576,0.1572,0.1543,0.153,0.1531,0.1511,0.1486,0.1456,0.142,0.1422,0.1422,0.1415,0.1413,0.14,0.1403,0.1373,0.1352,0.1332,0.1303,0.1264,0.121,0.1191,0.1178,0.111,0.1015,0.096,0.092,0.0886,0.0845,0.0813,0.0752,0.0702,0.0675,0.0654,0.0651,0.0622,0.0603,0.0579,0.0571,0.0558,0.0543,0.0496,0.0462,0.043,0.0395,0.0363,0.0339,0.0306,0.0282,0.0267,0.0264,0.0243,0.0222,0.0192,0.0173,0.0161,0.0111,0.0098,0.0081,0.0055,0.0051,0.0055,0.0037,0.0031,0.0031,0.0028,0.0018,0.0008,0.0009,0.0005,0.0004,0.0003,0.0001,0.0,0.0001,0.0,0.0001,0.0002,0.0003,0.0001,0.0,0.0,0.0001
0.1211,0.1186,0.1213,0.1287,0.1316,0.128,0.1149,0.111,0.1082,0.1048,0.1025,0.1012,0.1004,0.0988,0.0952,0.0928,0.0917,0.0862,0.0838,0.0817,0.0791,0.0762,0.0721,0.0684,0.0662,0.0666,0.068,0.0656,0.0624,0.0557,0.0463,0.0429,0.0395,0.0375,0.0354,0.0335,0.0319,0.0313,0.0299,0.0282,0.0266,0.0283,0.0291,0.0251,0.0193,0.0134,0.015,0.0156,0.0159,0.0166,0.017,0.0171,0.0157,0.0148,0.0139,0.0126,0.0111,0.0105,0.0097,0.0084,0.0079,0.0047,0.0054,0.0039,0.0033,0.0021,0.0012,0.0009,0.0011,0.0003,0.0001,0.0,0.0,0.0,0.0,0.0006,0.0012,0.0013,0.0013,0.0012,0.0014,0.0017,0.0018,0.0015,0.0011,0.0005,0.0002,0.0001,0.0004,0.0011
0.0522,0.0491,0.0494,0.0477,0.0475,0.0465,0.0441,0.0459,0.0454,0.0454,0.0464,0.0447,0.0429,0.0416,0.0417,0.0423,0.0454,0.0465,0.0476,0.0466,0.0464,0.0461,0.0474,0.048,0.0469,0.0464,0.0457,0.0453,0.0444,0.0413,0.0405,0.0405,0.0399,0.0398,0.0397,0.0395,0.0393,0.0389,0.0373,0.0342,0.0326,0.0316,0.0334,0.0363,0.0369,0.0376,0.0376,0.0374,0.0379,0.0378,0.0377,0.0375,0.0371,0.0372,0.0378,0.0382,0.0381,0.0381,0.0382,0.0384,0.0384,0.038,0.0379,0.0373,0.0369,0.0371,0.0379,0.0376,0.0355,0.0306,0.0297,0.0323,0.0331,0.0307,0.0311,0.0274,0.0243,0.0245,0.0237,0.0227,0.0229,0.0237,0.023,0.0243,0.0273,0.0297,0.031,0.0313,0.0313,0.0316
0.4389,0.4289,0.4219,0.418,0.4158,0.4151,0.4147,0.4255,0.4308,0.4323,0.4303,0.4288,0.4249,0.4195,0.4173,0.4136,0.4155,0.4207,0.4299,0.4315,0.4316,0.4345,0.4413,0.4507,0.4562,0.4621,0.4687,0.4748,0.4797,0.4798,0.4789,0.4835,0.488,0.4869,0.4839,0.483,0.4808,0.4769,0.4756,0.4717,0.4675,0.4645,0.4623,0.4644,0.4684,0.4707,0.4707,0.4697,0.4658,0.459,0.4517,0.4451,0.4408,0.4399,0.4383,0.4393,0.4414,0.4412,0.4386,0.4372,0.4395,0.4411,0.437,0.4321,0.4273,0.4284,0.4324,0.4274,0.4176,0.4151,0.4106,0.4079,0.4086,0.401,0.3927,0.3835,0.3774,0.3706,0.3708,0.3747,0.3765,0.3787,0.3815,0.3862,0.3917,0.3954,0.401,0.4055,0.4044,0.4088
0.5186,0.5147,0.5082,0.5028,0.5061,0.5111,0.5058,0.5011,0.4989,0.4966,0.49,0.4859,0.4828,0.4795,0.4757,0.4705,0.4652,0.4553,0.455,0.4571,0.4544,0.4493,0.4486,0.4458,0.4411,0.4352,0.4291,0.4231,0.4163,0.4087,0.4004,0.3898,0.3763,0.3643,0.3522,0.3402,0.3291,0.3202,0.3109,0.302,0.2934,0.2857,0.2767,0.2669,0.2593,0.2499,0.2432,0.2341,0.2299,0.2274,0.2231,0.2187,0.2156,0.2095,0.1991,0.1911,0.1834,0.1781,0.1733,0.1651,0.1542,0.1474,0.1417,0.1386,0.1386,0.133,0.1258,0.1251,0.1275,0.1286,0.1265,0.1237,0.1239,0.1246,0.1211,0.1228,0.1186,0.1108,0.1049,0.1027,0.1001,0.0983,0.1003,0.1043,0.105,0.1059,0.1072,0.1115,0.1169,0.1188
0.53,0.5233,0.5155,0.5084,0.5022,0.498,0.4916,0.4833,0.4776,0.4719,0.467,0.4613,0.4563,0.4513,0.4452,0.4388,0.4256,0.412,0.4055,0.3956,0.3815,0.3639,0.3409,0.3177,0.293,0.2702,0.2456,0.2197,0.1953,0.1747,0.1545,0.1372,0.1204,0.1064,0.0976,0.0882,0.0806,0.0764,0.0733,0.0673,0.0598,0.0501,0.0405,0.0331,0.0277,0.0235,0.0209,0.0204,0.0194,0.0188,0.0189,0.0178,0.0163,0.0138,0.012,0.0102,0.008,0.0066,0.0062,0.0059,0.0054,0.0046,0.0042,0.0041,0.0044,0.0045,0.0046,0.0048,0.005,0.0046,0.0045,0.0043,0.0048,0.0048,0.0046,0.0042,0.0022,0.0008,0.0006,0.0008,0.0009,0.0008,0.001,0.0015,0.0019,0.0021,0.0027,0.0033,0.0035,0.0035
0.5408,0.529,0.5192,0.5039,0.4852,0.4657,0.4491,0.4306,0.4125,0.3961,0.3769,0.3587,0.3422,0.3255,0.3088,0.2932,0.2837,0.2742,0.2482,0.2178,0.1939,0.1764,0.1521,0.1265,0.1055,0.0884,0.0719,0.0604,0.0533,0.0487,0.0451,0.0417,0.039,0.0368,0.0341,0.0312,0.0279,0.0254,0.0211,0.0191,0.0182,0.0186,0.0186,0.0169,0.0166,0.0167,0.0155,0.0128,0.0123,0.0122,0.011,0.0093,0.0071,0.005,0.0034,0.0022,0.0022,0.0021,0.0018,0.0018,0.0014,0.0017,0.0013,0.001,0.0009,0.0014,0.0012,0.0013,0.0018,0.0015,0.0013,0.0009,0.0005,0.0,0.0002,0.0001,0.0,0.0,0.0,0.0,0.0,0.0,0.0,0.0,0.0,0.0,0.0,0.0,0.0001,0.0
0.3547,0.3504,0.3423,0.3337,0.3219,0.3089,0.2979,0.2856,0.2766,0.2679,0.2597,0.2487,0.2355,0.2212,0.2092,0.1983,0.1888,0.1808,0.1692,0.1478,0.1267,0.1097,0.0971,0.089,0.0793,0.0693,0.062,0.055,0.0488,0.0457,0.0405,0.0375,0.0355,0.0329,0.0304,0.029,0.0285,0.0295,0.0313,0.0314,0.0319,0.0318,0.0306,0.0265,0.0224,0.0236,0.0244,0.0244,0.0248,0.0252,0.0258,0.0248,0.0219,0.0221,0.0228,0.0218,0.0208,0.0198,0.0181,0.0178,0.0158,0.0151,0.0142,0.0148,0.0164,0.0186,0.0198,0.0207,0.0202,0.0168,0.0114,0.0087,0.0082,0.009,0.009,0.0098,0.012,0.0108,0.0124,0.0124,0.0136,0.0136,0.0141,0.0157,0.0172,0.019,0.0209,0.0219,0.0227,0.0255
0.3546,0.3457,0.3384,0.3325,0.322,0.308,0.2923,0.2758,0.2574,0.2378,0.2172,0.2002,0.1869,0.173,0.1623,0.1486,0.1396,0.1358,0.1261,0.1125,0.0985,0.0845,0.0711,0.0602,0.0526,0.0475,0.0443,0.0442,0.0445,0.0424,0.0414,0.0417,0.0403,0.0379,0.0365,0.0361,0.0365,0.0383,0.0392,0.0399,0.0399,0.0393,0.0391,0.0386,0.04,0.0398,0.0382,0.0372,0.0361,0.0347,0.0334,0.0319,0.0313,0.0298,0.0282,0.0271,0.0265,0.0263,0.027,0.0286,0.0284,0.0284,0.0294,0.0296,0.0303,0.033,0.0366,0.0369,0.0358,0.0356,0.0344,0.034,0.0354,0.0362,0.0359,0.0375,0.035,0.0333,0.0344,0.0361,0.0381,0.0382,0.0367,0.0367,0.0357,0.0352,0.035,0.035,0.0349,0.0344
