0.3211,0.3044,0.2927,0.2841,0.2739,0.2603,0.2465,0.2362,0.2217,0.2107,0.2004,0.182,0.1733,0.1691,0.1613,0.1563,0.1495,0.1414,0.1328,0.1264,0.1223,0.1181,0.1177,0.1146,0.1085,0.1031,0.0999,0.0941,0.0892,0.0848,0.0787,0.0748,0.0739,0.0715,0.069,0.065,0.0634,0.06,0.0574,0.0554,0.053,0.0515,0.0488,0.0457,0.0406,0.0359,0.0304,0.0257,0.0284,0.0279,0.0274,0.0254,0.021,0.018,0.0184,0.0179,0.0159,0.0152,0.015,0.015,0.0163,0.0175,0.0168,0.015,0.0147,0.0156,0.0158,0.0142,0.0119,0.0099,0.008,0.0091,0.0077,0.0098,0.0147,0.0171,0.0167,0.0205,0.0229,0.0214,0.0166,0.0162,0.0171,0.014,0.0124,0.0132,0.0126,0.0124,0.013,0.0138
0.4159,0.403,0.3939,0.3864,0.3749,0.366,0.3598,0.3517,0.3381,0.3197,0.293,0.275,0.261,0.2468,0.2328,0.223,0.2095,0.1964,0.1848,0.1717,0.1566,0.1436,0.131,0.1141,0.097,0.0856,0.0756,0.0664,0.0575,0.0547,0.0565,0.0615,0.0579,0.057,0.0571,0.0552,0.0563,0.0583,0.0589,0.0571,0.0558,0.0553,0.0544,0.052,0.049,0.0462,0.0448,0.0436,0.0411,0.04,0.0417,0.0471,0.0446,0.0421,0.0415,0.0405,0.0382,0.0365,0.0348,0.0338,0.0321,0.0313,0.0309,0.0297,0.0281,0.0276,0.0286,0.0333,0.0322,0.0274,0.0254,0.0258,0.0265,0.027,0.0283,0.0292,0.0296,0.0283,0.028,0.0261,0.0248,0.0261,0.027,0.0264,0.0264,0.0276,0.0295,0.0298,0.0306,0.0295
0.4671,0.4578,0.4518,0.449,0.4436,0.4358,0.4303,0.4257,0.4197,0.4016,0.3837,0.372,0.3603,0.3457,0.332,0.3196,0.3102,0.2992,0.2899,0.2808,0.2726,0.2623,0.2494,0.2383,0.2254,0.2107,0.1959,0.1902,0.1779,0.1633,0.1538,0.1422,0.1303,0.1211,0.1138,0.1092,0.1078,0.1064,0.1049,0.1028,0.101,0.0995,0.0982,0.0975,0.0968,0.0961,0.0939,0.0931,0.09,0.086,0.0813,0.0761,0.072,0.073,0.0724,0.0714,0.0697,0.0676,0.0651,0.0624,0.0608,0.0583,0.0559,0.055,0.0546,0.0531,0.0514,0.0509,0.0503,0.0492,0.049,0.0483,0.0466,0.0443,0.0425,0.0419,0.0414,0.0411,0.0406,0.0387,0.0366,0.0343,0.0316,0.0282,0.0254,0.0229,0.0212,0.0201,0.0178,0.0158
0.3633,0.3562,0.3479,0.3377,0.3296,0.323,0.3183,0.3162,0.3165,0.3099,0.2996,0.293,0.2852,0.277,0.269,0.2613,0.2539,0.2477,0.2433,0.2406,0.2363,0.2307,0.2225,0.216,0.2121,0.2055,0.1976,0.1966,0.1834,0.1699,0.1621,0.157,0.1519,0.1469,0.1418,0.1355,0.1308,0.1259,0.1219,0.1196,0.1182,0.115,0.1111,0.1085,0.1062,0.1036,0.099,0.0947,0.0915,0.0863,0.0824,0.079,0.0777,0.0759,0.0708,0.0674,0.0656,0.0646,0.0631,0.0602,0.0576,0.0551,0.051,0.0485,0.0438,0.0397,0.0393,0.038,0.0356,0.0341,0.0325,0.032,0.0315,0.0297,0.0274,0.0257,0.0246,0.0238,0.0231,0.0229,0.0212,0.0185,0.0168,0.017,0.0155,0.0151,0.0154,0.0165,0.0169,0.0166
0.2454,0.2402,0.2328,0.2284,0.2288,0.2275,0.2208,0.2154,0.2148,0.2139,0.2123,0.2081,0.2061,0.2012,0.199,0.194,0.1885,0.1833,0.1802,0.1779,0.1745,0.172,0.167,0.1584,0.1504,0.1463,0.141,0.1265,0.1109,0.0996,0.0931,0.0868,0.0798,0.0735,0.0685,0.0644,0.0601,0.0543,0.0502,0.0429,0.0368,0.0323,0.0286,0.0267,0.0217,0.0188,0.0167,0.0149,0.0122,0.0088,0.0059,0.005,0.0046,0.003,0.0007,0.0002,0.0001,0.0,0.0,0.0,0.0,0.0,0.0,0.0,0.0,0.0,0.0,0.0,0.0,0.0,0.0,0.0,0.0,0.0,0.0,0.0,0.0,0.0,0.0,0.0,0.0,0.0,0.0,0.0,0.0,0.0,0.0,0.0,0.0,0.0
0.1733,0.1711,0.166,0.1593,0.1541,0.1475,0.1452,0.1435,0.1418,0.1396,0.1376,0.1344,0.1302,0.1287,0.1268,0.1243,0.1194,0.1138,0.1074,0.1002,0.0975,0.0919,0.0857,0.0786,0.0718,0.0657,0.0596,0.0507,0.0394,0.0303,0.0259,0.0207,0.0164,0.0122,0.0108,0.0068,0.0052,0.0017,0.0006,0.0001,0.0,0.0,0.0,0.0,0.0,0.0,0.0,0.0,0.0,0.0,0.0,0.0,0.0,0.0,0.0,0.0,0.0,0.0,0.0,0.0,0.0,0.0,0.0,0.0,0.0,0.0,0.0,0.0,0.0,0.0,0.0,0.0,0.0,0.0,0.0,0.0,0.0,0.0,0.0,0.0,0.0,0.0,0.0,0.0,0.0,0.0,0.0,0.0,0.0,0.0
0.1298,0.1248,0.1188,0.1126,0.1095,0.104,0.1002,0.096,0.0914,0.0872,0.0816,0.0765,0.0733,0.0707,0.0683,0.0644,0.0597,0.058,0.0525,0.0448,0.0426,0.0392,0.0343,0.0313,0.0269,0.0253,0.0204,0.0174,0.0181,0.0149,0.0106,0.0051,0.0011,0.0002,0.0011,0.0007,0.0005,0.0001,0.0,0.0,0.0,0.0,0.0,0.0,0.0,0.0,0.0,0.0,0.0,0.0,0.0,0.0,0.0,0.0,0.0,0.0,0.0,0.0,0.0,0.0,0.0,0.0,0.0,0.0,0.0,0.0,0.0,0.0,0.0,0.0,0.0,0.0,0.0,0.0,0.0,0.0,0.0,0.0,0.0,0.0,0.0,0.0,0.0,0.0,0.0,0.0,0.0,0.0,0.0,0.0
0.1465,0.1385,0.132,0.1269,0.1212,0.1157,0.1132,0.1098,0.1048,0.1025,0.1011,0.0976,0.0925,0.0871,0.0809,0.075,0.0702,0.0663,0.0626,0.0594,0.0515,0.0457,0.0409,0.0361,0.0313,0.0253,0.0208,0.0162,0.0111,0.0069,0.0037,0.0013,0.0004,0.0001,0.0,0.0,0.0,0.0,0.0,0.0,0.0,0.0,0.0,0.0,0.0,0.0,0.0,0.0,0.0,0.0,0.0,0.0,0.0,0.0,0.0,0.0,0.0,0.0,0.0,0.0,0.0,0.0,0.0,0.0,0.0,0.0,0.0,0.0,0.0,0.0,0.0,0.0,0.0,0.0,0.0,0.0,0.0,0.0,0.0,0.0,0.0,0.0,0.0,0.0,0.0,0.0,0.0,0.0,0.0,0.0
0.1043,0.0984,0.0934,0.0897,0.0847,0.0793,0.0739,0.0705,0.0685,0.0662,0.0613,0.0546,0.0484,0.0429,0.038,0.0329,0.0286,0.025,0.0225,0.0198,0.0152,0.0107,0.0061,0.0032,0.0014,0.0003,0.0001,0.0,0.0,0.0,0.0,0.0,0.0,0.0,0.0,0.0,0.0,0.0,0.0,0.0,0.0,0.0,0.0,0.0,0.0,0.0004,0.0006,0.0006,0.0003,0.0,0.0,0.0,0.0,0.0,0.0,0.0,0.0,0.0,0.0,0.0,0.0,0.0,0.0,0.0,0.0,0.0,0.0,0.0,0.0,0.0,0.0,0.0,0.0,0.0,0.0,0.0,0.0,0.0,0.0,0.0,0.0,0.0,0.0,0.0,0.0,0.0,0.0,0.0,0.0,0.0
0.1212,0.1166,0.113,0.1102,0.1063,0.1029,0.0999,0.0956,0.0953,0.0936,0.0915,0.088,0.0869,0.0866,0.0855,0.0797,0.0745,0.0674,0.0608,0.0601,0.0615,0.0547,0.0468,0.0425,0.0396,0.0365,0.0332,0.0309,0.0316,0.0329,0.0336,0.0371,0.0385,0.0401,0.0409,0.0429,0.0451,0.0442,0.0422,0.0408,0.0394,0.0389,0.039,0.0384,0.0382,0.0397,0.0414,0.0388,0.0367,0.0381,0.0345,0.0314,0.0285,0.0247,0.0195,0.0187,0.0187,0.0182,0.0168,0.0112,0.0113,0.0111,0.0113,0.0101,0.0103,0.0098,0.0091,0.0085,0.0073,0.0061,0.0054,0.0044,0.0023,0.0005,0.0011,0.0044,0.0059,0.0061,0.006,0.0059,0.0052,0.0042,0.0012,0.0,0.0006,0.0,0.0,0.0,0.0,0.0
0.1381,0.1367,0.1362,0.1352,0.1351,0.1334,0.131,0.1293,0.1131,0.0997,0.0935,0.0901,0.0858,0.0854,0.0822,0.079,0.0846,0.0833,0.0815,0.0823,0.0853,0.0844,0.0826,0.0811,0.0779,0.0758,0.0735,0.0714,0.0686,0.066,0.0649,0.0633,0.0588,0.0568,0.0531,0.0506,0.0467,0.0417,0.0391,0.038,0.0364,0.0363,0.0358,0.034,0.0331,0.0312,0.0297,0.0284,0.0294,0.0287,0.0274,0.0271,0.0256,0.0229,0.0209,0.0217,0.0218,0.0223,0.0203,0.0178,0.0173,0.017,0.0167,0.016,0.0129,0.0108,0.0092,0.0081,0.0092,0.009,0.0076,0.0076,0.0067,0.0064,0.0066,0.0059,0.0039,0.0044,0.0052,0.0049,0.0044,0.0046,0.0042,0.001,0.0007,0.0002,0.0001,0.0001,0.0,0.0
0.0874,0.0871,0.0867,0.0863,0.0856,0.0851,0.0845,0.0815,0.0717,0.0688,0.0678,0.0654,0.0641,0.0644,0.0642,0.062,0.0604,0.058,0.0579,0.0568,0.0544,0.054,0.0522,0.0512,0.0514,0.0539,0.0522,0.0509,0.0509,0.0499,0.0464,0.0453,0.0469,0.0482,0.0467,0.0442,0.0419,0.0419,0.0408,0.0382,0.0359,0.0373,0.0362,0.0336,0.0308,0.0309,0.0317,0.0321,0.0303,0.0284,0.0267,0.0245,0.023,0.0214,0.0199,0.0173,0.0175,0.0171,0.0171,0.0146,0.0138,0.0133,0.0124,0.0113,0.008,0.0041,0.0012,0.0014,0.0016,0.001,0.0003,0.0002,0.0002,0.0001,0.0001,0.0,0.0,0.0,0.0,0.0,0.0,0.0,0.0,0.0,0.0,0.0,0.0,0.0,0.0,0.0
0.0806,0.079,0.0785,0.0778,0.0741,0.0718,0.0694,0.0686,0.0687,0.0691,0.0679,0.0633,0.0592,0.0555,0.054,0.0529,0.0538,0.0538,0.0548,0.0547,0.0515,0.052,0.0499,0.0459,0.0447,0.0452,0.0428,0.0409,0.0389,0.0357,0.0266,0.0197,0.0179,0.0168,0.0154,0.015,0.0148,0.0138,0.0123,0.0103,0.0098,0.0074,0.0103,0.0091,0.0061,0.005,0.0029,0.0021,0.0008,0.0001,0.0001,0.0,0.0,0.0,0.0,0.0,0.0,0.0,0.0,0.0,0.0,0.0,0.0,0.0,0.0,0.0,0.0,0.0,0.0,0.0,0.0,0.0,0.0,0.0,0.0,0.0,0.0,0.0,0.0,0.0,0.0,0.0,0.0,0.0,0.0,0.0,0.0,0.0,0.0,0.0
0.0599,0.059,0.0604,0.0591,0.0537,0.0447,0.0427,0.0407,0.0405,0.0355,0.0338,0.0313,0.0287,0.0265,0.0263,0.0253,0.0225,0.0196,0.019,0.0198,0.0221,0.0218,0.0213,0.0226,0.0173,0.0152,0.0136,0.0113,0.0089,0.0074,0.0028,0.0,0.0,0.0001,0.0001,0.0001,0.0,0.0,0.001,0.0004,0.0002,0.0003,0.0007,0.0008,0.001,0.0001,0.0,0.0,0.0,0.0001,0.0,0.0,0.0003,0.0016,0.0008,0.0016,0.0011,0.0004,0.0001,0.0001,0.0,0.0,0.0,0.0,0.0,0.0,0.0,0.0,0.0007,0.0002,0.0002,0.0005,0.0014,0.0006,0.0012,0.0012,0.0014,0.0008,0.0003,0.0003,0.0003,0.0006,0.0011,0.0016,0.0015,0.0008,0.0003,0.0,0.0001,0.0004
0.0536,0.0498,0.0465,0.0432,0.0408,0.0381,0.0357,0.0329,0.0303,0.0254,0.0231,0.0257,0.0226,0.0211,0.0201,0.0158,0.0145,0.0149,0.0155,0.0144,0.0148,0.0165,0.0171,0.0141,0.0118,0.0115,0.011,0.0108,0.0123,0.0133,0.0165,0.0174,0.0182,0.0174,0.0174,0.0151,0.0125,0.0108,0.0107,0.0111,0.0146,0.021,0.0245,0.0264,0.0266,0.0232,0.0221,0.022,0.0216,0.0213,0.0212,0.021,0.024,0.0261,0.0247,0.0248,0.0259,0.0266,0.0258,0.0267,0.0299,0.0316,0.0321,0.0327,0.0329,0.0306,0.0288,0.0268,0.0268,0.0267,0.0291,0.0328,0.033,0.0313,0.032,0.0306,0.031,0.0296,0.0271,0.0269,0.0296,0.0321,0.0319,0.0299,0.0253,0.0209,0.019,0.019,0.0157,0.0142
0.1339,0.129,0.1255,0.124,0.1168,0.1094,0.1043,0.1037,0.1005,0.099,0.0969,0.0929,0.0889,0.0866,0.0847,0.086,0.0889,0.0942,0.0978,0.1102,0.1183,0.1159,0.1154,0.1253,0.1198,0.1082,0.1023,0.0992,0.0971,0.0942,0.0906,0.0895,0.0932,0.0928,0.0925,0.0938,0.0944,0.0939,0.092,0.0886,0.0857,0.0794,0.0745,0.0708,0.068,0.0636,0.0633,0.0641,0.0631,0.0621,0.0597,0.0553,0.0533,0.0511,0.0478,0.0446,0.0408,0.0413,0.0395,0.0335,0.0318,0.0306,0.0296,0.0282,0.0282,0.0317,0.0332,0.0284,0.0244,0.0239,0.0246,0.0239,0.0241,0.0222,0.0218,0.0205,0.0185,0.0187,0.0184,0.0164,0.0131,0.0118,0.0118,0.0094,0.0064,0.0058,0.0036,0.0014,0.0009,0.0011
0.28,0.2718,0.2568,0.2477,0.2423,0.2323,0.2257,0.2249,0.2168,0.2107,0.206,0.201,0.1972,0.1969,0.1893,0.1825,0.1803,0.1827,0.1778,0.1725,0.1674,0.1637,0.1559,0.1564,0.1565,0.1555,0.1508,0.1464,0.1421,0.1383,0.1382,0.1338,0.1274,0.121,0.1169,0.1098,0.1044,0.0973,0.0904,0.0836,0.0796,0.0737,0.0696,0.0663,0.0578,0.0525,0.0456,0.0437,0.0419,0.0398,0.0373,0.0366,0.0351,0.0328,0.0312,0.0303,0.03,0.0294,0.0278,0.0245,0.022,0.0195,0.0147,0.0114,0.0094,0.0056,0.0029,0.0012,0.0007,0.0008,0.0005,0.0001,0.0,0.0,0.0,0.0,0.0,0.0,0.0,0.0,0.0,0.0,0.0,0.0,0.0,0.0,0.0,0.0,0.0,0.0
0.3575,0.3512,0.3425,0.3317,0.3281,0.3234,0.3172,0.3158,0.3117,0.3035,0.2952,0.2892,0.2854,0.2836,0.2786,0.2685,0.2435,0.217,0.2059,0.2056,0.2036,0.1946,0.183,0.1682,0.1667,0.1624,0.1552,0.1477,0.1418,0.1368,0.1329,0.1225,0.1105,0.099,0.0878,0.0766,0.0669,0.0593,0.0531,0.0487,0.0433,0.0373,0.036,0.0332,0.0281,0.0221,0.0161,0.0132,0.0111,0.0083,0.008,0.008,0.007,0.0037,0.0025,0.0019,0.0013,0.0016,0.0013,0.0009,0.0006,0.0002,0.0,0.0,0.0,0.0,0.0,0.0,0.0,0.0,0.0,0.0,0.0,0.0,0.0,0.0,0.0,0.0,0.0,0.0,0.0,0.0,0.0,0.0,0.0,0.0,0.0,0.0,0.0,0.0
0.3766,0.3718,0.3652,0.3647,0.3518,0.3467,0.3397,0.3323,0.3315,0.3227,0.3181,0.3142,0.3105,0.3065,0.3058,0.2941,0.2857,0.2754,0.2649,0.258,0.2496,0.2394,0.228,0.2173,0.2108,0.207,0.1988,0.1903,0.1803,0.1678,0.1607,0.1512,0.1319,0.1209,0.1106,0.1055,0.1025,0.0986,0.0951,0.0915,0.0846,0.0777,0.0691,0.0605,0.0532,0.0501,0.0471,0.044,0.0395,0.0353,0.0318,0.0279,0.0249,0.0233,0.022,0.0215,0.0204,0.0189,0.017,0.0167,0.017,0.0173,0.0179,0.0197,0.0189,0.0152,0.0112,0.0076,0.0064,0.0053,0.004,0.0037,0.0034,0.0026,0.0018,0.0012,0.0008,0.0,0.0,0.0,0.0,0.0,0.0,0.0,0.0,0.0,0.0,0.0,0.0,0.0
0.4243,0.4242,0.4194,0.4187,0.4147,0.4074,0.4036,0.398,0.3949,0.3932,0.3883,0.3841,0.3758,0.3717,0.3723,0.3715,0.3667,0.3593,0.3497,0.3423,0.3344,0.3245,0.3169,0.3062,0.296,0.2967,0.2906,0.2839,0.2758,0.2699,0.2613,0.2533,0.2447,0.2374,0.2321,0.2255,0.2202,0.2166,0.2127,0.2093,0.2034,0.2006,0.2007,0.1959,0.1889,0.1802,0.1717,0.1645,0.1593,0.1516,0.1433,0.138,0.1329,0.1249,0.1144,0.1023,0.0938,0.0846,0.0789,0.0732,0.0693,0.0651,0.0611,0.0592,0.0569,0.0527,0.0482,0.0431,0.0398,0.0372,0.0339,0.0326,0.0321,0.0283,0.0277,0.0253,0.0199,0.0173,0.0163,0.0141,0.0081,0.0057,0.0049,0.004,0.0043,0.0042,0.0039,0.0035,0.0034,0.0031
0.3132,0.313,0.3145,0.3162,0.3184,0.3173,0.3171,0.3175,0.3132,0.3144,0.3139,0.3132,0.3104,0.3072,0.3055,0.3062,0.3055,0.3052,0.3059,0.3035,0.299,0.2981,0.2977,0.2955,0.2922,0.287,0.282,0.2782,0.2731,0.2683,0.2646,0.2611,0.2623,0.2575,0.2529,0.246,0.2374,0.2281,0.2199,0.2106,0.2019,0.1988,0.2012,0.201,0.1951,0.1875,0.1816,0.1701,0.163,0.1579,0.1508,0.1423,0.1356,0.1293,0.121,0.1109,0.1027,0.0947,0.0882,0.0792,0.0704,0.0633,0.0567,0.0501,0.0436,0.0371,0.0316,0.0263,0.0215,0.0172,0.0149,0.0111,0.008,0.0065,0.0053,0.0043,0.0022,0.0015,0.002,0.002,0.0007,0.0001,0.0003,0.0003,0.0002,0.0006,0.0005,0.0009,0.001,0.0011
0.3821,0.3771,0.3727,0.369,0.3682,0.3642,0.3611,0.3557,0.3495,0.35,0.3506,0.3484,0.3439,0.3417,0.3414,0.3424,0.3428,0.3426,0.3377,0.3263,0.3176,0.3127,0.304,0.2995,0.2988,0.297,0.2962,0.2909,0.2849,0.2784,0.2753,0.2768,0.2753,0.2731,0.2662,0.2569,0.2475,0.236,0.226,0.2148,0.2061,0.1988,0.1842,0.1676,0.1522,0.1351,0.121,0.109,0.0985,0.0857,0.0729,0.0622,0.0535,0.0452,0.0408,0.036,0.0313,0.0271,0.0219,0.0175,0.0127,0.011,0.0102,0.0067,0.0042,0.0037,0.003,0.0025,0.0019,0.002,0.0031,0.0076,0.0082,0.008,0.0069,0.0073,0.0086,0.0099,0.0106,0.0081,0.0065,0.0054,0.0038,0.003,0.0042,0.0044,0.0037,0.0056,0.0069,0.0071
0.4426,0.4383,0.4337,0.4312,0.4299,0.4276,0.4225,0.4183,0.4146,0.4097,0.4066,0.4016,0.3994,0.3908,0.3805,0.3757,0.374,0.3685,0.3654,0.3605,0.3535,0.3486,0.3401,0.3306,0.3247,0.3198,0.3178,0.3116,0.3034,0.2892,0.2742,0.2706,0.2676,0.2627,0.2536,0.2461,0.2406,0.2292,0.2187,0.2096,0.1941,0.1721,0.1451,0.1361,0.1292,0.1184,0.1072,0.0945,0.0845,0.0796,0.0744,0.0674,0.0616,0.0569,0.0487,0.0447,0.0397,0.038,0.0397,0.0416,0.0409,0.0394,0.0406,0.0413,0.0438,0.0442,0.0415,0.0377,0.0331,0.0303,0.0278,0.0251,0.0232,0.0213,0.0193,0.0182,0.0183,0.0173,0.0149,0.0124,0.0102,0.0118,0.011,0.0092,0.0071,0.0071,0.0056,0.0047,0.0041,0.0045
0.3493,0.3507,0.344,0.335,0.336,0.3392,0.3384,0.3341,0.3305,0.3309,0.3304,0.3242,0.3208,0.3202,0.3138,0.3048,0.2961,0.2896,0.2863,0.2832,0.2768,0.273,0.2726,0.2669,0.2634,0.2542,0.2463,0.2411,0.2377,0.231,0.224,0.2153,0.2039,0.1906,0.1793,0.1764,0.1733,0.1676,0.1602,0.1541,0.1462,0.129,0.1088,0.1008,0.0941,0.0828,0.0754,0.0677,0.0599,0.0522,0.0445,0.0404,0.0369,0.034,0.0333,0.0325,0.0312,0.0286,0.0237,0.0186,0.0175,0.0161,0.0125,0.0122,0.0108,0.0094,0.0066,0.0046,0.0031,0.002,0.0016,0.0012,0.0013,0.0016,0.0016,0.0011,0.0,0.0,0.0,0.0,0.0,0.0,0.0,0.0,0.0,0.0,0.0,0.0,0.0,0.0
0.2519,0.2501,0.247,0.2408,0.2349,0.2324,0.2293,0.2275,0.2241,0.224,0.2254,0.2245,0.2195,0.2128,0.199,0.1886,0.1839,0.1818,0.1833,0.1835,0.1819,0.1853,0.1815,0.1786,0.1735,0.1662,0.1597,0.1567,0.1558,0.1522,0.1488,0.1453,0.1362,0.1298,0.125,0.1208,0.1164,0.1133,0.1126,0.1096,0.1034,0.0953,0.0888,0.0784,0.0684,0.0617,0.0565,0.0511,0.0471,0.0435,0.0365,0.031,0.0263,0.0224,0.0197,0.0183,0.0164,0.0143,0.013,0.0118,0.0078,0.0051,0.0044,0.0044,0.0046,0.0051,0.006,0.0065,0.0058,0.0049,0.004,0.003,0.0022,0.0019,0.002,0.0033,0.0039,0.0034,0.0028,0.0027,0.0043,0.0054,0.0054,0.0059,0.0062,0.0075,0.0084,0.0087,0.0104,0.0125
0.1904,0.19,0.1892,0.1845,0.1842,0.1849,0.1819,0.1769,0.1761,0.1738,0.1683,0.1612,0.1543,0.1516,0.1483,0.1444,0.1416,0.1388,0.1346,0.1311,0.1279,0.1258,0.1266,0.1257,0.1236,0.1212,0.1171,0.1132,0.1084,0.1052,0.1004,0.0958,0.0935,0.0898,0.0848,0.0811,0.0793,0.0782,0.0777,0.0771,0.0749,0.0711,0.0639,0.0589,0.0584,0.0572,0.0556,0.0538,0.0531,0.0519,0.0503,0.0489,0.0455,0.0431,0.0426,0.0421,0.0408,0.0402,0.0413,0.0422,0.0393,0.0388,0.0401,0.0399,0.0395,0.0397,0.0397,0.0392,0.0402,0.0424,0.0411,0.0425,0.0445,0.0441,0.044,0.0447,0.0449,0.0461,0.0464,0.0476,0.0492,0.0491,0.0483,0.0471,0.0464,0.0455,0.0463,0.0468,0.0488,0.0489
0.1696,0.1687,0.1672,0.163,0.1577,0.1542,0.1501,0.1464,0.1481,0.1483,0.1485,0.1469,0.1461,0.145,0.1434,0.1421,0.1405,0.1392,0.1394,0.1395,0.1388,0.1386,0.1361,0.1325,0.1296,0.1287,0.1285,0.1272,0.1268,0.1274,0.1272,0.128,0.1287,0.1267,0.1222,0.1202,0.1208,0.119,0.1149,0.1128,0.1119,0.1101,0.1042,0.0987,0.0952,0.0925,0.0907,0.0943,0.0946,0.0972,0.0989,0.0977,0.0954,0.0941,0.0929,0.0917,0.0933,0.0935,0.0932,0.0952,0.0945,0.0952,0.0939,0.0903,0.0863,0.0835,0.0792,0.0744,0.0691,0.0636,0.0625,0.0637,0.056,0.0544,0.0524,0.0515,0.0519,0.0506,0.0493,0.05,0.0492,0.0518,0.0581,0.0636,0.0657,0.0644,0.0573,0.0494,0.0489,0.0475
0.1908,0.1916,0.1881,0.1855,0.179,0.1737,0.1792,0.179,0.1772,0.173,0.1678,0.1645,0.1616,0.1593,0.1575,0.1556,0.1541,0.1519,0.1501,0.1486,0.1467,0.1442,0.1441,0.1399,0.1348,0.1306,0.1323,0.1316,0.1253,0.1208,0.1176,0.1163,0.115,0.1141,0.1114,0.1093,0.1072,0.1048,0.1024,0.1008,0.1005,0.0995,0.094,0.0919,0.0912,0.0895,0.0871,0.086,0.081,0.0751,0.072,0.07,0.069,0.069,0.0668,0.0641,0.0618,0.0587,0.0553,0.0545,0.0506,0.0472,0.0426,0.0391,0.0384,0.0399,0.0427,0.0451,0.0433,0.0378,0.033,0.0333,0.0285,0.0284,0.0302,0.0323,0.0323,0.0321,0.032,0.0329,0.0307,0.0282,0.0265,0.025,0.0239,0.0199,0.0161,0.0148,0.0133,0.0103
0.1372,0.1364,0.1428,0.1479,0.1506,0.1417,0.1306,0.1325,0.1336,0.127,0.1198,0.1156,0.1131,0.1124,0.1117,0.1119,0.1109,0.1104,0.1084,0.1054,0.1017,0.0984,0.0994,0.0987,0.0961,0.0905,0.0851,0.078,0.0738,0.0723,0.0696,0.0628,0.0592,0.0583,0.0573,0.0549,0.0541,0.0513,0.0496,0.0484,0.0473,0.0465,0.0444,0.044,0.0483,0.049,0.047,0.0441,0.0407,0.0364,0.0327,0.0326,0.0323,0.0318,0.0304,0.0284,0.0274,0.0266,0.025,0.02,0.0192,0.0162,0.0144,0.0125,0.0129,0.0158,0.0173,0.0162,0.0138,0.0117,0.007,0.0045,0.0056,0.0057,0.0041,0.003,0.0047,0.0062,0.0051,0.005,0.0036,0.0035,0.0027,0.002,0.0029,0.0024,0.0014,0.0007,0.0002,0.0007
0.0556,0.0522,0.0513,0.0497,0.0476,0.0429,0.0423,0.0458,0.0454,0.0443,0.044,0.042,0.0433,0.0446,0.045,0.0457,0.0464,0.0471,0.0476,0.0484,0.0491,0.048,0.0469,0.0455,0.046,0.0468,0.0491,0.0492,0.0493,0.0504,0.0498,0.0473,0.0455,0.0441,0.0419,0.0418,0.0415,0.0419,0.0407,0.0388,0.0378,0.0378,0.0385,0.039,0.0393,0.0396,0.039,0.0387,0.0383,0.0381,0.038,0.0371,0.0363,0.0353,0.0348,0.0355,0.0348,0.0338,0.0328,0.0326,0.0322,0.0311,0.0301,0.0286,0.0258,0.0265,0.0268,0.0261,0.0255,0.0275,0.0315,0.0305,0.0294,0.0315,0.0333,0.0344,0.0351,0.0366,0.0369,0.0356,0.0336,0.0329,0.0331,0.0341,0.0335,0.0328,0.0321,0.032,0.031,0.0304
0.4409,0.4353,0.4289,0.418,0.4101,0.4069,0.4029,0.4052,0.4092,0.4106,0.4065,0.4034,0.3988,0.3949,0.3899,0.3865,0.3918,0.4017,0.4036,0.407,0.4074,0.4012,0.3962,0.3854,0.3821,0.3806,0.3768,0.3775,0.381,0.3867,0.3866,0.3859,0.3857,0.383,0.3798,0.3781,0.3807,0.3807,0.3802,0.3767,0.3741,0.3717,0.3703,0.3682,0.3675,0.3709,0.3748,0.3784,0.3803,0.3787,0.3781,0.3763,0.371,0.3676,0.3633,0.3573,0.3506,0.3446,0.3391,0.3344,0.3288,0.3241,0.3218,0.3188,0.3139,0.3102,0.3069,0.3039,0.2993,0.2968,0.2959,0.2924,0.2884,0.2863,0.2873,0.2891,0.2835,0.2816,0.2811,0.276,0.2715,0.273,0.2737,0.2734,0.2736,0.2748,0.2782,0.2799,0.2802,0.2777
0.5138,0.5107,0.5021,0.4968,0.4977,0.5013,0.4975,0.4931,0.4878,0.4853,0.4829,0.4783,0.4745,0.4691,0.4632,0.4561,0.4517,0.4455,0.4444,0.4382,0.4344,0.4265,0.4207,0.4152,0.4061,0.3935,0.3863,0.378,0.3642,0.35,0.3368,0.3239,0.3124,0.3066,0.3021,0.295,0.2826,0.2704,0.2614,0.2548,0.2487,0.2404,0.2298,0.2202,0.2174,0.2086,0.1964,0.1782,0.1623,0.1509,0.1427,0.1388,0.1372,0.1325,0.1261,0.1188,0.1155,0.1145,0.1131,0.1121,0.1106,0.1093,0.1081,0.1054,0.1048,0.1039,0.1007,0.1006,0.1005,0.099,0.0964,0.0953,0.0963,0.0933,0.0905,0.0851,0.0779,0.0715,0.0667,0.0659,0.0654,0.0651,0.0614,0.0557,0.051,0.0485,0.0445,0.04,0.0359,0.0306
0.526,0.5211,0.5135,0.5081,0.5043,0.4992,0.493,0.484,0.4741,0.4667,0.4659,0.463,0.4578,0.4516,0.4436,0.4302,0.4117,0.3926,0.3781,0.3616,0.3429,0.326,0.3091,0.2912,0.2721,0.2522,0.2318,0.2199,0.2068,0.1889,0.1736,0.1602,0.154,0.1499,0.1438,0.1362,0.126,0.1184,0.1136,0.1114,0.1075,0.1034,0.1,0.0969,0.0921,0.0804,0.0732,0.066,0.0592,0.0511,0.0441,0.04,0.0382,0.0366,0.035,0.0336,0.0308,0.0276,0.0263,0.0233,0.0202,0.0173,0.0148,0.0128,0.013,0.0118,0.0086,0.0076,0.007,0.0058,0.0046,0.0041,0.0044,0.004,0.0036,0.0017,0.0008,0.0004,0.0001,0.0001,0.0001,0.0002,0.0001,0.0,0.0,0.0,0.0,0.0,0.0,0.0
0.5362,0.5301,0.5242,0.5138,0.5024,0.4886,0.4751,0.4626,0.4493,0.4367,0.424,0.4028,0.3854,0.368,0.3537,0.3389,0.3232,0.3032,0.2763,0.2509,0.2288,0.2097,0.1965,0.1831,0.1755,0.1618,0.1466,0.1367,0.128,0.1194,0.1071,0.0908,0.0824,0.0788,0.0723,0.0589,0.0504,0.046,0.0427,0.0389,0.0349,0.0317,0.0288,0.0255,0.0237,0.0227,0.0226,0.0218,0.0217,0.0203,0.0211,0.021,0.0202,0.0193,0.0181,0.0171,0.0155,0.0149,0.0136,0.0125,0.0115,0.01,0.0083,0.0066,0.0051,0.0044,0.003,0.002,0.0016,0.0014,0.0009,0.0002,0.0,0.0,0.0,0.0,0.0,0.0,0.0,0.0,0.0,0.0,0.0,0.0,0.0,0.0,0.0,0.0,0.0,0.0
0.3437,0.3405,0.3334,0.3257,0.314,0.3008,0.2868,0.2736,0.2629,0.2558,0.2486,0.24,0.2259,0.2093,0.1952,0.1778,0.1599,0.1502,0.1412,0.1307,0.1219,0.1142,0.1078,0.1007,0.0946,0.089,0.0842,0.0809,0.0743,0.0694,0.0672,0.0593,0.0528,0.0516,0.0511,0.0503,0.0493,0.0466,0.0439,0.042,0.0411,0.0396,0.0367,0.033,0.0274,0.0261,0.0211,0.0195,0.018,0.0169,0.0109,0.0075,0.0065,0.0053,0.0046,0.0041,0.0027,0.0016,0.0013,0.001,0.0005,0.0001,0.0,0.0,0.0,0.0,0.0,0.0,0.0,0.0,0.0,0.0,0.0,0.0,0.0,0.0,0.0,0.0,0.0,0.0,0.0,0.0,0.0,0.0,0.0,0.0,0.0,0.0,0.0,0.0
0.3984,0.3948,0.391,0.3869,0.3767,0.3648,0.3507,0.3321,0.3214,0.3132,0.2981,0.282,0.2706,0.257,0.2431,0.2322,0.218,0.2075,0.1975,0.187,0.1728,0.1586,0.1438,0.1277,0.116,0.108,0.094,0.0813,0.0739,0.0659,0.053,0.0419,0.0338,0.0274,0.0216,0.019,0.016,0.0135,0.0141,0.0152,0.0153,0.0159,0.0164,0.0165,0.014,0.0095,0.0081,0.008,0.0035,0.0043,0.0058,0.0075,0.0069,0.0058,0.0049,0.0055,0.0042,0.0026,0.0024,0.0026,0.0023,0.0025,0.0048,0.0052,0.0044,0.0042,0.0037,0.004,0.0028,0.0021,0.0014,0.0006,0.0013,0.0019,0.0017,0.002,0.0019,0.0037,0.006,0.0074,0.0076,0.0083,0.0076,0.0032,0.0023,0.0024,0.0018,0.0012,0.0008,0.0005
