0.3205,0.3028,0.2904,0.2814,0.2778,0.2692,0.2568,0.2381,0.2179,0.2032,0.2028,0.1997,0.1989,0.1976,0.1927,0.1839,0.1713,0.1587,0.1504,0.143,0.1354,0.1227,0.1115,0.1033,0.0946,0.0813,0.0692,0.0605,0.0576,0.0526,0.0463,0.043,0.0421,0.0405,0.0388,0.0381,0.0379,0.0376,0.0375,0.038,0.0384,0.0373,0.0363,0.0367,0.0382,0.0362,0.0348,0.0319,0.0279,0.0262,0.0272,0.027,0.0244,0.0228,0.0235,0.0243,0.0259,0.0268,0.0247,0.0202,0.0141,0.006,0.0053,0.0063,0.007,0.0082,0.009,0.0099,0.0108,0.0122,0.0146,0.0142,0.0156,0.0155,0.0158,0.0161,0.0161,0.0163,0.0168,0.0185,0.0199,0.02,0.0252,0.0273,0.0276,0.0285,0.0285,0.0275,0.0208,0.0161
0.4156,0.403,0.3954,0.3874,0.376,0.3651,0.3482,0.3325,0.3182,0.3018,0.2804,0.2682,0.2513,0.2373,0.2249,0.2185,0.2105,0.1983,0.1864,0.1738,0.1635,0.156,0.1445,0.1297,0.1138,0.0971,0.0929,0.0903,0.086,0.082,0.0797,0.0766,0.0724,0.0696,0.0698,0.0701,0.0699,0.0693,0.0672,0.0646,0.0622,0.0638,0.0615,0.0599,0.061,0.0612,0.0627,0.0617,0.0603,0.0595,0.0581,0.0576,0.0572,0.0577,0.0572,0.0574,0.0567,0.0559,0.0546,0.0547,0.0576,0.0601,0.0614,0.0633,0.0643,0.0647,0.0644,0.0634,0.0624,0.0609,0.0596,0.0586,0.0592,0.0595,0.0588,0.0577,0.0562,0.0548,0.0532,0.0513,0.0482,0.0467,0.0487,0.049,0.048,0.0466,0.0476,0.0473,0.0453,0.0436
0.4672,0.4571,0.4502,0.4473,0.4427,0.4368,0.4326,0.4278,0.4145,0.3996,0.3866,0.3813,0.3703,0.3653,0.362,0.3517,0.3416,0.3286,0.316,0.3033,0.2934,0.283,0.2721,0.2557,0.237,0.2221,0.2122,0.2016,0.1889,0.1745,0.1615,0.1511,0.1442,0.1379,0.1306,0.1236,0.1187,0.1158,0.1123,0.1088,0.1078,0.1045,0.1032,0.1013,0.0974,0.0946,0.0937,0.0918,0.089,0.0865,0.0834,0.0811,0.0789,0.0766,0.0754,0.0766,0.0774,0.0771,0.0761,0.0749,0.0734,0.0714,0.0677,0.064,0.0605,0.0576,0.0559,0.0545,0.0527,0.0519,0.0512,0.0505,0.0509,0.0531,0.0551,0.0564,0.0572,0.0565,0.0554,0.0536,0.0506,0.0493,0.051,0.0506,0.0476,0.0475,0.0486,0.0492,0.0483,0.0486
0.363,0.3561,0.3479,0.3364,0.3293,0.3265,0.3232,0.3218,0.3192,0.313,0.3021,0.2915,0.2825,0.2772,0.2711,0.2666,0.2617,0.2592,0.257,0.2529,0.2473,0.2456,0.2417,0.2359,0.2271,0.219,0.212,0.207,0.2018,0.1955,0.1879,0.183,0.1797,0.1749,0.1696,0.1655,0.1623,0.1594,0.1577,0.1556,0.1525,0.1487,0.1458,0.1452,0.1421,0.141,0.1374,0.1318,0.1286,0.1272,0.1238,0.1194,0.1155,0.1104,0.1084,0.1097,0.1056,0.1025,0.1004,0.0969,0.0934,0.0885,0.0845,0.0812,0.0755,0.0702,0.0654,0.0604,0.0561,0.052,0.0492,0.0478,0.0445,0.0413,0.0392,0.0382,0.0361,0.0349,0.0342,0.0328,0.0306,0.0296,0.0311,0.0304,0.0286,0.0278,0.0279,0.0274,0.0255,0.025
0.2455,0.2404,0.2324,0.2281,0.2285,0.2256,0.2223,0.222,0.2221,0.2185,0.2132,0.2062,0.2006,0.1921,0.1821,0.1747,0.1711,0.168,0.1652,0.1641,0.1631,0.1607,0.1569,0.154,0.1499,0.1459,0.1424,0.1337,0.1203,0.1139,0.1105,0.1018,0.0975,0.094,0.0883,0.0826,0.0771,0.0727,0.0698,0.0645,0.0574,0.0552,0.0534,0.0509,0.0474,0.0453,0.0419,0.0399,0.0385,0.0353,0.0325,0.0308,0.029,0.0269,0.0233,0.0161,0.0118,0.0083,0.0046,0.0021,0.0013,0.0001,0.0,0.0,0.0,0.0,0.0,0.0,0.0,0.0,0.0,0.0,0.0,0.0,0.0,0.0,0.0,0.0,0.0,0.0,0.0,0.0,0.0,0.0,0.0,0.0,0.0,0.0,0.0,0.0
0.1731,0.1705,0.1655,0.1588,0.1497,0.1434,0.1409,0.1378,0.1355,0.1399,0.132,0.1256,0.1224,0.1176,0.1116,0.1059,0.101,0.0988,0.0951,0.0887,0.0841,0.08,0.0734,0.0686,0.0669,0.0639,0.0582,0.0556,0.0527,0.0473,0.0382,0.0306,0.0237,0.02,0.0151,0.0101,0.0057,0.0022,0.0004,0.0,0.0,0.0,0.0,0.0,0.0,0.0,0.0,0.0,0.0,0.0,0.0,0.0,0.0,0.0,0.0,0.0,0.0,0.0,0.0,0.0,0.0,0.0,0.0,0.0,0.0,0.0,0.0,0.0,0.0,0.0,0.0,0.0,0.0,0.0,0.0,0.0,0.0,0.0,0.0,0.0,0.0,0.0,0.0,0.0,0.0,0.0,0.0,0.0,0.0,0.0
0.1299,0.1243,0.1186,0.113,0.1081,0.1032,0.0983,0.0929,0.0907,0.0828,0.0766,0.0736,0.0726,0.0687,0.0619,0.0576,0.0532,0.0484,0.0439,0.0404,0.0374,0.032,0.027,0.0241,0.0215,0.0186,0.016,0.012,0.0097,0.0091,0.0081,0.0049,0.0027,0.0012,0.0002,0.0,0.0,0.0,0.0,0.0,0.0,0.0,0.0,0.0,0.0,0.0,0.0,0.0,0.0,0.0,0.0,0.0,0.0,0.0,0.0,0.0,0.0,0.0,0.0,0.0,0.0,0.0,0.0,0.0,0.0,0.0,0.0,0.0,0.0,0.0,0.0,0.0,0.0,0.0,0.0,0.0,0.0,0.0,0.0,0.0,0.0,0.0,0.0,0.0,0.0,0.0,0.0,0.0,0.0,0.0
0.1471,0.1396,0.1323,0.1272,0.122,0.1169,0.1142,0.1102,0.1073,0.1054,0.1,0.0956,0.0904,0.0837,0.0765,0.0695,0.0641,0.0588,0.0542,0.0472,0.0409,0.0346,0.029,0.0246,0.0218,0.0178,0.0167,0.0139,0.0104,0.0067,0.0043,0.0027,0.0018,0.001,0.0002,0.0,0.0,0.0,0.0,0.0,0.0,0.0,0.0,0.0,0.0,0.0,0.0,0.0,0.0,0.0,0.0,0.0,0.0,0.0,0.0,0.0,0.0,0.0,0.0,0.0,0.0,0.0,0.0,0.0,0.0,0.0,0.0,0.0,0.0,0.0,0.0,0.0,0.0,0.0,0.0,0.0,0.0,0.0,0.0,0.0,0.0,0.0,0.0,0.0,0.0,0.0,0.0,0.0,0.0,0.0
0.1045,0.0987,0.094,0.0901,0.0854,0.0799,0.0728,0.0677,0.0664,0.0629,0.0566,0.0508,0.0445,0.0381,0.0315,0.0266,0.0221,0.0189,0.0154,0.0109,0.008,0.0065,0.0051,0.004,0.0027,0.0019,0.001,0.0002,0.0,0.0,0.0,0.0,0.0,0.0,0.0,0.0,0.0,0.0,0.0,0.0,0.0,0.0,0.0,0.0,0.0,0.0,0.0,0.0,0.0,0.0,0.0,0.0,0.0,0.0,0.0,0.0,0.0,0.0,0.0,0.0,0.0,0.0,0.0,0.0,0.0,0.0,0.0,0.0,0.0,0.0,0.0,0.0,0.0,0.0,0.0,0.0,0.0,0.0,0.0,0.0,0.0,0.0,0.0,0.0,0.0,0.0,0.0,0.0,0.0,0.0
0.1213,0.1166,0.1127,0.1095,0.1056,0.1024,0.1001,0.0998,0.0959,0.0965,0.094,0.0913,0.0878,0.0853,0.0789,0.0716,0.066,0.064,0.0605,0.0514,0.0415,0.0353,0.0344,0.0316,0.0277,0.0254,0.0213,0.0182,0.0168,0.0158,0.0153,0.0154,0.0167,0.018,0.0183,0.0196,0.0204,0.0163,0.0157,0.0196,0.019,0.0182,0.0174,0.0153,0.0145,0.0127,0.0097,0.0076,0.0062,0.0043,0.0025,0.0018,0.0025,0.0025,0.0028,0.0028,0.0024,0.0018,0.001,0.001,0.0014,0.0023,0.0021,0.0028,0.0039,0.0044,0.0043,0.0051,0.006,0.0045,0.0042,0.0012,0.0015,0.0017,0.0024,0.0043,0.0041,0.0052,0.0068,0.0084,0.0072,0.0086,0.0086,0.0079,0.0078,0.0078,0.0069,0.0056,0.007,0.0097
0.1381,0.1368,0.1359,0.1352,0.134,0.1329,0.1308,0.1278,0.1176,0.1143,0.1141,0.1161,0.1151,0.111,0.1103,0.1056,0.102,0.0989,0.0939,0.0941,0.0955,0.0936,0.0883,0.0828,0.0786,0.0754,0.0742,0.073,0.0715,0.0704,0.0719,0.0712,0.0615,0.058,0.0563,0.0537,0.0502,0.0491,0.0442,0.0434,0.0418,0.041,0.0402,0.0415,0.0398,0.0366,0.0345,0.034,0.0323,0.0297,0.0286,0.0265,0.0227,0.0219,0.0212,0.0207,0.0203,0.0198,0.0194,0.0183,0.0195,0.017,0.0148,0.0148,0.017,0.017,0.0169,0.0171,0.0162,0.0169,0.0181,0.0138,0.0122,0.0086,0.0088,0.0071,0.0065,0.0057,0.005,0.0052,0.0076,0.006,0.0055,0.0046,0.0035,0.0029,0.0033,0.0034,0.0024,0.0022
0.0873,0.086,0.0854,0.0833,0.0815,0.0819,0.0825,0.0792,0.0699,0.0695,0.0706,0.0733,0.0748,0.0714,0.0707,0.0699,0.0693,0.0689,0.0643,0.0655,0.0668,0.067,0.0638,0.0593,0.0568,0.0561,0.0583,0.0587,0.0568,0.0561,0.056,0.0552,0.0534,0.0522,0.0508,0.0497,0.0488,0.0481,0.0458,0.0448,0.0428,0.041,0.0411,0.0395,0.036,0.0345,0.0346,0.0309,0.0285,0.0274,0.0258,0.0228,0.0191,0.0178,0.0166,0.015,0.0139,0.0136,0.0128,0.0099,0.0054,0.0064,0.0084,0.0076,0.0054,0.0031,0.0018,0.0012,0.0016,0.0015,0.0014,0.0003,0.0001,0.0,0.0,0.0,0.0,0.0,0.0,0.0,0.0,0.0,0.0,0.0,0.0,0.0,0.0,0.0,0.0,0.0
0.0806,0.0796,0.0814,0.0816,0.0789,0.0773,0.0764,0.0757,0.076,0.0765,0.0742,0.0669,0.0645,0.0626,0.0632,0.0627,0.0625,0.062,0.0599,0.0593,0.0583,0.0557,0.0523,0.0498,0.0393,0.0313,0.0287,0.029,0.0295,0.0242,0.0193,0.0185,0.0184,0.0183,0.018,0.0177,0.0174,0.0153,0.013,0.0121,0.011,0.0084,0.0074,0.0059,0.0039,0.0033,0.0032,0.0024,0.0014,0.0013,0.0014,0.0003,0.0001,0.0001,0.0001,0.0001,0.0001,0.0001,0.0,0.0,0.0,0.0,0.0,0.0,0.0,0.0,0.0,0.0,0.0,0.0,0.0,0.0,0.0,0.0,0.0,0.0,0.0,0.0,0.0,0.0,0.0,0.0,0.0,0.0,0.0,0.0,0.0,0.0,0.0,0.0
0.0597,0.0598,0.0627,0.0628,0.0603,0.0575,0.0563,0.0546,0.0525,0.0489,0.044,0.0368,0.0329,0.0341,0.0323,0.0333,0.0307,0.0275,0.0281,0.0276,0.0296,0.0293,0.0306,0.0272,0.0213,0.0158,0.0097,0.0084,0.0111,0.0086,0.0024,0.0001,0.0,0.0001,0.0008,0.001,0.0022,0.0011,0.0022,0.0015,0.001,0.0032,0.0048,0.0038,0.003,0.0012,0.0005,0.0002,0.0006,0.0018,0.0023,0.003,0.0025,0.0014,0.0006,0.0,0.0,0.0,0.0,0.0,0.0,0.0,0.0,0.0,0.0,0.0,0.0,0.0,0.0,0.0,0.0,0.0,0.0,0.0,0.0,0.0,0.0,0.0,0.0,0.0,0.0,0.0,0.0,0.0,0.0,0.0,0.0,0.0,0.0,0.0
0.0535,0.0491,0.0454,0.0433,0.0421,0.0397,0.0369,0.0334,0.0318,0.0272,0.0252,0.0278,0.0272,0.0308,0.0314,0.0286,0.0253,0.0235,0.0227,0.0228,0.0231,0.0218,0.0195,0.0196,0.0193,0.0195,0.0189,0.0196,0.021,0.02,0.017,0.0136,0.0121,0.0103,0.0088,0.0096,0.0092,0.0094,0.0118,0.013,0.0155,0.0145,0.0131,0.0125,0.0105,0.0094,0.0089,0.0091,0.0088,0.0068,0.0043,0.0024,0.0019,0.0006,0.0003,0.0012,0.0018,0.0018,0.0016,0.0016,0.0014,0.0006,0.0,0.0,0.0,0.0,0.0,0.0,0.0,0.0,0.0,0.0,0.0,0.0,0.0,0.0,0.0,0.0,0.0,0.0,0.0,0.0,0.0,0.0,0.0,0.0,0.0,0.0,0.0,0.0
0.1338,0.1276,0.1216,0.1173,0.1143,0.1116,0.113,0.1096,0.1051,0.1075,0.1069,0.1037,0.1021,0.0997,0.0951,0.0929,0.092,0.0883,0.0918,0.0937,0.092,0.0877,0.0872,0.0848,0.0798,0.0746,0.07,0.0676,0.0652,0.0597,0.0569,0.0537,0.0505,0.0466,0.0423,0.04,0.0367,0.0331,0.0316,0.0289,0.0277,0.026,0.0234,0.0218,0.021,0.0167,0.0128,0.0088,0.0049,0.0034,0.0022,0.001,0.0004,0.0004,0.0001,0.0,0.0,0.0,0.0,0.0001,0.0008,0.0003,0.0,0.0001,0.0007,0.0012,0.001,0.0003,0.0,0.0,0.0,0.0,0.0,0.0,0.0,0.0,0.0,0.0,0.0,0.0,0.0,0.0,0.0,0.0,0.0,0.0,0.0,0.0,0.0,0.0
0.2803,0.2708,0.2569,0.2481,0.2425,0.2369,0.2358,0.2345,0.2233,0.2187,0.2177,0.2139,0.2044,0.1925,0.1837,0.1832,0.1782,0.1724,0.1742,0.1709,0.17,0.167,0.1634,0.1575,0.1497,0.1447,0.1409,0.1348,0.1291,0.122,0.1166,0.1128,0.1044,0.1021,0.1026,0.1034,0.0979,0.0915,0.0871,0.0789,0.0687,0.0669,0.0655,0.0583,0.0538,0.0484,0.0459,0.0431,0.0377,0.0356,0.032,0.0274,0.0239,0.0212,0.0203,0.0205,0.0171,0.0148,0.0141,0.0127,0.0098,0.0083,0.0072,0.0059,0.0057,0.0041,0.0026,0.001,0.0001,0.0,0.0,0.0,0.0,0.0,0.0,0.0,0.0,0.0,0.0,0.0,0.0,0.0,0.0,0.0,0.0,0.0,0.0,0.0,0.0,0.0
0.3574,0.3506,0.3423,0.3312,0.3261,0.3209,0.3163,0.3154,0.309,0.3035,0.3023,0.2962,0.2904,0.286,0.2814,0.269,0.2502,0.2458,0.2338,0.2092,0.2029,0.1988,0.1949,0.1912,0.1862,0.178,0.1709,0.1605,0.1519,0.1481,0.1436,0.1406,0.1333,0.1253,0.1173,0.1085,0.0991,0.0891,0.081,0.0738,0.0702,0.0613,0.0495,0.0437,0.0369,0.0316,0.0294,0.0303,0.0281,0.0212,0.0125,0.0074,0.005,0.003,0.002,0.0012,0.0004,0.0,0.0,0.0,0.0,0.0,0.0,0.0,0.0,0.0,0.0,0.0,0.0,0.0,0.0,0.0,0.0,0.0,0.0,0.0,0.0,0.0,0.0,0.0,0.0,0.0,0.0,0.0,0.0,0.0,0.0,0.0,0.0,0.0
0.3763,0.3716,0.3647,0.3639,0.3552,0.3526,0.3524,0.3504,0.3472,0.3372,0.3354,0.3314,0.3258,0.318,0.3129,0.3079,0.3026,0.2967,0.2907,0.2873,0.282,0.2757,0.2712,0.2648,0.2581,0.2482,0.2356,0.2262,0.2171,0.2099,0.2005,0.1917,0.1774,0.1652,0.1534,0.1416,0.1265,0.113,0.099,0.0882,0.077,0.0719,0.0708,0.0663,0.0584,0.0515,0.0466,0.0426,0.0386,0.0369,0.0404,0.0407,0.0408,0.041,0.0376,0.0349,0.0337,0.034,0.0332,0.0319,0.0319,0.0303,0.0277,0.0249,0.023,0.0224,0.021,0.0187,0.0145,0.0122,0.0114,0.0106,0.0095,0.0088,0.0082,0.0071,0.0062,0.004,0.0032,0.0014,0.0009,0.0004,0.0003,0.0002,0.0001,0.0,0.0,0.0,0.0,0.0
0.4245,0.4235,0.4186,0.4146,0.4085,0.399,0.3957,0.3944,0.3949,0.3882,0.3829,0.3803,0.3782,0.3768,0.3757,0.3718,0.3645,0.3566,0.3542,0.3509,0.3452,0.3411,0.3357,0.3313,0.326,0.3235,0.3179,0.3099,0.3004,0.2925,0.2852,0.2774,0.2724,0.2694,0.2648,0.26,0.253,0.2436,0.233,0.2207,0.2114,0.2027,0.1898,0.1745,0.1579,0.1448,0.1313,0.1226,0.1149,0.1046,0.0905,0.08,0.072,0.0638,0.0534,0.0433,0.0355,0.0276,0.0205,0.0164,0.0148,0.0129,0.0115,0.0092,0.0066,0.0042,0.0019,0.0007,0.0003,0.0002,0.0,0.0,0.0,0.0,0.0,0.0,0.0,0.0,0.0,0.0,0.0,0.0,0.0001,0.0001,0.0001,0.0,0.0,0.0,0.0,0.0
0.3132,0.3136,0.3139,0.314,0.3134,0.311,0.3073,0.3053,0.3091,0.3086,0.3054,0.3075,0.3107,0.3129,0.3135,0.3127,0.3133,0.3118,0.3086,0.3049,0.3029,0.3003,0.2964,0.2925,0.2882,0.2868,0.2845,0.2806,0.2777,0.2729,0.266,0.2566,0.2459,0.2353,0.2276,0.2207,0.2159,0.2129,0.2073,0.2007,0.1943,0.1875,0.1762,0.1686,0.1576,0.1492,0.1369,0.1223,0.1134,0.1075,0.0964,0.0822,0.0739,0.0635,0.0571,0.0518,0.0426,0.0363,0.0306,0.0284,0.0271,0.0257,0.0232,0.0203,0.0176,0.0159,0.0144,0.0115,0.0094,0.0081,0.0075,0.0073,0.0065,0.0059,0.0043,0.0042,0.003,0.002,0.0013,0.0007,0.0006,0.0004,0.0005,0.0004,0.0004,0.0005,0.0002,0.0,0.0,0.0
0.3821,0.3771,0.373,0.3681,0.3637,0.3574,0.3444,0.336,0.3373,0.3372,0.3309,0.3295,0.3281,0.3252,0.3223,0.3188,0.3157,0.3091,0.3005,0.2943,0.2877,0.2811,0.2749,0.271,0.2688,0.2622,0.2541,0.2493,0.241,0.2269,0.2152,0.2032,0.1872,0.1737,0.1662,0.1566,0.1419,0.1287,0.1198,0.1121,0.1067,0.092,0.076,0.0632,0.0512,0.0449,0.0358,0.0296,0.0272,0.0263,0.0241,0.023,0.0217,0.021,0.0208,0.0181,0.0159,0.0163,0.0152,0.0145,0.0157,0.0142,0.0117,0.0116,0.0106,0.0078,0.0059,0.0048,0.0046,0.0046,0.005,0.0045,0.0037,0.003,0.0027,0.002,0.0013,0.0007,0.0004,0.0005,0.0003,0.0003,0.0002,0.0003,0.0005,0.0006,0.0002,0.0,0.0,0.0
0.4434,0.4391,0.4366,0.4338,0.4317,0.4284,0.4213,0.4114,0.4026,0.4016,0.3969,0.3897,0.3849,0.3804,0.3763,0.3698,0.3648,0.3598,0.3518,0.3428,0.3347,0.3289,0.3213,0.3125,0.3072,0.2995,0.2917,0.2842,0.2765,0.2676,0.2555,0.2443,0.2315,0.2214,0.2089,0.1906,0.1771,0.1683,0.1602,0.1538,0.1448,0.1284,0.1128,0.1008,0.086,0.078,0.0676,0.0582,0.0523,0.0478,0.0433,0.0389,0.0359,0.0328,0.0295,0.0276,0.0254,0.0235,0.0223,0.0217,0.02,0.0181,0.0163,0.0152,0.0138,0.0127,0.0119,0.0117,0.0111,0.0102,0.0085,0.0063,0.008,0.0088,0.01,0.0104,0.0101,0.007,0.0061,0.0049,0.0052,0.0069,0.0069,0.0064,0.0065,0.0066,0.0063,0.0052,0.0034,0.0022
0.35,0.3529,0.3485,0.3416,0.3409,0.3424,0.3461,0.3472,0.342,0.3358,0.3332,0.326,0.3207,0.3136,0.3073,0.3008,0.2957,0.2966,0.2942,0.2911,0.2865,0.2793,0.2716,0.2628,0.2524,0.2433,0.2345,0.2294,0.2245,0.2177,0.2122,0.2059,0.1995,0.1893,0.1731,0.1673,0.1518,0.1388,0.1305,0.1154,0.099,0.088,0.0755,0.0648,0.054,0.0431,0.0393,0.0332,0.0289,0.0248,0.0242,0.0235,0.0235,0.0238,0.0223,0.0215,0.02,0.0182,0.0156,0.0135,0.0111,0.0111,0.0106,0.0089,0.0075,0.0069,0.0063,0.006,0.006,0.006,0.004,0.0038,0.0024,0.0021,0.0018,0.0017,0.0015,0.0013,0.0011,0.0009,0.0005,0.0005,0.0004,0.0004,0.0003,0.0002,0.0001,0.0,0.0,0.0
0.2521,0.2509,0.2484,0.2431,0.2388,0.2383,0.2389,0.2316,0.2241,0.2164,0.2112,0.198,0.1959,0.1971,0.195,0.1928,0.189,0.1867,0.1833,0.1779,0.1722,0.1666,0.1613,0.1565,0.1523,0.149,0.148,0.1446,0.1385,0.1302,0.1216,0.1164,0.1125,0.1049,0.0964,0.0962,0.0862,0.073,0.0619,0.0493,0.0429,0.035,0.0271,0.021,0.017,0.0153,0.0141,0.0125,0.0113,0.0101,0.0073,0.0059,0.0046,0.0031,0.0029,0.0037,0.0038,0.0035,0.0044,0.0044,0.0042,0.0039,0.0044,0.0053,0.0065,0.0079,0.0085,0.008,0.0087,0.0083,0.0077,0.0111,0.0131,0.0117,0.0093,0.0079,0.0083,0.0091,0.0113,0.0127,0.0139,0.0147,0.0152,0.0171,0.0204,0.023,0.0229,0.0227,0.0219,0.0208
0.1903,0.1903,0.1904,0.1878,0.1849,0.1817,0.1817,0.1741,0.1676,0.1613,0.158,0.1543,0.148,0.142,0.1382,0.1376,0.1322,0.1268,0.1231,0.1203,0.1174,0.1142,0.1088,0.1064,0.106,0.1063,0.1041,0.0985,0.0971,0.0959,0.0937,0.0917,0.089,0.0856,0.0819,0.0784,0.0737,0.0726,0.0707,0.0686,0.0642,0.0579,0.0552,0.0571,0.0548,0.0522,0.0524,0.0527,0.051,0.0506,0.053,0.0544,0.0537,0.0523,0.0519,0.051,0.0527,0.0551,0.0539,0.0538,0.0549,0.0567,0.055,0.0545,0.0551,0.0556,0.0557,0.0561,0.0566,0.0563,0.0528,0.0487,0.0489,0.0519,0.055,0.052,0.0511,0.0495,0.0466,0.0482,0.0489,0.0497,0.0511,0.0512,0.0498,0.0475,0.0478,0.0447,0.0393,0.0379
0.1697,0.1682,0.1666,0.1633,0.1588,0.1607,0.162,0.1609,0.1568,0.1554,0.1538,0.1526,0.1495,0.1446,0.1422,0.1416,0.1417,0.1412,0.1385,0.1343,0.1319,0.1313,0.1298,0.1318,0.1303,0.1279,0.1247,0.1213,0.1159,0.1118,0.11,0.1041,0.1024,0.1059,0.1103,0.1066,0.1051,0.1021,0.101,0.0979,0.098,0.0995,0.0995,0.0994,0.0984,0.0893,0.0887,0.0878,0.0845,0.0796,0.0792,0.0777,0.0776,0.0819,0.084,0.0831,0.0831,0.0861,0.09,0.0879,0.0861,0.0839,0.0826,0.0827,0.0834,0.0846,0.0852,0.087,0.0879,0.0886,0.0855,0.0808,0.0807,0.0826,0.0821,0.0792,0.0757,0.0758,0.0757,0.0772,0.0797,0.0829,0.0837,0.084,0.0846,0.0829,0.0825,0.0808,0.0776,0.0769
0.191,0.1905,0.1854,0.1839,0.1821,0.1777,0.178,0.1762,0.1736,0.1686,0.1637,0.1609,0.1588,0.1581,0.1566,0.1567,0.1563,0.155,0.1535,0.1518,0.149,0.1471,0.1463,0.1426,0.139,0.1352,0.1333,0.1351,0.136,0.1354,0.1333,0.1315,0.1301,0.1322,0.1321,0.1277,0.1289,0.1282,0.1275,0.1279,0.1293,0.1274,0.126,0.1231,0.1204,0.1205,0.1194,0.1177,0.1178,0.1181,0.116,0.1134,0.1117,0.1098,0.1084,0.1083,0.1071,0.1036,0.0984,0.0948,0.0911,0.0901,0.0903,0.0884,0.0836,0.0815,0.0798,0.0776,0.0729,0.0704,0.0707,0.0704,0.0688,0.066,0.0635,0.0622,0.0601,0.0606,0.0619,0.0616,0.0586,0.0548,0.0511,0.0469,0.0357,0.0317,0.028,0.0234,0.0219,0.0211
0.1372,0.1349,0.1417,0.1471,0.1497,0.1433,0.1321,0.1272,0.1226,0.1179,0.1144,0.1111,0.1096,0.1098,0.1075,0.1062,0.1051,0.1039,0.1032,0.1022,0.0999,0.0976,0.094,0.0887,0.0852,0.0827,0.078,0.0728,0.0698,0.0705,0.0723,0.0752,0.078,0.0689,0.0713,0.0703,0.0665,0.066,0.0657,0.0636,0.0615,0.0582,0.0576,0.0565,0.0529,0.058,0.0608,0.0628,0.0615,0.0574,0.0561,0.0552,0.0551,0.0523,0.0482,0.0454,0.0448,0.0421,0.0385,0.0364,0.0376,0.0361,0.0307,0.0283,0.027,0.0249,0.0217,0.0216,0.0192,0.0161,0.0144,0.0132,0.0118,0.0113,0.0106,0.0101,0.0103,0.0082,0.0062,0.0051,0.0034,0.0019,0.0021,0.0009,0.0001,0.0,0.0002,0.0006,0.0014,0.0028
0.0554,0.0516,0.0504,0.0496,0.0477,0.045,0.0453,0.0458,0.0471,0.0515,0.0497,0.048,0.0475,0.047,0.0472,0.0475,0.0463,0.0451,0.0449,0.0445,0.0444,0.0447,0.0466,0.0486,0.0496,0.0492,0.0473,0.0468,0.0461,0.0444,0.0434,0.0422,0.041,0.0377,0.0402,0.0425,0.0431,0.0421,0.0413,0.0401,0.0375,0.0368,0.0355,0.0346,0.0333,0.0311,0.0283,0.0253,0.0244,0.0239,0.0225,0.0194,0.0187,0.0186,0.0181,0.0176,0.0174,0.0174,0.0188,0.02,0.0192,0.0173,0.0159,0.0146,0.0143,0.0149,0.0165,0.0166,0.0171,0.0179,0.0161,0.0139,0.0133,0.0143,0.014,0.0136,0.014,0.0141,0.0147,0.016,0.017,0.0181,0.0183,0.0177,0.0169,0.0182,0.0216,0.0233,0.0233,0.0235
0.4407,0.4336,0.4234,0.4129,0.4096,0.4076,0.4029,0.4004,0.3968,0.3972,0.4027,0.4074,0.4096,0.4112,0.4123,0.4117,0.4147,0.4178,0.4166,0.4128,0.4115,0.411,0.413,0.4174,0.4206,0.4188,0.4193,0.4198,0.4152,0.4074,0.4015,0.3969,0.3913,0.3866,0.3868,0.3904,0.3928,0.3883,0.3784,0.3798,0.3861,0.3872,0.3802,0.3709,0.3653,0.3538,0.3411,0.3264,0.3164,0.3092,0.3032,0.2952,0.2872,0.2822,0.2772,0.2752,0.2725,0.2725,0.2714,0.2672,0.2577,0.249,0.2437,0.2404,0.2401,0.2399,0.237,0.2324,0.2313,0.23,0.2248,0.22,0.2178,0.2138,0.2121,0.2123,0.2114,0.2104,0.2104,0.2108,0.2104,0.2127,0.2102,0.2036,0.1982,0.1953,0.1995,0.2017,0.2041,0.2102
0.5137,0.5108,0.5026,0.4975,0.4967,0.4978,0.4931,0.4882,0.4836,0.4761,0.4703,0.4699,0.4679,0.4652,0.4628,0.4615,0.458,0.4567,0.4535,0.4497,0.4464,0.4436,0.4422,0.4358,0.4306,0.4253,0.4195,0.4132,0.4076,0.4048,0.4004,0.3925,0.3854,0.3793,0.3676,0.3515,0.3379,0.33,0.3286,0.3215,0.3153,0.3002,0.2908,0.2809,0.2713,0.267,0.2628,0.2597,0.2541,0.2476,0.2397,0.238,0.2368,0.2302,0.2264,0.2213,0.2156,0.2085,0.2021,0.1975,0.1901,0.1825,0.1741,0.1642,0.153,0.1423,0.136,0.1327,0.1268,0.12,0.1166,0.1162,0.1109,0.1058,0.102,0.0996,0.099,0.0974,0.0934,0.0918,0.0893,0.084,0.0817,0.0822,0.0797,0.0738,0.067,0.0633,0.0643,0.0687
0.5258,0.5209,0.5124,0.5068,0.5031,0.498,0.493,0.4888,0.4837,0.4784,0.4691,0.4612,0.4546,0.4462,0.4398,0.4309,0.4169,0.4032,0.3865,0.3696,0.3554,0.3432,0.3232,0.3007,0.2785,0.2594,0.2395,0.2217,0.2091,0.2,0.1881,0.1736,0.1607,0.1492,0.14,0.1256,0.1102,0.1003,0.0949,0.0875,0.0773,0.0644,0.0548,0.0507,0.0483,0.045,0.0403,0.0367,0.0349,0.0341,0.0327,0.0324,0.033,0.0308,0.0261,0.021,0.0163,0.0137,0.013,0.011,0.0094,0.0083,0.006,0.005,0.0046,0.0041,0.004,0.0038,0.0033,0.0031,0.003,0.0033,0.0047,0.0053,0.0051,0.0047,0.0047,0.0048,0.0042,0.0038,0.0038,0.0035,0.0037,0.0044,0.005,0.0046,0.0039,0.0034,0.0037,0.0039
0.5362,0.5304,0.5254,0.5148,0.5013,0.4847,0.4709,0.4592,0.4495,0.4341,0.4186,0.4018,0.3865,0.3709,0.3494,0.3244,0.3023,0.2777,0.2535,0.2334,0.2138,0.1859,0.1589,0.1435,0.1345,0.1237,0.1127,0.0991,0.0858,0.0743,0.0647,0.0561,0.0485,0.0437,0.0419,0.0403,0.0369,0.037,0.0367,0.0376,0.0395,0.0382,0.0355,0.0345,0.0333,0.0305,0.0255,0.0238,0.0231,0.022,0.0213,0.021,0.0198,0.0172,0.0135,0.0103,0.0091,0.0077,0.0066,0.0049,0.0037,0.0031,0.0021,0.0016,0.0014,0.0012,0.001,0.0008,0.0003,0.0,0.0,0.0,0.0,0.0,0.0,0.0,0.0,0.0,0.0,0.0,0.0,0.0,0.0,0.0,0.0,0.0,0.0,0.0,0.0,0.0
0.3442,0.3408,0.3345,0.3297,0.3182,0.3031,0.2878,0.2739,0.2613,0.2491,0.2368,0.2246,0.2136,0.1972,0.1732,0.1552,0.1398,0.1253,0.1107,0.1005,0.0902,0.0729,0.0642,0.061,0.0584,0.0558,0.0533,0.0518,0.0511,0.0505,0.0494,0.0485,0.0468,0.0444,0.0434,0.0417,0.0404,0.0378,0.0342,0.0305,0.0284,0.0267,0.0245,0.0229,0.023,0.0245,0.0234,0.022,0.0205,0.0197,0.0188,0.0169,0.0139,0.0123,0.0112,0.0122,0.0077,0.0054,0.0051,0.0046,0.0045,0.005,0.0049,0.0045,0.0052,0.0056,0.0061,0.0069,0.008,0.0076,0.0067,0.0066,0.0065,0.0063,0.0059,0.0055,0.0049,0.0046,0.0048,0.0047,0.0038,0.0035,0.0031,0.0046,0.0042,0.0031,0.0021,0.001,0.0009,0.0009
0.3986,0.3958,0.3927,0.3883,0.3764,0.3598,0.3383,0.3194,0.3108,0.2996,0.2865,0.2713,0.2553,0.2351,0.2191,0.2053,0.1872,0.1677,0.1503,0.1361,0.1197,0.1078,0.0971,0.0847,0.0718,0.0626,0.0549,0.0488,0.0425,0.0369,0.0326,0.0302,0.0291,0.0298,0.0304,0.0302,0.03,0.0301,0.0308,0.0321,0.0347,0.0349,0.0345,0.0355,0.0372,0.0352,0.0367,0.0375,0.0378,0.0357,0.0334,0.0342,0.0343,0.0338,0.0307,0.0303,0.0292,0.0287,0.0286,0.0285,0.0286,0.0267,0.0221,0.019,0.0171,0.0164,0.0172,0.0168,0.0153,0.0136,0.0128,0.0122,0.0115,0.0086,0.0063,0.0052,0.0046,0.0047,0.0055,0.006,0.0064,0.0077,0.0135,0.0187,0.0167,0.0184,0.0179,0.0136,0.0085,0.0049
