0.3074,0.2962,0.2865,0.2784,0.2697,0.2607,0.2495,0.2389,0.2303,0.2281,0.2252,0.2185,0.2148,0.2069,0.1976,0.1957,0.191,0.1835,0.1738,0.1635,0.1557,0.1496,0.1468,0.1422,0.1372,0.1278,0.1247,0.1183,0.1124,0.1051,0.0935,0.0864,0.0809,0.0724,0.0665,0.0622,0.0579,0.0536,0.0459,0.0446,0.0446,0.0467,0.0486,0.0495,0.043,0.039,0.0378,0.0356,0.0335,0.0313,0.0304,0.0295,0.0289,0.0276,0.0258,0.024,0.0225,0.0214,0.0198,0.0188,0.0188,0.0179,0.0172,0.0178,0.0196,0.0222,0.0229,0.0223,0.0257,0.0279,0.0285,0.0281,0.0263,0.0204,0.0145,0.0144,0.0153,0.0174,0.0208,0.0237,0.0245,0.0269,0.0267,0.0281,0.0284,0.0307,0.0306,0.0325,0.033,0.0329
0.42,0.4117,0.4083,0.4034,0.3972,0.3889,0.3858,0.3799,0.3666,0.3516,0.3381,0.327,0.3206,0.3142,0.3034,0.288,0.2715,0.2558,0.243,0.2331,0.2218,0.2071,0.1974,0.188,0.173,0.1569,0.1399,0.1262,0.1144,0.1035,0.0921,0.0844,0.0805,0.0746,0.0724,0.0718,0.0709,0.0691,0.0687,0.0662,0.0655,0.0667,0.0648,0.0578,0.0555,0.0535,0.0553,0.0616,0.0639,0.0626,0.0589,0.057,0.0576,0.0584,0.0598,0.0603,0.0602,0.0591,0.0573,0.0546,0.0513,0.0501,0.0493,0.048,0.0488,0.0484,0.0492,0.0503,0.0498,0.0488,0.0473,0.0433,0.0392,0.0354,0.0339,0.0311,0.0311,0.0319,0.0323,0.0318,0.0299,0.0288,0.0289,0.0286,0.0269,0.0258,0.0258,0.0235,0.0202,0.0148
0.4514,0.4441,0.4385,0.4365,0.4319,0.4222,0.416,0.4132,0.4044,0.3915,0.3768,0.3727,0.3691,0.3651,0.3601,0.3489,0.3348,0.3252,0.3128,0.3043,0.2964,0.2829,0.2691,0.2528,0.2353,0.2215,0.2094,0.1997,0.1884,0.1801,0.1762,0.1729,0.1693,0.1649,0.1611,0.1591,0.1586,0.1574,0.1527,0.1469,0.1419,0.1387,0.1351,0.1324,0.1287,0.1236,0.1176,0.1124,0.1075,0.1041,0.1008,0.0995,0.0964,0.0929,0.0894,0.0853,0.0806,0.0768,0.0738,0.0694,0.064,0.0601,0.0562,0.0527,0.0508,0.0514,0.0513,0.0487,0.0457,0.0439,0.0397,0.0362,0.0333,0.03,0.0285,0.0304,0.0309,0.0283,0.0243,0.0221,0.0197,0.0179,0.0175,0.0154,0.0141,0.0117,0.0078,0.0045,0.0035,0.0034
0.3567,0.3498,0.342,0.3344,0.3273,0.3204,0.3133,0.309,0.3072,0.3016,0.2953,0.2883,0.2824,0.2733,0.2644,0.2559,0.2473,0.2421,0.2409,0.2399,0.2357,0.2319,0.2281,0.2233,0.219,0.2166,0.216,0.216,0.2144,0.2124,0.2102,0.2073,0.2052,0.2036,0.1998,0.1975,0.1959,0.1922,0.1879,0.1859,0.1822,0.1767,0.1724,0.1706,0.1661,0.161,0.1559,0.1509,0.1455,0.1429,0.1358,0.1293,0.1219,0.1147,0.1059,0.098,0.0894,0.0823,0.0763,0.0706,0.0645,0.0595,0.0562,0.0523,0.047,0.0422,0.0381,0.0367,0.0333,0.0318,0.0297,0.0266,0.0258,0.0251,0.0244,0.0234,0.0229,0.0228,0.0227,0.0229,0.0212,0.0182,0.0183,0.02,0.0182,0.0179,0.017,0.016,0.0155,0.0141
0.2376,0.2328,0.2248,0.2207,0.2173,0.2183,0.2184,0.2154,0.2135,0.2133,0.2104,0.2046,0.1997,0.1942,0.1879,0.181,0.1746,0.1715,0.1705,0.1638,0.1564,0.1516,0.1465,0.1398,0.1318,0.1291,0.128,0.1204,0.1181,0.1171,0.1121,0.1059,0.1036,0.0994,0.0931,0.0911,0.0876,0.0826,0.0771,0.0715,0.0676,0.0647,0.0569,0.0497,0.0384,0.033,0.0303,0.028,0.0235,0.0164,0.0104,0.0067,0.0039,0.0022,0.0013,0.0002,0.0,0.0,0.0,0.0,0.0,0.0,0.0,0.0,0.0,0.0,0.0,0.0,0.0,0.0,0.0,0.0,0.0,0.0,0.0,0.0,0.0,0.0,0.0,0.0,0.0,0.0,0.0,0.0,0.0,0.0,0.0,0.0,0.0,0.0
0.1669,0.1656,0.162,0.1568,0.1514,0.1444,0.1361,0.1316,0.1299,0.1266,0.1238,0.1187,0.1126,0.1072,0.0998,0.0938,0.0897,0.0858,0.0755,0.0661,0.0617,0.0581,0.051,0.044,0.0391,0.0361,0.027,0.0205,0.0167,0.0159,0.0121,0.0087,0.0115,0.0123,0.0116,0.0105,0.0087,0.0079,0.0068,0.0047,0.0018,0.0002,0.0,0.0,0.0,0.0,0.0,0.0,0.0,0.0,0.0,0.0,0.0,0.0,0.0,0.0,0.0,0.0,0.0,0.0,0.0,0.0,0.0,0.0,0.0,0.0,0.0,0.0,0.0,0.0,0.0,0.0,0.0,0.0,0.0,0.0,0.0,0.0,0.0,0.0,0.0,0.0,0.0,0.0,0.0,0.0,0.0,0.0,0.0,0.0
0.1375,0.1325,0.1288,0.1223,0.1165,0.1098,0.1006,0.0913,0.0862,0.0815,0.077,0.0728,0.0679,0.0647,0.0597,0.0557,0.052,0.0482,0.046,0.0456,0.0441,0.0423,0.0406,0.0401,0.0393,0.0382,0.0315,0.0268,0.0219,0.0204,0.0192,0.0177,0.0162,0.016,0.0152,0.0151,0.0137,0.011,0.0085,0.0054,0.002,0.0005,0.0002,0.0,0.0,0.0,0.0,0.0,0.0,0.0,0.0,0.0,0.0,0.0,0.0,0.0,0.0,0.0,0.0,0.0,0.0,0.0,0.0,0.0,0.0,0.0,0.0,0.0,0.0,0.0,0.0,0.0,0.0,0.0,0.0,0.0,0.0,0.0,0.0,0.0,0.0,0.0,0.0,0.0,0.0,0.0,0.0,0.0,0.0,0.0
0.1535,0.1452,0.1395,0.1371,0.1315,0.1261,0.1207,0.1137,0.1086,0.1027,0.0975,0.0936,0.0912,0.0862,0.0812,0.0743,0.0678,0.0636,0.0597,0.0551,0.0501,0.0439,0.0381,0.0335,0.0286,0.0213,0.0137,0.0086,0.0065,0.0065,0.0069,0.0058,0.0044,0.0032,0.0019,0.0012,0.001,0.0005,0.0001,0.0,0.0,0.0,0.0,0.0,0.0,0.0,0.0,0.0,0.0,0.0,0.0,0.0,0.0,0.0,0.0,0.0,0.0,0.0,0.0,0.0,0.0,0.0,0.0,0.0,0.0,0.0,0.0,0.0,0.0,0.0,0.0,0.0,0.0,0.0,0.0,0.0,0.0,0.0,0.0,0.0,0.0,0.0,0.0,0.0,0.0,0.0,0.0,0.0,0.0,0.0
0.1071,0.1003,0.0947,0.0925,0.087,0.0817,0.0776,0.0685,0.0651,0.0627,0.0589,0.0555,0.0541,0.0485,0.0427,0.0413,0.0389,0.0387,0.0363,0.0321,0.0286,0.0248,0.0216,0.0178,0.0148,0.0102,0.0069,0.0052,0.0039,0.003,0.0019,0.0009,0.0001,0.0,0.0,0.0,0.0,0.0,0.0001,0.0004,0.0006,0.0014,0.0019,0.002,0.0024,0.0036,0.0038,0.0037,0.0034,0.0034,0.0033,0.003,0.0034,0.0033,0.0031,0.0026,0.0024,0.0016,0.0001,0.0,0.0,0.0,0.0,0.0,0.0,0.0,0.0,0.0,0.0,0.0,0.0,0.0,0.0,0.0,0.0,0.0,0.0,0.0,0.0,0.0,0.0,0.0,0.0,0.0,0.0,0.0,0.0,0.0,0.0,0.0
0.1211,0.1157,0.1131,0.1118,0.1079,0.1025,0.0969,0.0928,0.0871,0.0846,0.0804,0.0796,0.0774,0.0741,0.0722,0.0693,0.0683,0.0711,0.0711,0.0699,0.0686,0.0647,0.0588,0.0574,0.0552,0.0536,0.0535,0.0529,0.051,0.0521,0.0516,0.0491,0.045,0.0413,0.0432,0.0412,0.0423,0.0418,0.0424,0.0415,0.0405,0.0424,0.0443,0.0463,0.0459,0.0413,0.0374,0.0345,0.0324,0.0285,0.0266,0.0249,0.0233,0.0224,0.0239,0.0257,0.0263,0.0233,0.0158,0.0121,0.0113,0.0098,0.0098,0.0104,0.0113,0.011,0.0124,0.0136,0.013,0.0103,0.0096,0.0086,0.0064,0.0065,0.005,0.0037,0.0049,0.005,0.0025,0.0041,0.0066,0.0064,0.0038,0.0058,0.0067,0.0052,0.0028,0.0033,0.0043,0.0029
0.1127,0.1125,0.1132,0.1125,0.1111,0.1125,0.1139,0.1134,0.1068,0.0984,0.0932,0.089,0.0858,0.081,0.0776,0.0747,0.0727,0.072,0.0728,0.0711,0.0704,0.0682,0.0644,0.0589,0.0517,0.0489,0.0505,0.0509,0.0472,0.0429,0.0406,0.0347,0.0273,0.0233,0.0232,0.0248,0.0262,0.0271,0.0271,0.0248,0.0266,0.0289,0.0283,0.0268,0.0282,0.0272,0.026,0.0255,0.0268,0.0267,0.0265,0.0248,0.0237,0.0232,0.023,0.0237,0.0247,0.0261,0.0247,0.0175,0.0134,0.0115,0.0117,0.0103,0.0099,0.0096,0.01,0.0104,0.0109,0.0126,0.0122,0.0121,0.0103,0.0096,0.009,0.0076,0.0066,0.0054,0.0028,0.0015,0.0006,0.0004,0.0002,0.0001,0.0003,0.0,0.0,0.0,0.0,0.0
0.0768,0.0786,0.0796,0.079,0.0791,0.0781,0.078,0.078,0.0753,0.0697,0.069,0.0662,0.0661,0.0661,0.0658,0.0649,0.0624,0.0614,0.058,0.0571,0.0559,0.054,0.0538,0.0526,0.0529,0.0523,0.0517,0.0509,0.0514,0.0506,0.0512,0.0482,0.0451,0.0435,0.0444,0.0442,0.0435,0.0428,0.0421,0.0416,0.0419,0.0374,0.0337,0.0304,0.0276,0.0278,0.0261,0.023,0.0217,0.022,0.0206,0.0195,0.0183,0.0183,0.0165,0.0144,0.0115,0.011,0.0098,0.0071,0.0026,0.0004,0.0002,0.0,0.0,0.0,0.0,0.0,0.0,0.0,0.0,0.0,0.0,0.0,0.0,0.0,0.0,0.0,0.0,0.0,0.0,0.0,0.0,0.0,0.0,0.0,0.0,0.0,0.0,0.0
0.071,0.0706,0.0692,0.0674,0.0669,0.0676,0.0664,0.0647,0.0643,0.0657,0.0658,0.0647,0.0661,0.0644,0.0636,0.0624,0.0594,0.055,0.0514,0.0502,0.0485,0.0481,0.0473,0.0476,0.0467,0.0442,0.0387,0.033,0.0252,0.0211,0.0189,0.0183,0.0184,0.0171,0.0153,0.014,0.0142,0.0138,0.0133,0.0108,0.007,0.0072,0.0034,0.0009,0.0001,0.0,0.0,0.0,0.0,0.0,0.0,0.0,0.0,0.0,0.0,0.0,0.0,0.0,0.0,0.0,0.0,0.0,0.0,0.0,0.0,0.0,0.0,0.0,0.0,0.0,0.0,0.0,0.0,0.0,0.0,0.0,0.0,0.0,0.0,0.0,0.0,0.0,0.0,0.0,0.0,0.0,0.0,0.0,0.0,0.0
0.0483,0.0477,0.0509,0.0528,0.0491,0.0457,0.0453,0.0431,0.0404,0.0391,0.0365,0.033,0.0281,0.0284,0.0267,0.027,0.0332,0.0341,0.0281,0.029,0.0283,0.0246,0.0167,0.0131,0.0111,0.0101,0.0034,0.0015,0.0005,0.0003,0.0007,0.0013,0.0018,0.0009,0.002,0.0007,0.0012,0.0009,0.0002,0.0014,0.0012,0.0001,0.0,0.0,0.0,0.0,0.0,0.0,0.0,0.0,0.0,0.0,0.0,0.0,0.0,0.0,0.0,0.0,0.0,0.0,0.0,0.0,0.0,0.0,0.0,0.0,0.0,0.0,0.0,0.0,0.0,0.0,0.0,0.0,0.0,0.0,0.0,0.0,0.0,0.0,0.0,0.0,0.0,0.0,0.0,0.0,0.0,0.0,0.0,0.0
0.0505,0.0463,0.0443,0.0431,0.0406,0.0391,0.0355,0.0328,0.0313,0.0288,0.0271,0.0252,0.0212,0.0168,0.0129,0.0128,0.0133,0.0132,0.0114,0.0097,0.0088,0.0076,0.0066,0.0065,0.0063,0.0059,0.0058,0.0064,0.0064,0.0066,0.0056,0.0042,0.0028,0.0017,0.0001,0.0001,0.0001,0.0,0.0,0.0,0.0,0.0,0.0,0.0,0.0,0.0,0.0,0.0,0.0,0.0,0.0,0.0,0.0,0.0,0.0,0.0,0.0,0.0,0.0,0.0,0.0,0.0,0.0,0.0,0.0,0.0,0.0,0.0,0.0,0.0,0.0,0.0,0.0,0.0,0.0,0.0,0.0,0.0,0.0,0.0,0.0,0.0,0.0,0.0,0.0,0.0,0.0,0.0,0.0,0.0
0.1256,0.1188,0.116,0.1117,0.1092,0.1006,0.097,0.0938,0.0886,0.0864,0.0859,0.0835,0.083,0.08,0.0803,0.0819,0.0812,0.0753,0.0663,0.0594,0.0547,0.0507,0.0469,0.041,0.038,0.0322,0.0272,0.0266,0.0228,0.0219,0.0195,0.0139,0.0085,0.0073,0.0053,0.0044,0.0024,0.0024,0.0016,0.0008,0.0001,0.0001,0.0006,0.0015,0.0006,0.0002,0.0005,0.0003,0.0,0.0,0.0,0.0,0.0,0.0,0.0,0.0,0.0,0.0,0.0,0.0,0.0,0.0,0.0,0.0,0.0,0.0,0.0,0.0,0.0,0.0,0.0,0.0,0.0,0.0,0.0,0.0,0.0,0.0,0.0,0.0,0.0,0.0,0.0,0.0,0.0,0.0,0.0,0.0,0.0,0.0
0.2656,0.2567,0.2438,0.2363,0.229,0.2207,0.2105,0.2017,0.191,0.1824,0.1797,0.1833,0.1805,0.1759,0.1748,0.1775,0.1761,0.1631,0.1586,0.1529,0.149,0.1438,0.133,0.1231,0.1142,0.1087,0.1022,0.0977,0.0909,0.0853,0.081,0.0765,0.0709,0.0676,0.0655,0.0638,0.061,0.0595,0.0548,0.0483,0.044,0.0403,0.0413,0.0409,0.0385,0.0346,0.0324,0.0307,0.0284,0.0263,0.0233,0.0201,0.0193,0.0174,0.0136,0.0076,0.0031,0.0014,0.0006,0.0005,0.0004,0.0003,0.0002,0.0,0.0,0.0,0.0,0.0,0.0,0.0,0.0,0.0,0.0,0.0,0.0,0.0,0.0,0.0,0.0,0.0,0.0,0.0,0.0,0.0,0.0,0.0,0.0,0.0,0.0,0.0
0.3626,0.3578,0.3507,0.3377,0.3281,0.3231,0.3126,0.307,0.2994,0.2864,0.2756,0.2649,0.2567,0.247,0.2414,0.2384,0.2316,0.2187,0.2039,0.1926,0.1808,0.1735,0.1654,0.1563,0.1484,0.1404,0.1347,0.1285,0.125,0.1181,0.1093,0.103,0.0929,0.083,0.0806,0.0778,0.0676,0.058,0.0533,0.0508,0.044,0.0351,0.0282,0.0234,0.0178,0.013,0.0086,0.0056,0.0048,0.0036,0.0019,0.0012,0.0006,0.0001,0.0001,0.0002,0.0,0.0,0.0,0.0,0.0,0.0,0.0,0.0,0.0,0.0,0.0,0.0,0.0,0.0,0.0,0.0,0.0,0.0,0.0,0.0,0.0,0.0,0.0,0.0,0.0,0.0,0.0,0.0,0.0,0.0,0.0,0.0,0.0,0.0
0.3826,0.3785,0.3735,0.3713,0.3599,0.3512,0.3414,0.3335,0.327,0.3167,0.3066,0.3005,0.2955,0.2897,0.2768,0.2683,0.2568,0.2434,0.2321,0.2224,0.2137,0.2027,0.1979,0.1931,0.1877,0.1782,0.171,0.1699,0.159,0.1483,0.1439,0.1317,0.1173,0.1047,0.0991,0.093,0.0848,0.0777,0.0713,0.0638,0.0585,0.0575,0.0568,0.0572,0.0574,0.0549,0.0498,0.0433,0.0399,0.0393,0.0387,0.0369,0.035,0.0318,0.0286,0.0249,0.0224,0.0218,0.0201,0.0173,0.0153,0.0156,0.0163,0.0163,0.0151,0.0137,0.012,0.0104,0.0099,0.0085,0.0073,0.0076,0.008,0.0093,0.0085,0.0057,0.0037,0.002,0.0012,0.0011,0.0014,0.0012,0.0009,0.0008,0.0012,0.0014,0.0016,0.0014,0.001,0.0009
0.4276,0.4292,0.4273,0.4251,0.4234,0.4177,0.4125,0.4059,0.4013,0.3982,0.394,0.3901,0.3859,0.377,0.3662,0.3581,0.3515,0.3438,0.3346,0.3265,0.3168,0.3099,0.3064,0.3028,0.2968,0.2925,0.2849,0.2775,0.2739,0.2689,0.2618,0.2521,0.2397,0.2319,0.2258,0.2185,0.2114,0.203,0.1927,0.1811,0.1724,0.1693,0.1628,0.1549,0.1509,0.1467,0.14,0.134,0.1259,0.1186,0.1128,0.1044,0.0971,0.0898,0.0829,0.0755,0.0699,0.0684,0.0606,0.0548,0.0525,0.048,0.0447,0.0393,0.0366,0.035,0.0306,0.028,0.0265,0.0233,0.0197,0.0171,0.0151,0.0137,0.0127,0.0122,0.0119,0.0113,0.0104,0.0089,0.0082,0.0073,0.0063,0.0058,0.0061,0.0058,0.0053,0.0041,0.003,0.0022
0.3137,0.3142,0.3148,0.3153,0.3178,0.3173,0.3177,0.3182,0.3212,0.3235,0.3236,0.3208,0.318,0.3192,0.3196,0.3167,0.3177,0.3187,0.3211,0.3177,0.3129,0.3097,0.3069,0.3043,0.3019,0.3025,0.2999,0.2982,0.2965,0.2939,0.2903,0.2851,0.2769,0.2677,0.2583,0.2495,0.2427,0.2357,0.226,0.2208,0.2139,0.1991,0.188,0.1754,0.1631,0.1512,0.1379,0.1275,0.1175,0.1035,0.0919,0.0831,0.0734,0.0626,0.0539,0.0492,0.0458,0.0419,0.0377,0.0333,0.03,0.0275,0.0249,0.0228,0.0235,0.0246,0.0234,0.0224,0.0203,0.0182,0.0157,0.0122,0.0093,0.0076,0.0064,0.0045,0.0031,0.0047,0.0054,0.0049,0.0028,0.0025,0.0018,0.0011,0.0006,0.0001,0.0,0.0,0.0,0.0
0.3672,0.362,0.3583,0.3577,0.3582,0.3567,0.3542,0.3479,0.341,0.3363,0.3313,0.3269,0.3238,0.3225,0.3204,0.3109,0.3044,0.3058,0.3034,0.2975,0.2917,0.2853,0.2808,0.278,0.2761,0.276,0.2729,0.266,0.2617,0.2593,0.2563,0.2544,0.2487,0.2396,0.2234,0.2094,0.1927,0.1792,0.1679,0.1564,0.151,0.1436,0.1374,0.1288,0.1209,0.1055,0.093,0.085,0.0765,0.0682,0.0639,0.0589,0.0506,0.0429,0.0361,0.0299,0.0235,0.0229,0.0202,0.013,0.011,0.0087,0.0068,0.0048,0.0035,0.002,0.0012,0.0011,0.0008,0.0005,0.0004,0.0002,0.0,0.0,0.0,0.0,0.0,0.0,0.0,0.0,0.0,0.0,0.0,0.0,0.0,0.0,0.0,0.0,0.0,0.0
0.4186,0.4159,0.4108,0.4092,0.4095,0.407,0.4015,0.3966,0.3885,0.3836,0.3766,0.3694,0.3657,0.3627,0.3614,0.3548,0.3462,0.3407,0.3386,0.3361,0.33,0.3196,0.3079,0.2988,0.2898,0.2814,0.2732,0.2654,0.2602,0.2529,0.2426,0.2322,0.2272,0.2153,0.2054,0.1909,0.1768,0.1638,0.1504,0.1421,0.1361,0.1238,0.116,0.1103,0.0971,0.0836,0.0678,0.0548,0.0459,0.0383,0.0329,0.0282,0.0237,0.0188,0.0138,0.0112,0.0081,0.0066,0.007,0.0042,0.0027,0.0023,0.0024,0.0017,0.0026,0.0044,0.0042,0.0039,0.003,0.0022,0.001,0.0003,0.0001,0.0001,0.0002,0.0,0.0,0.0,0.0,0.0002,0.0004,0.0007,0.0007,0.0007,0.0007,0.0006,0.0008,0.0003,0.0,0.0
0.3415,0.3394,0.3338,0.3286,0.3284,0.3323,0.3359,0.3359,0.3362,0.3338,0.3301,0.3252,0.3189,0.3142,0.3135,0.3123,0.309,0.3039,0.3013,0.2997,0.2963,0.2903,0.2842,0.2765,0.2682,0.2599,0.2553,0.2452,0.2375,0.2278,0.2165,0.2061,0.1988,0.1905,0.1724,0.1613,0.151,0.1413,0.1329,0.1241,0.1158,0.1026,0.0961,0.0869,0.0733,0.0583,0.0472,0.0375,0.0275,0.0224,0.0193,0.0171,0.0151,0.0134,0.0114,0.0106,0.0099,0.0098,0.0095,0.0085,0.0081,0.0073,0.0073,0.0073,0.007,0.0078,0.0072,0.0057,0.0041,0.0032,0.0027,0.002,0.0019,0.0018,0.0019,0.0012,0.0009,0.0002,0.0,0.0,0.0,0.0001,0.0001,0.0,0.0,0.0,0.0,0.0,0.0,0.0
0.2517,0.2526,0.25,0.245,0.2436,0.2465,0.2458,0.2402,0.2358,0.228,0.2196,0.2154,0.2143,0.2149,0.2157,0.2163,0.2118,0.2083,0.2066,0.2049,0.202,0.1992,0.1975,0.1926,0.1847,0.1793,0.1731,0.1638,0.1584,0.1506,0.1439,0.1375,0.1299,0.122,0.1145,0.1111,0.1078,0.1038,0.0962,0.0813,0.069,0.0569,0.0463,0.0377,0.0326,0.0286,0.0229,0.0167,0.0127,0.011,0.0098,0.0089,0.0097,0.01,0.0101,0.0103,0.0111,0.0122,0.0113,0.0113,0.0114,0.011,0.0114,0.0112,0.0105,0.0103,0.0105,0.0109,0.013,0.0148,0.0167,0.018,0.0189,0.0197,0.0207,0.021,0.0226,0.025,0.0257,0.0266,0.028,0.0289,0.0299,0.0305,0.0304,0.0295,0.0286,0.0294,0.0314,0.0324
0.1855,0.1863,0.1851,0.1832,0.1797,0.1758,0.1711,0.1677,0.1624,0.1558,0.1529,0.1518,0.1482,0.146,0.1483,0.1507,0.1466,0.1416,0.1384,0.1373,0.1366,0.1315,0.1288,0.1279,0.1197,0.1113,0.1041,0.0961,0.0913,0.0862,0.0811,0.0787,0.0769,0.0726,0.0704,0.0717,0.0703,0.0674,0.0664,0.0635,0.0643,0.0631,0.0629,0.0641,0.0655,0.0647,0.0634,0.0627,0.0621,0.0622,0.062,0.0619,0.0604,0.0588,0.0582,0.0578,0.0573,0.0581,0.0581,0.0573,0.0551,0.0552,0.0549,0.0544,0.0526,0.0531,0.0553,0.0534,0.0554,0.0583,0.0594,0.0571,0.0551,0.0533,0.0518,0.05,0.049,0.0495,0.0491,0.0496,0.0497,0.0496,0.0491,0.0493,0.0507,0.0515,0.051,0.0512,0.0516,0.0529
0.1632,0.1627,0.1598,0.1563,0.1493,0.1457,0.1433,0.1421,0.1441,0.1442,0.1461,0.1463,0.1466,0.1468,0.146,0.1451,0.1439,0.1435,0.1429,0.1403,0.1321,0.1273,0.126,0.1248,0.1287,0.1291,0.1227,0.115,0.1116,0.1121,0.1102,0.1091,0.1075,0.1064,0.1053,0.1036,0.1036,0.1025,0.1024,0.1003,0.099,0.0974,0.0957,0.0957,0.0946,0.0938,0.0929,0.0919,0.0908,0.0894,0.0892,0.0883,0.0876,0.0879,0.0875,0.0869,0.0877,0.0868,0.0862,0.0874,0.0888,0.089,0.0875,0.0879,0.0879,0.088,0.0841,0.0788,0.0734,0.0682,0.0657,0.0638,0.0629,0.0627,0.0642,0.0648,0.0632,0.0591,0.0525,0.0467,0.0445,0.043,0.0416,0.0424,0.0402,0.0403,0.0445,0.0467,0.0463,0.0456
0.1824,0.1859,0.1849,0.1823,0.1783,0.1742,0.1744,0.1725,0.174,0.1691,0.1658,0.1613,0.1587,0.1575,0.1548,0.1519,0.1495,0.1484,0.1481,0.1487,0.1479,0.1479,0.1445,0.1409,0.1399,0.1366,0.1338,0.128,0.1231,0.1211,0.12,0.1173,0.1135,0.1095,0.1066,0.1037,0.101,0.1003,0.0991,0.0985,0.0979,0.0963,0.095,0.0938,0.0917,0.0888,0.0856,0.0826,0.0784,0.0748,0.0724,0.0686,0.0668,0.0651,0.0629,0.0594,0.0568,0.055,0.0527,0.0497,0.0474,0.0442,0.0411,0.0378,0.0327,0.026,0.0215,0.0146,0.0119,0.0116,0.0134,0.0174,0.0162,0.0109,0.0056,0.0035,0.0032,0.0026,0.0026,0.0042,0.005,0.0043,0.0036,0.0034,0.0031,0.0021,0.0015,0.0025,0.0036,0.0052
0.1326,0.133,0.135,0.1381,0.1402,0.1375,0.1277,0.1257,0.1229,0.1197,0.1157,0.1125,0.1087,0.1051,0.0992,0.0989,0.0989,0.0989,0.097,0.0961,0.0958,0.0961,0.0979,0.0997,0.0977,0.0971,0.0934,0.0916,0.0895,0.0861,0.0825,0.0775,0.0746,0.0718,0.0677,0.0648,0.0626,0.0617,0.0598,0.0611,0.0621,0.0618,0.06,0.0572,0.0552,0.054,0.0516,0.0506,0.0482,0.0457,0.0433,0.0403,0.037,0.0344,0.0327,0.0311,0.027,0.0237,0.0229,0.0213,0.0202,0.0188,0.0175,0.0156,0.0143,0.0087,0.0051,0.0061,0.0063,0.009,0.0089,0.0076,0.0079,0.0064,0.0049,0.0028,0.0025,0.0016,0.0015,0.0026,0.0032,0.0038,0.0053,0.0056,0.0064,0.0075,0.0076,0.0076,0.0071,0.0076
0.0594,0.0553,0.0519,0.0512,0.051,0.0489,0.0467,0.0473,0.0486,0.0498,0.0503,0.0506,0.05,0.0489,0.0499,0.0508,0.0524,0.0527,0.0511,0.0509,0.0507,0.0492,0.0482,0.047,0.0462,0.0459,0.0461,0.0461,0.0457,0.0451,0.0446,0.0444,0.045,0.0454,0.0459,0.0453,0.0471,0.0477,0.0469,0.0462,0.0453,0.0441,0.0434,0.0426,0.0427,0.0385,0.0378,0.0379,0.0376,0.0372,0.0361,0.0358,0.0376,0.0382,0.0374,0.0375,0.037,0.0373,0.038,0.0379,0.0375,0.037,0.0361,0.0353,0.0342,0.0324,0.0304,0.0288,0.0268,0.025,0.0275,0.0281,0.0274,0.0273,0.0275,0.0268,0.0257,0.0253,0.0263,0.0271,0.0267,0.0266,0.0265,0.0277,0.0285,0.0289,0.0278,0.0286,0.0294,0.0301
0.448,0.4349,0.4271,0.4232,0.4201,0.4189,0.4108,0.4032,0.3943,0.3878,0.3835,0.3777,0.3716,0.3664,0.3597,0.3604,0.3715,0.3772,0.3826,0.3888,0.393,0.3942,0.3936,0.3928,0.3908,0.3871,0.3827,0.3783,0.3759,0.3709,0.3651,0.359,0.3509,0.3488,0.3507,0.3526,0.3581,0.3605,0.3596,0.3572,0.3543,0.3529,0.3545,0.354,0.3534,0.3488,0.3442,0.3462,0.3429,0.3354,0.3291,0.3268,0.3257,0.3241,0.3218,0.3185,0.3157,0.3119,0.3087,0.3091,0.3101,0.3049,0.2998,0.2967,0.2931,0.2855,0.2794,0.2738,0.2683,0.2645,0.2689,0.2761,0.2766,0.2774,0.2761,0.2744,0.2756,0.2768,0.2737,0.2715,0.2708,0.2658,0.2621,0.2643,0.2662,0.2654,0.2624,0.2623,0.2675,0.2733
0.5104,0.5073,0.5004,0.4947,0.497,0.5002,0.5002,0.4974,0.4963,0.4934,0.488,0.4824,0.4775,0.4723,0.4692,0.4658,0.4614,0.4578,0.4535,0.4518,0.4482,0.4424,0.4369,0.4324,0.4287,0.4264,0.4224,0.4163,0.4132,0.4098,0.4041,0.3974,0.3884,0.3746,0.3596,0.3472,0.3312,0.3143,0.3036,0.2974,0.2934,0.2832,0.2693,0.2593,0.2508,0.2432,0.2362,0.2255,0.2145,0.2057,0.2006,0.1918,0.1801,0.17,0.1592,0.1514,0.1471,0.1444,0.1386,0.1331,0.1279,0.1242,0.1206,0.118,0.1174,0.1177,0.1194,0.1207,0.1216,0.1224,0.1155,0.1065,0.1005,0.0954,0.0929,0.0937,0.0936,0.0926,0.09,0.0867,0.0848,0.0833,0.0818,0.0792,0.0787,0.0797,0.081,0.0827,0.0826,0.0813
0.5277,0.5226,0.5163,0.5132,0.5111,0.5052,0.4991,0.4887,0.4823,0.4765,0.4718,0.4664,0.4604,0.4524,0.4386,0.4212,0.4043,0.3886,0.3718,0.3566,0.342,0.3266,0.3114,0.2995,0.2856,0.2688,0.2542,0.2415,0.2279,0.219,0.2086,0.201,0.1957,0.1899,0.1817,0.1737,0.1674,0.159,0.15,0.1421,0.1361,0.1273,0.1158,0.1058,0.1007,0.0968,0.0896,0.0805,0.0736,0.0693,0.0654,0.0601,0.0538,0.0481,0.0425,0.0364,0.0308,0.0268,0.0231,0.0206,0.0178,0.0157,0.0141,0.0125,0.0124,0.0119,0.012,0.0126,0.0127,0.0131,0.012,0.0079,0.0052,0.0043,0.0041,0.0044,0.0046,0.0045,0.0045,0.0046,0.0052,0.0052,0.005,0.0045,0.0041,0.003,0.0031,0.0037,0.0034,0.0034
0.532,0.5262,0.5228,0.5117,0.4988,0.4856,0.4748,0.4626,0.4506,0.4414,0.4295,0.4217,0.4094,0.393,0.3782,0.3622,0.3422,0.3165,0.2892,0.2644,0.2401,0.2207,0.2029,0.1855,0.1679,0.151,0.1358,0.1259,0.1167,0.1025,0.0913,0.0871,0.0812,0.0753,0.0712,0.0659,0.0607,0.0546,0.0511,0.0493,0.0457,0.0405,0.0331,0.0271,0.0234,0.0212,0.019,0.0177,0.0171,0.0159,0.0136,0.0121,0.0122,0.0111,0.0093,0.0074,0.0053,0.0034,0.0025,0.0023,0.002,0.0018,0.0016,0.0011,0.0007,0.0005,0.0001,0.0,0.0,0.0,0.0,0.0,0.0,0.0,0.0,0.0,0.0,0.0,0.0,0.0,0.0,0.0,0.0,0.0,0.0,0.0,0.0,0.0,0.0,0.0
0.3308,0.3306,0.3266,0.3216,0.3135,0.3062,0.2966,0.2876,0.2781,0.2721,0.2664,0.2559,0.2446,0.2324,0.2237,0.2137,0.2011,0.1888,0.1732,0.1613,0.1505,0.1382,0.1242,0.1115,0.1018,0.0892,0.0773,0.0678,0.0613,0.0579,0.0553,0.0528,0.0507,0.048,0.0449,0.041,0.0379,0.0342,0.0307,0.029,0.0265,0.0229,0.0195,0.019,0.0189,0.0168,0.0135,0.0115,0.0123,0.0113,0.0081,0.0049,0.0024,0.0014,0.003,0.0041,0.005,0.0046,0.0037,0.0025,0.0015,0.0004,0.0002,0.0001,0.0,0.0,0.0,0.0,0.0,0.0,0.0,0.0,0.0,0.0,0.0,0.0,0.0,0.0,0.0,0.0,0.0,0.0,0.0,0.0,0.0,0.0001,0.0004,0.0009,0.0026,0.0038
0.3536,0.3484,0.3444,0.3433,0.3345,0.323,0.3119,0.2964,0.2825,0.271,0.2552,0.2392,0.2283,0.2164,0.2055,0.1929,0.1801,0.1699,0.1581,0.1419,0.1304,0.1159,0.104,0.0913,0.0785,0.0687,0.0644,0.0602,0.0511,0.0452,0.0384,0.0346,0.0327,0.0319,0.033,0.0337,0.0323,0.0319,0.0312,0.0299,0.0302,0.032,0.0265,0.0228,0.0218,0.0205,0.0193,0.0197,0.0197,0.0206,0.0209,0.0204,0.0181,0.0162,0.015,0.0138,0.0128,0.012,0.0117,0.0081,0.0018,0.0003,0.0002,0.0003,0.0004,0.0002,0.0001,0.0004,0.0008,0.0015,0.0032,0.004,0.005,0.0033,0.0006,0.0006,0.0009,0.0013,0.0015,0.0032,0.0057,0.0097,0.0119,0.0123,0.0128,0.0149,0.0189,0.0208,0.0222,0.022
