0.306,0.2921,0.28,0.2695,0.2597,0.2465,0.2325,0.221,0.2143,0.2069,0.1982,0.1896,0.1779,0.167,0.1562,0.149,0.1401,0.1241,0.1128,0.1117,0.1082,0.1069,0.1043,0.0978,0.0924,0.088,0.0821,0.0732,0.0636,0.0514,0.0474,0.0495,0.045,0.039,0.0356,0.0351,0.0346,0.0331,0.0327,0.0317,0.0299,0.0293,0.0279,0.0295,0.0283,0.026,0.0238,0.0214,0.0181,0.0125,0.0123,0.013,0.014,0.0124,0.0113,0.0111,0.0127,0.0136,0.0133,0.0122,0.0123,0.0126,0.0156,0.0179,0.0183,0.0179,0.018,0.0198,0.022,0.0245,0.027,0.0287,0.0283,0.0257,0.0247,0.0249,0.0247,0.0264,0.0263,0.0247,0.0261,0.0266,0.026,0.0235,0.0222,0.023,0.0261,0.0236,0.0242,0.0267
0.4193,0.4106,0.4068,0.4015,0.3914,0.3765,0.3638,0.3515,0.3394,0.3214,0.3105,0.3039,0.2959,0.2865,0.2749,0.2595,0.2417,0.2226,0.2065,0.1922,0.1821,0.175,0.1691,0.1593,0.1477,0.1354,0.1263,0.1186,0.112,0.1053,0.0978,0.0934,0.0876,0.082,0.0767,0.076,0.0762,0.0746,0.0717,0.0695,0.0666,0.0631,0.0599,0.0551,0.0507,0.0473,0.0461,0.0442,0.0451,0.0449,0.0447,0.0435,0.0418,0.0399,0.0389,0.0392,0.0418,0.0422,0.0428,0.0421,0.04,0.0375,0.036,0.0333,0.0345,0.0337,0.0301,0.0263,0.0245,0.0244,0.0238,0.0207,0.0221,0.0215,0.0209,0.0201,0.0224,0.0262,0.0295,0.0316,0.0296,0.0275,0.0271,0.0275,0.0267,0.0264,0.0262,0.0252,0.0254,0.0248
0.4507,0.4422,0.4368,0.4341,0.4285,0.4189,0.4085,0.3971,0.384,0.3672,0.3541,0.3439,0.3377,0.3289,0.3176,0.3086,0.2973,0.2808,0.2631,0.248,0.2319,0.2147,0.1985,0.186,0.1765,0.1651,0.1545,0.1435,0.1348,0.1313,0.1314,0.1255,0.1179,0.1134,0.1119,0.1099,0.1077,0.1062,0.1067,0.1049,0.1011,0.0982,0.0961,0.0949,0.0933,0.088,0.0869,0.0842,0.0799,0.0756,0.0716,0.0659,0.0595,0.0556,0.0549,0.0522,0.0488,0.0466,0.0447,0.0451,0.0456,0.043,0.0399,0.039,0.0404,0.0415,0.0398,0.0397,0.04,0.0397,0.0385,0.0367,0.0364,0.0366,0.0359,0.0352,0.0354,0.036,0.0357,0.0346,0.0354,0.0366,0.0365,0.0356,0.034,0.0326,0.0312,0.0296,0.0274,0.0259
0.3561,0.3478,0.3391,0.3282,0.3207,0.3138,0.3064,0.2977,0.2914,0.2865,0.2779,0.2655,0.2573,0.2511,0.2468,0.2419,0.2394,0.2415,0.2411,0.2424,0.2444,0.2418,0.2352,0.2296,0.226,0.2228,0.2188,0.2157,0.2141,0.2116,0.2094,0.2057,0.2008,0.2014,0.1946,0.191,0.1888,0.1865,0.1806,0.1777,0.1736,0.1686,0.1642,0.1603,0.1554,0.1471,0.14,0.1338,0.1273,0.1223,0.1172,0.111,0.1047,0.0984,0.0928,0.0908,0.0889,0.0856,0.0815,0.0799,0.0751,0.0731,0.0693,0.0639,0.0588,0.0549,0.052,0.0501,0.0468,0.0453,0.042,0.0378,0.0343,0.0336,0.0327,0.0315,0.0303,0.0279,0.0257,0.025,0.0243,0.0245,0.0246,0.0247,0.0241,0.0236,0.0228,0.0227,0.0214,0.0216
0.2369,0.2307,0.2226,0.2163,0.2118,0.2068,0.2023,0.1989,0.1974,0.1952,0.1921,0.1835,0.1742,0.1672,0.1646,0.163,0.1628,0.1633,0.1623,0.1603,0.1601,0.1602,0.1583,0.1534,0.1476,0.1447,0.144,0.1448,0.1413,0.133,0.1255,0.1225,0.1198,0.1161,0.112,0.1075,0.1012,0.089,0.0764,0.0682,0.0599,0.0527,0.0469,0.0406,0.0313,0.0235,0.0178,0.0123,0.0099,0.0086,0.0077,0.0063,0.0041,0.0029,0.0026,0.0024,0.0023,0.0018,0.0003,0.0,0.0,0.0,0.0,0.0,0.0,0.0,0.0,0.0,0.0,0.0,0.0,0.0,0.0,0.0,0.0,0.0,0.0,0.0,0.0,0.0,0.0,0.0,0.0,0.0,0.0,0.0,0.0,0.0,0.0,0.0
0.1668,0.165,0.1604,0.1547,0.1462,0.1419,0.1372,0.1333,0.1317,0.1308,0.1289,0.125,0.1195,0.1155,0.1166,0.1173,0.1157,0.1119,0.1064,0.1015,0.0986,0.0913,0.085,0.0781,0.0681,0.059,0.0504,0.0466,0.0426,0.0386,0.0331,0.0276,0.0244,0.0212,0.0164,0.0119,0.0092,0.0075,0.0039,0.0016,0.0005,0.0,0.0,0.0,0.0,0.0,0.0,0.0,0.0,0.0,0.0,0.0,0.0,0.0,0.0,0.0,0.0,0.0,0.0,0.0,0.0,0.0,0.0,0.0,0.0,0.0,0.0,0.0,0.0,0.0,0.0,0.0,0.0,0.0,0.0,0.0,0.0,0.0,0.0,0.0,0.0,0.0,0.0,0.0,0.0,0.0,0.0,0.0,0.0,0.0
0.137,0.1307,0.1262,0.1183,0.1131,0.1075,0.1054,0.0992,0.0952,0.0938,0.0898,0.0842,0.0774,0.071,0.0672,0.0614,0.0582,0.0571,0.0554,0.0541,0.0517,0.0496,0.0496,0.0472,0.0432,0.0392,0.038,0.0359,0.0362,0.035,0.0306,0.025,0.017,0.0118,0.0084,0.0055,0.0039,0.0027,0.0019,0.0012,0.0002,0.0,0.0,0.0,0.0,0.0,0.0,0.0,0.0,0.0,0.0,0.0,0.0,0.0,0.0,0.0,0.0,0.0,0.0,0.0,0.0,0.0,0.0,0.0,0.0,0.0,0.0,0.0,0.0,0.0,0.0,0.0,0.0,0.0,0.0,0.0,0.0,0.0,0.0,0.0,0.0,0.0,0.0,0.0,0.0,0.0,0.0,0.0,0.0,0.0
0.1533,0.1451,0.1391,0.1359,0.1296,0.1246,0.1216,0.1214,0.1193,0.1165,0.1139,0.1089,0.1035,0.0982,0.0919,0.0838,0.0772,0.0708,0.0598,0.051,0.0432,0.0324,0.0245,0.0216,0.017,0.0113,0.0089,0.008,0.0077,0.0065,0.0049,0.0031,0.0014,0.0009,0.0008,0.0006,0.0007,0.0003,0.0,0.0,0.0,0.0,0.0,0.0,0.0,0.0,0.0,0.0,0.0,0.0,0.0,0.0,0.0,0.0,0.0,0.0,0.0,0.0,0.0,0.0,0.0,0.0,0.0,0.0,0.0,0.0,0.0,0.0,0.0,0.0,0.0,0.0,0.0,0.0,0.0,0.0,0.0,0.0,0.0,0.0,0.0,0.0,0.0,0.0,0.0,0.0,0.0,0.0,0.0,0.0
0.1069,0.0995,0.0941,0.0919,0.0871,0.0822,0.0761,0.0718,0.0655,0.0615,0.0577,0.0548,0.0509,0.0457,0.0412,0.0365,0.0329,0.0293,0.0256,0.0211,0.016,0.0133,0.0108,0.008,0.0057,0.0046,0.0044,0.0033,0.0019,0.0009,0.0003,0.0,0.0,0.0,0.0,0.0,0.0009,0.0017,0.0018,0.0005,0.0,0.0,0.0,0.0,0.0,0.0,0.0,0.0,0.0,0.0001,0.0,0.0,0.0,0.0,0.0,0.0,0.0,0.0,0.0,0.0,0.0,0.0,0.0,0.0,0.0,0.0,0.0,0.0,0.0,0.0,0.0,0.0,0.0,0.0,0.0,0.0,0.0,0.0,0.0,0.0,0.0,0.0,0.0,0.0,0.0,0.0,0.0,0.0,0.0,0.0
0.1208,0.1148,0.1119,0.1109,0.1079,0.1027,0.0972,0.0911,0.085,0.0797,0.071,0.0651,0.0606,0.0602,0.0597,0.0579,0.0531,0.0538,0.0529,0.0488,0.0413,0.0378,0.0348,0.0357,0.0382,0.0372,0.0396,0.0441,0.0449,0.0455,0.044,0.0401,0.0367,0.037,0.0342,0.0331,0.0321,0.0317,0.0302,0.0324,0.0333,0.0321,0.0319,0.028,0.0257,0.0254,0.0226,0.0212,0.0236,0.0225,0.0242,0.0255,0.0239,0.0217,0.017,0.0151,0.0169,0.017,0.018,0.0208,0.021,0.021,0.0178,0.0157,0.0167,0.0177,0.0171,0.0189,0.0195,0.0195,0.0187,0.0186,0.0175,0.0164,0.0161,0.0164,0.0129,0.0087,0.0096,0.0102,0.0114,0.0102,0.01,0.013,0.0139,0.01,0.0121,0.0114,0.0088,0.0077
0.1124,0.1119,0.1128,0.1136,0.1127,0.1112,0.1111,0.111,0.1078,0.1017,0.0941,0.0889,0.085,0.0798,0.0754,0.0721,0.0692,0.0631,0.0608,0.058,0.0582,0.0592,0.0588,0.0586,0.0577,0.0564,0.0529,0.0485,0.0463,0.0431,0.0411,0.0401,0.0405,0.0401,0.0393,0.0392,0.0379,0.0386,0.0415,0.041,0.0428,0.042,0.0394,0.0352,0.0349,0.0372,0.0346,0.0331,0.0322,0.0278,0.0219,0.021,0.021,0.0219,0.029,0.0312,0.0276,0.0208,0.0158,0.018,0.0191,0.0184,0.0185,0.0179,0.0165,0.015,0.0149,0.0148,0.0151,0.0179,0.0172,0.0178,0.0144,0.0158,0.0132,0.012,0.0124,0.0123,0.0116,0.0104,0.0087,0.0077,0.0069,0.0066,0.0058,0.0049,0.0048,0.0052,0.0059,0.005
0.0768,0.0782,0.0775,0.0756,0.0752,0.0768,0.0783,0.0782,0.0775,0.0721,0.0656,0.0658,0.0652,0.0649,0.0658,0.0664,0.0643,0.0628,0.0606,0.0598,0.0599,0.0584,0.0574,0.0572,0.0546,0.0549,0.056,0.056,0.0543,0.0549,0.0517,0.0492,0.0494,0.0487,0.0488,0.0476,0.0459,0.0461,0.0479,0.0464,0.0449,0.0432,0.0415,0.0406,0.0399,0.0379,0.0359,0.0367,0.0384,0.0376,0.0349,0.0311,0.0309,0.0305,0.0308,0.0284,0.0253,0.0247,0.0261,0.0241,0.0225,0.02,0.0152,0.0121,0.0113,0.0108,0.0092,0.0078,0.008,0.0075,0.0026,0.0047,0.0045,0.0018,0.0,0.0,0.0001,0.0001,0.0,0.0,0.0,0.0,0.0,0.0,0.0,0.0,0.0,0.0,0.0,0.0
0.071,0.0707,0.0696,0.0682,0.0682,0.0684,0.0675,0.0674,0.067,0.0654,0.0668,0.0679,0.0667,0.0664,0.0678,0.0616,0.0505,0.0499,0.0414,0.0358,0.0418,0.0429,0.0347,0.0258,0.022,0.0209,0.0221,0.0237,0.02,0.0164,0.0168,0.0167,0.0163,0.0151,0.0147,0.0142,0.0155,0.0158,0.0153,0.0139,0.0128,0.012,0.0107,0.0097,0.0089,0.0085,0.0075,0.0065,0.0068,0.008,0.0063,0.0057,0.0056,0.0043,0.0029,0.0016,0.0008,0.0004,0.0003,0.0003,0.0003,0.0002,0.0001,0.0,0.0,0.0,0.0,0.0,0.0,0.0,0.0,0.0,0.0,0.0,0.0,0.0,0.0,0.0,0.0,0.0,0.0,0.0,0.0,0.0,0.0,0.0,0.0,0.0,0.0,0.0
0.0484,0.047,0.0484,0.0483,0.0435,0.0417,0.0384,0.0361,0.0347,0.0339,0.0317,0.0296,0.0269,0.0255,0.0209,0.0147,0.0151,0.0186,0.0195,0.0182,0.0208,0.0217,0.0199,0.0136,0.0075,0.0059,0.0065,0.008,0.0075,0.0043,0.0025,0.0024,0.0025,0.0017,0.0011,0.0017,0.0011,0.001,0.0002,0.0,0.0,0.0,0.0,0.0,0.0,0.0,0.0,0.0,0.0,0.0,0.0,0.0,0.0,0.0,0.0,0.0,0.0,0.0,0.0,0.0,0.0,0.0,0.0,0.0,0.0,0.0,0.0,0.0,0.0,0.0,0.0,0.0,0.0,0.0,0.0,0.0,0.0,0.0,0.0,0.0,0.0,0.0,0.0,0.0,0.0,0.0,0.0,0.0,0.0,0.0
0.0503,0.0462,0.0434,0.0409,0.0386,0.038,0.035,0.0323,0.0322,0.0311,0.027,0.0206,0.015,0.0099,0.0087,0.0084,0.0088,0.0103,0.0109,0.0106,0.0111,0.0124,0.0123,0.0123,0.0116,0.0114,0.0116,0.0109,0.0131,0.0141,0.0122,0.0129,0.0136,0.0136,0.0129,0.0137,0.0132,0.0098,0.0059,0.004,0.0023,0.0011,0.001,0.0012,0.0013,0.0011,0.0004,0.0,0.0,0.0,0.0,0.0,0.0,0.0,0.0,0.0,0.0,0.0,0.0,0.0,0.0,0.0,0.0,0.0,0.0,0.0,0.0,0.0,0.0,0.0,0.0,0.0,0.0,0.0,0.0,0.0,0.0,0.0,0.0,0.0,0.0,0.0,0.0,0.0,0.0,0.0,0.0,0.0,0.0,0.0
0.1256,0.1194,0.1154,0.1123,0.1112,0.1049,0.1078,0.1048,0.0979,0.0918,0.0884,0.0842,0.0809,0.0824,0.0777,0.0702,0.0649,0.0655,0.0646,0.0625,0.0615,0.0614,0.0606,0.0598,0.0592,0.0621,0.0654,0.0681,0.0716,0.0687,0.0652,0.0641,0.0623,0.0618,0.059,0.054,0.0519,0.0519,0.0508,0.0476,0.0442,0.0417,0.0384,0.0333,0.0303,0.0279,0.0245,0.0217,0.0212,0.0223,0.0192,0.0125,0.0085,0.0074,0.0059,0.0048,0.0051,0.0048,0.0038,0.0036,0.0034,0.0022,0.0015,0.0013,0.0014,0.0011,0.0009,0.0006,0.0002,0.0,0.0,0.0,0.0,0.0,0.0,0.0,0.0,0.0,0.0,0.0,0.0,0.0,0.0,0.0,0.0,0.0,0.0,0.0,0.0,0.0
0.2647,0.2558,0.2416,0.2306,0.2277,0.22,0.2116,0.2085,0.2016,0.1955,0.1903,0.1856,0.1841,0.1876,0.1854,0.181,0.1755,0.1683,0.1652,0.1611,0.1564,0.1564,0.1546,0.1528,0.148,0.1449,0.1433,0.1373,0.1308,0.1244,0.1148,0.1112,0.1067,0.105,0.0996,0.0926,0.088,0.0847,0.0811,0.0794,0.0807,0.0805,0.0799,0.0783,0.0739,0.0705,0.0685,0.0648,0.0631,0.0582,0.0538,0.0455,0.0354,0.0298,0.024,0.0219,0.0184,0.0158,0.0141,0.0134,0.0123,0.0092,0.0068,0.0052,0.0038,0.0023,0.0014,0.0007,0.0003,0.0001,0.0,0.0002,0.0001,0.0,0.0,0.0,0.0,0.0,0.0,0.0,0.0,0.0,0.0,0.0,0.0,0.0,0.0,0.0,0.0,0.0
0.3623,0.3561,0.3489,0.3354,0.3281,0.3247,0.3133,0.3066,0.3022,0.2942,0.2833,0.2801,0.2768,0.2706,0.266,0.2597,0.2513,0.2457,0.2405,0.2331,0.2253,0.2184,0.2093,0.1972,0.1885,0.1844,0.1782,0.1624,0.1409,0.1299,0.1224,0.1097,0.1028,0.0978,0.0923,0.0833,0.0739,0.0673,0.0633,0.0599,0.057,0.0494,0.0394,0.0325,0.0286,0.022,0.0183,0.0151,0.0131,0.0092,0.0076,0.0094,0.0114,0.0106,0.0108,0.0086,0.0066,0.0053,0.0048,0.0044,0.004,0.0033,0.0021,0.0012,0.001,0.0006,0.0004,0.0001,0.0,0.0,0.0,0.0,0.0,0.0,0.0,0.0,0.0,0.0,0.0,0.0,0.0,0.0,0.0,0.0,0.0,0.0001,0.0001,0.0,0.0002,0.0003
0.3823,0.3775,0.3719,0.3679,0.3531,0.3481,0.3435,0.3384,0.3368,0.3335,0.3305,0.3247,0.3193,0.3138,0.3128,0.3126,0.3077,0.3009,0.2962,0.2915,0.2891,0.2861,0.2823,0.279,0.2739,0.2652,0.2617,0.2512,0.2323,0.2177,0.2061,0.1951,0.1879,0.1831,0.1768,0.16,0.1442,0.1368,0.1326,0.1345,0.1425,0.1461,0.1422,0.1334,0.1227,0.1128,0.1013,0.091,0.0804,0.0743,0.0703,0.0663,0.0608,0.054,0.0496,0.0451,0.0435,0.0441,0.0447,0.0443,0.0417,0.0382,0.0357,0.0343,0.0316,0.0292,0.0278,0.025,0.0236,0.0218,0.0197,0.0201,0.0179,0.0167,0.0148,0.014,0.017,0.0163,0.0125,0.0089,0.0061,0.0035,0.0017,0.0009,0.0005,0.001,0.0021,0.0017,0.003,0.0042
0.427,0.427,0.4242,0.4242,0.415,0.4101,0.4095,0.4072,0.4016,0.3989,0.3932,0.3856,0.3779,0.3717,0.3632,0.3601,0.3624,0.365,0.3655,0.3623,0.3563,0.3487,0.3435,0.3392,0.3354,0.3274,0.3189,0.3121,0.3041,0.2959,0.2844,0.2726,0.2618,0.2518,0.2447,0.2425,0.231,0.2178,0.205,0.195,0.1823,0.1691,0.1571,0.1466,0.14,0.1377,0.1322,0.1262,0.1188,0.1114,0.1057,0.0996,0.0927,0.0854,0.0799,0.0734,0.0676,0.0621,0.0551,0.0522,0.0477,0.0417,0.038,0.0361,0.0345,0.0331,0.0325,0.0319,0.0309,0.0294,0.0274,0.0274,0.0263,0.0255,0.0215,0.0187,0.0189,0.0177,0.0175,0.017,0.016,0.0145,0.0128,0.0115,0.0118,0.0129,0.0151,0.0171,0.0178,0.0225
0.3135,0.3134,0.3138,0.3153,0.3174,0.3135,0.3096,0.3056,0.2981,0.296,0.295,0.2947,0.2905,0.2852,0.2793,0.2729,0.2701,0.2671,0.2649,0.2612,0.2563,0.2529,0.2507,0.2487,0.2435,0.2347,0.227,0.2263,0.2226,0.2168,0.2096,0.2004,0.1872,0.1761,0.1665,0.1608,0.1529,0.1444,0.1354,0.1281,0.1212,0.113,0.1036,0.0904,0.0838,0.0806,0.0725,0.0629,0.0557,0.0501,0.0457,0.0394,0.0292,0.02,0.0164,0.0154,0.0166,0.0193,0.0223,0.0231,0.02,0.0172,0.0168,0.0171,0.0178,0.0168,0.0162,0.0173,0.0175,0.0169,0.0166,0.016,0.0151,0.0151,0.0146,0.013,0.0114,0.0112,0.0117,0.0128,0.0133,0.0128,0.0128,0.0134,0.0132,0.0127,0.0132,0.0145,0.0144,0.0167
0.3676,0.3623,0.3585,0.3566,0.3589,0.3555,0.3481,0.3392,0.333,0.3282,0.3266,0.3237,0.3162,0.3116,0.3106,0.3152,0.3185,0.3161,0.3147,0.3134,0.3108,0.307,0.3017,0.2942,0.2859,0.2791,0.2772,0.2757,0.271,0.2653,0.259,0.2504,0.2392,0.2302,0.2234,0.2143,0.2068,0.1983,0.1866,0.1768,0.1647,0.1513,0.1419,0.1351,0.1296,0.1176,0.1028,0.0887,0.0776,0.0642,0.0531,0.0418,0.0331,0.0261,0.0223,0.0207,0.0216,0.0241,0.0243,0.0254,0.0243,0.0238,0.0244,0.0232,0.0237,0.0236,0.024,0.0245,0.0235,0.0234,0.0242,0.0228,0.0202,0.0203,0.0211,0.0237,0.0205,0.0176,0.0161,0.0153,0.0154,0.0175,0.0167,0.0174,0.0179,0.0179,0.0179,0.0191,0.0188,0.0202
0.4187,0.4169,0.4121,0.4104,0.4113,0.407,0.3994,0.3938,0.3879,0.3796,0.3753,0.3714,0.3653,0.3574,0.3478,0.3389,0.3313,0.325,0.3171,0.3087,0.3032,0.2989,0.2908,0.2823,0.2769,0.2684,0.2644,0.2611,0.2576,0.252,0.2465,0.2417,0.2356,0.226,0.2178,0.2099,0.2059,0.2007,0.1914,0.1814,0.1809,0.1768,0.1681,0.1584,0.1493,0.1393,0.1212,0.1083,0.1031,0.0991,0.0913,0.0822,0.0719,0.0652,0.067,0.0664,0.0636,0.0635,0.0652,0.0657,0.0653,0.0631,0.061,0.0583,0.0553,0.0546,0.0544,0.0529,0.0496,0.0481,0.0461,0.0443,0.0435,0.0419,0.0403,0.0407,0.0418,0.0395,0.0377,0.0361,0.0336,0.0314,0.0305,0.0306,0.0302,0.0333,0.0367,0.0383,0.0391,0.041
0.3414,0.3397,0.335,0.328,0.3278,0.3307,0.3329,0.334,0.333,0.334,0.3343,0.3325,0.3322,0.3292,0.322,0.309,0.2963,0.2847,0.2748,0.263,0.2504,0.2414,0.2338,0.2263,0.2234,0.2214,0.2153,0.2093,0.2068,0.2046,0.2029,0.2015,0.1999,0.1957,0.1903,0.1885,0.1844,0.1773,0.1694,0.1622,0.1543,0.1427,0.1286,0.1187,0.1155,0.1145,0.1115,0.1056,0.0979,0.091,0.0847,0.0793,0.0791,0.0755,0.069,0.063,0.0596,0.0545,0.0514,0.0461,0.043,0.041,0.0386,0.0355,0.0334,0.0321,0.0311,0.032,0.0333,0.0331,0.0331,0.0341,0.0341,0.0354,0.0351,0.0326,0.0325,0.031,0.0302,0.0307,0.032,0.0302,0.0285,0.027,0.0255,0.0246,0.024,0.0203,0.0179,0.015
0.2512,0.2521,0.25,0.2449,0.2432,0.2463,0.244,0.237,0.2342,0.2277,0.2204,0.2146,0.2121,0.2129,0.2063,0.1909,0.1804,0.1768,0.1707,0.1668,0.1609,0.1511,0.145,0.1394,0.1346,0.1336,0.1299,0.1241,0.1207,0.1169,0.1141,0.1108,0.1088,0.1038,0.0993,0.0945,0.0854,0.0773,0.0716,0.0664,0.0626,0.0573,0.0542,0.0526,0.0514,0.0479,0.0434,0.0405,0.036,0.0328,0.029,0.0272,0.0232,0.0186,0.0164,0.0155,0.0169,0.0181,0.0158,0.0154,0.0133,0.0125,0.013,0.0125,0.011,0.0112,0.0121,0.012,0.0125,0.0136,0.0138,0.0136,0.014,0.0146,0.013,0.0154,0.0155,0.0114,0.0079,0.0076,0.0076,0.0064,0.0053,0.005,0.0074,0.0093,0.0085,0.0078,0.0075,0.0073
0.1854,0.1855,0.1842,0.181,0.1756,0.1712,0.1656,0.1583,0.1555,0.1533,0.1459,0.141,0.1389,0.1384,0.1373,0.1349,0.1309,0.129,0.1286,0.1258,0.1217,0.1183,0.1155,0.1132,0.108,0.1056,0.1015,0.0944,0.0905,0.0884,0.0873,0.0873,0.085,0.0801,0.0771,0.0763,0.0744,0.0741,0.0736,0.0722,0.0713,0.0715,0.0695,0.067,0.0646,0.0643,0.0641,0.0637,0.0634,0.0612,0.0579,0.056,0.0547,0.0527,0.0503,0.0479,0.0475,0.0467,0.0453,0.0457,0.0457,0.0447,0.0432,0.042,0.0407,0.0402,0.0408,0.0411,0.0424,0.0451,0.0467,0.0482,0.0476,0.048,0.0461,0.0429,0.0438,0.0441,0.0427,0.0409,0.0392,0.0359,0.0347,0.0359,0.0363,0.0357,0.0358,0.0349,0.0357,0.0361
0.1625,0.1604,0.1555,0.1513,0.1462,0.1453,0.1455,0.1433,0.1433,0.1434,0.1407,0.1386,0.1367,0.1365,0.1351,0.1318,0.1298,0.1266,0.119,0.1206,0.1199,0.1185,0.1188,0.1202,0.1217,0.1223,0.1224,0.1206,0.1188,0.1204,0.1194,0.1138,0.1076,0.1103,0.1165,0.1137,0.1101,0.1056,0.1012,0.0977,0.0956,0.0934,0.0901,0.0881,0.0868,0.0846,0.0824,0.0803,0.0777,0.0729,0.073,0.0706,0.0684,0.0658,0.0621,0.0616,0.0601,0.0558,0.0538,0.0521,0.0488,0.0444,0.0421,0.0396,0.0363,0.0341,0.0316,0.0274,0.0255,0.0278,0.0284,0.0278,0.0274,0.0272,0.0259,0.0249,0.0234,0.0211,0.0197,0.0194,0.0205,0.0203,0.0197,0.0184,0.0164,0.0157,0.0167,0.0166,0.0155,0.0123
0.182,0.1843,0.1831,0.18,0.1775,0.1723,0.1713,0.169,0.1662,0.1621,0.1586,0.157,0.155,0.1532,0.1515,0.1493,0.1489,0.1472,0.1459,0.146,0.1446,0.1425,0.1391,0.1371,0.1333,0.1309,0.1273,0.1219,0.1156,0.1133,0.1099,0.1078,0.1046,0.101,0.0959,0.0886,0.0795,0.0743,0.0704,0.0669,0.0634,0.0595,0.0559,0.0528,0.0515,0.0471,0.0435,0.0397,0.0334,0.0249,0.0232,0.0215,0.0193,0.0178,0.0138,0.0106,0.0085,0.0063,0.0052,0.0027,0.0015,0.0008,0.0004,0.0004,0.0002,0.0,0.0,0.0005,0.0014,0.0016,0.0018,0.0019,0.0018,0.0017,0.0013,0.0009,0.001,0.001,0.001,0.0012,0.0001,0.0,0.0,0.0,0.0,0.0,0.0,0.0,0.0,0.0
0.132,0.1317,0.1353,0.1375,0.1409,0.1382,0.1327,0.1276,0.1228,0.1193,0.1181,0.1172,0.1157,0.1127,0.111,0.1088,0.1046,0.1031,0.1047,0.1001,0.1005,0.0985,0.0948,0.09,0.0822,0.0757,0.0743,0.0741,0.0713,0.069,0.0662,0.0614,0.061,0.0608,0.0573,0.0506,0.0445,0.0406,0.0391,0.0389,0.0385,0.0364,0.0342,0.0342,0.0321,0.0283,0.0269,0.0262,0.0261,0.0268,0.0293,0.0304,0.0312,0.0303,0.0309,0.0301,0.0283,0.026,0.0249,0.0239,0.0222,0.0192,0.0159,0.0125,0.0115,0.0112,0.0099,0.0096,0.0101,0.011,0.0111,0.0101,0.01,0.0102,0.0095,0.0084,0.0079,0.0083,0.0084,0.0081,0.0064,0.0055,0.006,0.0055,0.0044,0.0021,0.0017,0.0022,0.0027,0.0026
0.0593,0.0555,0.053,0.0532,0.0512,0.0475,0.0459,0.049,0.0519,0.052,0.051,0.0511,0.0503,0.0523,0.0532,0.0536,0.0526,0.0543,0.0548,0.0527,0.0496,0.0467,0.0459,0.0467,0.0479,0.0482,0.0483,0.0483,0.0475,0.045,0.0432,0.0425,0.0427,0.0431,0.0423,0.0399,0.0393,0.0393,0.0391,0.0392,0.0392,0.0391,0.039,0.0386,0.0382,0.0379,0.0378,0.0386,0.0393,0.0382,0.0365,0.0347,0.0371,0.0378,0.038,0.0378,0.0367,0.0366,0.0381,0.0389,0.0389,0.0388,0.0386,0.0382,0.0376,0.0371,0.0368,0.0373,0.0386,0.0388,0.0386,0.0387,0.0386,0.0383,0.0381,0.0386,0.0392,0.0383,0.0384,0.0388,0.0389,0.0382,0.0385,0.0384,0.0388,0.0388,0.0377,0.0385,0.0388,0.0387
0.4482,0.4347,0.4295,0.4253,0.423,0.4195,0.4144,0.4168,0.4202,0.4212,0.4222,0.4247,0.4298,0.4343,0.438,0.4396,0.4488,0.4565,0.4589,0.4591,0.4598,0.4578,0.4556,0.4545,0.4522,0.4477,0.4446,0.4452,0.4464,0.4512,0.4542,0.4572,0.4553,0.4527,0.4541,0.4574,0.4607,0.462,0.4617,0.4613,0.4622,0.4608,0.4563,0.4487,0.4373,0.4295,0.4261,0.4272,0.4347,0.4355,0.4334,0.4297,0.4318,0.4303,0.4279,0.4238,0.4223,0.4189,0.416,0.4116,0.4112,0.4069,0.4065,0.41,0.4043,0.3994,0.3958,0.395,0.3921,0.3829,0.3748,0.3725,0.3712,0.3669,0.3649,0.363,0.3594,0.3534,0.3513,0.3579,0.3587,0.3582,0.3573,0.356,0.3537,0.3512,0.349,0.3505,0.3548,0.353
0.5103,0.5068,0.4999,0.4952,0.4993,0.5027,0.4981,0.4943,0.4944,0.4917,0.4871,0.4832,0.4778,0.4703,0.4645,0.4598,0.4528,0.4419,0.4373,0.4338,0.4263,0.4164,0.406,0.3973,0.3913,0.3858,0.3798,0.3728,0.3661,0.3568,0.3493,0.3449,0.338,0.3265,0.3114,0.2938,0.2763,0.2593,0.2451,0.2304,0.2155,0.2019,0.1874,0.1768,0.1737,0.1705,0.1643,0.1544,0.1376,0.1281,0.1256,0.1236,0.1141,0.106,0.0989,0.0947,0.0902,0.0856,0.0818,0.0774,0.0744,0.0702,0.0642,0.06,0.0554,0.0537,0.054,0.0537,0.0521,0.0509,0.0506,0.0511,0.0526,0.0525,0.0513,0.049,0.0464,0.0455,0.0453,0.046,0.0462,0.0465,0.0469,0.0475,0.048,0.0471,0.0465,0.0463,0.0478,0.0507
0.5277,0.5218,0.515,0.5095,0.5061,0.5011,0.4923,0.4829,0.4725,0.4645,0.4531,0.4407,0.4283,0.4166,0.4027,0.3918,0.3775,0.3572,0.3389,0.32,0.2999,0.2808,0.2619,0.2407,0.2212,0.2059,0.1952,0.1852,0.1716,0.1601,0.1491,0.138,0.127,0.1149,0.102,0.0897,0.0801,0.072,0.0659,0.0613,0.0575,0.0526,0.0482,0.0462,0.0459,0.0446,0.0427,0.0398,0.0377,0.0368,0.0364,0.0335,0.0309,0.0292,0.0269,0.0262,0.0262,0.0255,0.0243,0.0238,0.0232,0.021,0.0195,0.0172,0.0136,0.0124,0.0109,0.0101,0.0082,0.0064,0.0043,0.0041,0.004,0.004,0.0036,0.0034,0.0036,0.0033,0.0031,0.0031,0.0029,0.0025,0.0022,0.0021,0.0022,0.002,0.002,0.0021,0.0024,0.0029
0.5316,0.5251,0.5204,0.508,0.4926,0.4794,0.4696,0.4598,0.4413,0.4259,0.4129,0.3973,0.379,0.362,0.3462,0.3276,0.3102,0.2882,0.2696,0.2452,0.2184,0.1963,0.1766,0.1635,0.1504,0.1398,0.1286,0.117,0.1078,0.0984,0.0835,0.0677,0.0522,0.0422,0.0345,0.0332,0.032,0.0308,0.0294,0.0285,0.0268,0.0241,0.021,0.0223,0.0201,0.0186,0.0174,0.017,0.0165,0.0157,0.0136,0.0116,0.0109,0.0109,0.011,0.0099,0.0093,0.0079,0.0058,0.0048,0.0044,0.0037,0.0028,0.0022,0.0017,0.0011,0.0006,0.0002,0.0,0.0,0.0,0.0,0.0,0.0,0.0,0.0,0.0,0.0,0.0,0.0,0.0,0.0,0.0,0.0,0.0,0.0,0.0,0.0,0.0,0.0
0.33,0.3284,0.3229,0.3182,0.3109,0.2997,0.2877,0.2759,0.2662,0.2582,0.2478,0.2392,0.232,0.2228,0.2128,0.1997,0.1876,0.1791,0.1692,0.1512,0.1348,0.1198,0.1045,0.0941,0.0832,0.0744,0.0665,0.0595,0.0534,0.0491,0.0452,0.0421,0.0392,0.0366,0.0339,0.0313,0.0315,0.0309,0.0285,0.0264,0.0247,0.024,0.0235,0.0229,0.0214,0.0182,0.0151,0.013,0.0129,0.0136,0.0156,0.0121,0.0126,0.0088,0.0064,0.0054,0.0044,0.0037,0.0026,0.0014,0.0004,0.0003,0.0008,0.0014,0.0002,0.0,0.0,0.0,0.0,0.0,0.0,0.0,0.0,0.0,0.0,0.0,0.0,0.0,0.0,0.0,0.0,0.0,0.0,0.0,0.0,0.0,0.0,0.0,0.0001,0.0004
0.3521,0.3456,0.3405,0.3374,0.3292,0.3184,0.3064,0.2949,0.2812,0.2632,0.2498,0.2332,0.2185,0.2041,0.1896,0.1742,0.1614,0.1516,0.1458,0.1349,0.1201,0.1106,0.1039,0.0979,0.0935,0.0871,0.0792,0.0688,0.0593,0.051,0.0454,0.0382,0.0317,0.0283,0.0276,0.0246,0.0235,0.0205,0.0198,0.0186,0.0149,0.0139,0.0137,0.0129,0.0093,0.0088,0.009,0.0106,0.0073,0.0047,0.0078,0.0056,0.0045,0.0025,0.0017,0.0002,0.0,0.0,0.0,0.0,0.0,0.0,0.0,0.0,0.0,0.0,0.0,0.0,0.0,0.0,0.0,0.0002,0.0004,0.0005,0.0005,0.0008,0.0009,0.0016,0.0009,0.0002,0.0,0.0,0.0,0.0002,0.0007,0.0009,0.0014,0.0034,0.0041,0.0061
