0.3053,0.2973,0.2898,0.2822,0.2752,0.2635,0.2553,0.2424,0.2287,0.2157,0.2074,0.1958,0.1866,0.1761,0.1672,0.1562,0.1463,0.1365,0.1281,0.1199,0.1106,0.099,0.0874,0.0832,0.0798,0.0752,0.073,0.0691,0.0646,0.0609,0.057,0.054,0.0507,0.0486,0.0444,0.0389,0.0337,0.033,0.0324,0.0323,0.0327,0.0325,0.0323,0.0318,0.0313,0.0304,0.0297,0.0294,0.0286,0.0261,0.025,0.0263,0.0262,0.0213,0.0195,0.0185,0.0161,0.0135,0.0152,0.0173,0.0176,0.0186,0.0198,0.0185,0.0189,0.0189,0.019,0.025,0.0273,0.0246,0.0246,0.0247,0.0233,0.0231,0.0233,0.0184,0.0118,0.006,0.0096,0.0122,0.0144,0.0154,0.0159,0.0187,0.0201,0.0173,0.0151,0.0157,0.0189,0.0234
0.3893,0.3823,0.3786,0.3751,0.3674,0.3546,0.344,0.3368,0.3289,0.3199,0.3068,0.2926,0.2831,0.2703,0.2614,0.2517,0.2372,0.2243,0.214,0.2031,0.188,0.173,0.1588,0.142,0.1244,0.1139,0.0961,0.0842,0.0773,0.0709,0.0735,0.075,0.075,0.0753,0.0741,0.0744,0.072,0.0687,0.0665,0.0669,0.0675,0.0671,0.0659,0.0653,0.0655,0.0661,0.0664,0.0665,0.0671,0.067,0.0665,0.0678,0.0695,0.0713,0.0701,0.0697,0.0676,0.0671,0.0656,0.0648,0.0655,0.0657,0.0653,0.0657,0.0653,0.0642,0.0625,0.0585,0.0565,0.0554,0.0529,0.0524,0.0503,0.0485,0.0492,0.0474,0.044,0.046,0.0456,0.0421,0.0412,0.0399,0.0405,0.0432,0.0443,0.0438,0.0445,0.0436,0.0412,0.0437
0.4538,0.4456,0.4411,0.4395,0.4328,0.4264,0.4224,0.4206,0.4144,0.405,0.394,0.3895,0.3847,0.372,0.3613,0.354,0.3454,0.3336,0.32,0.3037,0.289,0.2782,0.2668,0.2574,0.2448,0.2333,0.2254,0.217,0.2057,0.196,0.1882,0.18,0.1705,0.1608,0.153,0.1496,0.1451,0.1386,0.1312,0.1256,0.1234,0.1218,0.1218,0.1212,0.119,0.1164,0.1139,0.111,0.1074,0.1056,0.1058,0.1064,0.1044,0.103,0.1009,0.0982,0.0942,0.0917,0.0891,0.0889,0.0897,0.0893,0.0884,0.0868,0.0843,0.083,0.0838,0.0811,0.0775,0.0757,0.0759,0.0749,0.0721,0.0695,0.0669,0.0641,0.0632,0.062,0.0587,0.058,0.0585,0.059,0.0586,0.0593,0.06,0.06,0.0573,0.0555,0.055,0.0526
0.3712,0.365,0.3571,0.3482,0.339,0.3333,0.3264,0.3207,0.3148,0.3089,0.3052,0.3016,0.2935,0.2829,0.2706,0.2568,0.2514,0.2469,0.2449,0.2434,0.2415,0.2393,0.2385,0.2386,0.2398,0.2376,0.2353,0.2332,0.2321,0.2261,0.2195,0.2138,0.2092,0.1959,0.1853,0.1788,0.1762,0.1764,0.1751,0.1714,0.1674,0.1665,0.1651,0.1619,0.1611,0.1595,0.1572,0.1528,0.1487,0.1463,0.1459,0.1397,0.1283,0.1242,0.1206,0.1152,0.1124,0.1109,0.1101,0.1104,0.1073,0.1048,0.102,0.0985,0.0952,0.0922,0.0883,0.0853,0.0824,0.0789,0.0785,0.0788,0.076,0.0731,0.0683,0.0628,0.0588,0.0554,0.0512,0.0494,0.046,0.0454,0.045,0.0435,0.042,0.0412,0.0422,0.0402,0.0377,0.0375
0.2533,0.2502,0.2446,0.2401,0.2377,0.2372,0.2345,0.2224,0.216,0.2163,0.2143,0.2046,0.1958,0.1929,0.1872,0.1826,0.1806,0.1787,0.1781,0.1796,0.1787,0.1781,0.1802,0.1797,0.1789,0.1772,0.1733,0.167,0.1583,0.1502,0.1464,0.1396,0.1311,0.1234,0.1156,0.1095,0.105,0.1037,0.1013,0.0973,0.0914,0.085,0.0806,0.0719,0.0621,0.055,0.051,0.049,0.0468,0.045,0.0435,0.0403,0.0312,0.0253,0.0182,0.0152,0.0139,0.0124,0.0108,0.01,0.0083,0.0075,0.007,0.0053,0.0034,0.0026,0.0019,0.0009,0.0004,0.0008,0.0008,0.0,0.0,0.0,0.0,0.0,0.0,0.0,0.0,0.0,0.0,0.0,0.0,0.0,0.0,0.0,0.0,0.0,0.0,0.0
0.1622,0.1621,0.1583,0.1544,0.1504,0.1469,0.1438,0.1393,0.133,0.1305,0.1288,0.1285,0.1203,0.1116,0.103,0.0979,0.0939,0.0878,0.0803,0.0759,0.0692,0.0637,0.0571,0.048,0.0423,0.038,0.0357,0.0336,0.0306,0.0267,0.0195,0.0078,0.004,0.0035,0.0033,0.003,0.0021,0.0021,0.0025,0.0026,0.0028,0.0017,0.0003,0.0,0.0,0.0,0.0,0.0,0.0,0.0,0.0,0.0,0.0,0.0,0.0,0.0,0.0,0.0,0.0,0.0,0.0,0.0,0.0,0.0,0.0,0.0,0.0,0.0,0.0,0.0,0.0,0.0,0.0,0.0,0.0,0.0,0.0,0.0,0.0,0.0,0.0,0.0,0.0,0.0,0.0,0.0,0.0,0.0,0.0,0.0
0.1187,0.1167,0.1115,0.1088,0.1072,0.1009,0.0918,0.0842,0.0791,0.0751,0.0695,0.0643,0.0616,0.0586,0.0514,0.048,0.0457,0.0429,0.0405,0.0391,0.0385,0.0359,0.0363,0.0341,0.0335,0.0324,0.0302,0.0286,0.0274,0.0255,0.0237,0.0242,0.0236,0.0196,0.0168,0.0123,0.0053,0.0024,0.001,0.0002,0.0001,0.0,0.0,0.0,0.0,0.0,0.0,0.0,0.0,0.0,0.0,0.0,0.0,0.0,0.0,0.0,0.0,0.0,0.0,0.0,0.0,0.0,0.0,0.0,0.0,0.0,0.0,0.0,0.0,0.0,0.0,0.0,0.0,0.0,0.0,0.0,0.0,0.0,0.0,0.0,0.0,0.0,0.0,0.0,0.0,0.0,0.0,0.0,0.0,0.0
0.1675,0.1623,0.1566,0.1538,0.1511,0.146,0.1427,0.1405,0.1365,0.1304,0.1241,0.1161,0.1091,0.1039,0.0982,0.0923,0.0868,0.0799,0.0737,0.0689,0.0656,0.0603,0.0561,0.0501,0.0422,0.0357,0.032,0.0298,0.0275,0.0243,0.02,0.0145,0.0069,0.0039,0.0027,0.0011,0.0008,0.0011,0.0002,0.0,0.0,0.0,0.0,0.0,0.0,0.0,0.0,0.0,0.0,0.0,0.0,0.0,0.0,0.0,0.0,0.0,0.0,0.0,0.0,0.0,0.0,0.0,0.0,0.0,0.0,0.0,0.0,0.0,0.0,0.0,0.0,0.0,0.0,0.0,0.0,0.0,0.0,0.0,0.0,0.0,0.0,0.0,0.0,0.0,0.0,0.0,0.0,0.0,0.0,0.0
0.0988,0.0941,0.09,0.0888,0.0851,0.0805,0.0759,0.0707,0.0677,0.063,0.0558,0.0487,0.0434,0.0413,0.038,0.0337,0.0283,0.0236,0.0214,0.0184,0.016,0.0151,0.0131,0.011,0.0102,0.0108,0.0103,0.0093,0.0086,0.0069,0.0056,0.0046,0.0033,0.0022,0.0017,0.0013,0.0009,0.0013,0.0013,0.0014,0.0013,0.0006,0.0001,0.0,0.0,0.0,0.0,0.0,0.0,0.0,0.0,0.0,0.0,0.0,0.0,0.0,0.0,0.0,0.0,0.0,0.0,0.0,0.0,0.0,0.0,0.0,0.0,0.0,0.0,0.0,0.0,0.0,0.0,0.0,0.0,0.0,0.0,0.0,0.0,0.0,0.0,0.0,0.0,0.0,0.0,0.0,0.0,0.0,0.0,0.0
0.1285,0.1245,0.1203,0.1202,0.1161,0.1101,0.1044,0.0959,0.0915,0.0876,0.0816,0.0779,0.073,0.0671,0.0657,0.0661,0.0665,0.0638,0.0585,0.0523,0.0455,0.0406,0.0355,0.0329,0.0293,0.0301,0.0332,0.0343,0.031,0.0268,0.0252,0.0258,0.0259,0.025,0.0249,0.0251,0.024,0.025,0.0234,0.0217,0.0214,0.0218,0.022,0.0199,0.0175,0.0161,0.0153,0.0152,0.0134,0.0092,0.0067,0.0037,0.0036,0.003,0.004,0.0039,0.0033,0.0022,0.0011,0.0008,0.0005,0.0008,0.0014,0.001,0.0007,0.0012,0.0011,0.0008,0.0001,0.0,0.0001,0.0004,0.0012,0.0012,0.0,0.0,0.0,0.0,0.0,0.0,0.0,0.0,0.0,0.0,0.0,0.0,0.0,0.0,0.0,0.0
0.1135,0.1131,0.1124,0.1098,0.1085,0.1071,0.1056,0.1013,0.0989,0.0977,0.0985,0.1014,0.0968,0.0901,0.0839,0.0784,0.0728,0.0706,0.0692,0.0669,0.0632,0.0604,0.0575,0.0566,0.0539,0.0522,0.0501,0.047,0.0448,0.0453,0.0416,0.0374,0.0344,0.0308,0.0284,0.0271,0.027,0.0242,0.0234,0.0228,0.026,0.0291,0.0301,0.0282,0.0266,0.0265,0.0254,0.0234,0.0218,0.0177,0.0123,0.0091,0.0113,0.0132,0.0125,0.0124,0.0119,0.0114,0.0112,0.0113,0.0079,0.006,0.0064,0.0059,0.0053,0.0059,0.0052,0.005,0.0043,0.0053,0.0036,0.0031,0.0019,0.0006,0.0,0.0,0.0,0.0,0.0,0.0,0.0,0.0,0.0,0.0,0.0,0.0,0.0,0.0,0.0,0.0
0.0676,0.067,0.066,0.0648,0.0655,0.0643,0.0632,0.0634,0.0669,0.0698,0.0699,0.0692,0.0663,0.0635,0.0592,0.0581,0.0569,0.055,0.0538,0.0542,0.0527,0.0514,0.0501,0.0498,0.0494,0.0481,0.0455,0.0443,0.0445,0.0431,0.0427,0.0415,0.0399,0.0396,0.0389,0.0374,0.0359,0.0348,0.0331,0.0318,0.0318,0.0317,0.03,0.0281,0.0257,0.0228,0.0207,0.0229,0.0191,0.01,0.0041,0.003,0.0033,0.0022,0.0005,0.0,0.0,0.0,0.0,0.0,0.0,0.0,0.0,0.0,0.0,0.0,0.0,0.0,0.0,0.0,0.0,0.0,0.0,0.0,0.0,0.0,0.0,0.0,0.0,0.0,0.0,0.0,0.0,0.0,0.0,0.0,0.0,0.0,0.0,0.0
0.0683,0.0675,0.066,0.0632,0.0635,0.064,0.062,0.0619,0.0615,0.0585,0.0572,0.055,0.0548,0.0539,0.0493,0.0408,0.0333,0.0324,0.0366,0.0298,0.0243,0.0216,0.021,0.0196,0.018,0.0168,0.0146,0.0125,0.0112,0.0102,0.0104,0.0104,0.0095,0.0081,0.0085,0.0077,0.0057,0.0043,0.0039,0.0033,0.0025,0.0028,0.003,0.0035,0.004,0.0029,0.0012,0.0017,0.0002,0.0,0.0,0.0,0.0,0.0,0.0,0.0,0.0,0.0,0.0,0.0,0.0,0.0,0.0,0.0,0.0,0.0,0.0,0.0,0.0,0.0,0.0,0.0,0.0,0.0,0.0,0.0,0.0,0.0,0.0,0.0,0.0,0.0,0.0,0.0,0.0,0.0,0.0,0.0,0.0,0.0
0.0425,0.0433,0.0451,0.0453,0.0431,0.0397,0.0369,0.0312,0.0293,0.0286,0.028,0.0258,0.0248,0.0236,0.0203,0.0119,0.0091,0.0083,0.0085,0.009,0.0087,0.0098,0.0138,0.0123,0.0091,0.0055,0.0029,0.0007,0.0,0.0002,0.0002,0.0019,0.003,0.0051,0.0054,0.0045,0.004,0.0034,0.002,0.0012,0.0008,0.0009,0.0012,0.001,0.0013,0.0006,0.0011,0.0017,0.0015,0.0027,0.0016,0.0018,0.0008,0.0004,0.0001,0.0,0.0,0.0,0.0005,0.0016,0.0023,0.0039,0.0069,0.0065,0.0066,0.0075,0.0078,0.0069,0.003,0.0015,0.0012,0.0008,0.0003,0.0001,0.0001,0.0001,0.0004,0.0004,0.0003,0.0004,0.0004,0.0008,0.0005,0.0004,0.0016,0.0018,0.0012,0.0009,0.0014,0.0015
0.0532,0.051,0.0506,0.0487,0.0448,0.0419,0.0392,0.0374,0.0367,0.0356,0.0345,0.0332,0.0321,0.0282,0.0229,0.0221,0.0202,0.0182,0.0185,0.0189,0.0194,0.0197,0.0206,0.0235,0.0262,0.0262,0.0254,0.0284,0.0299,0.0325,0.0394,0.0436,0.0453,0.0467,0.0489,0.0523,0.0536,0.0569,0.0599,0.0602,0.06,0.0624,0.0631,0.0609,0.0589,0.0555,0.0522,0.0511,0.0482,0.0454,0.0428,0.0419,0.0423,0.0428,0.0424,0.0437,0.0477,0.0513,0.0543,0.0552,0.0547,0.0562,0.0552,0.053,0.0512,0.0502,0.0508,0.0498,0.046,0.0421,0.0396,0.0387,0.0359,0.0371,0.0383,0.0386,0.0369,0.0303,0.0272,0.0249,0.0225,0.0205,0.0183,0.0167,0.0162,0.0133,0.0127,0.0137,0.0136,0.0131
0.1229,0.1181,0.1156,0.1134,0.1123,0.1081,0.108,0.1049,0.0973,0.0949,0.091,0.0897,0.0936,0.0993,0.1054,0.1043,0.1015,0.0976,0.0961,0.0971,0.0967,0.0989,0.0992,0.0989,0.0996,0.1015,0.1041,0.1045,0.102,0.0991,0.0986,0.0959,0.0921,0.0898,0.0836,0.0762,0.0739,0.0741,0.0723,0.0717,0.0747,0.0759,0.0748,0.0803,0.0858,0.0875,0.0852,0.0804,0.0766,0.0725,0.0685,0.0658,0.0658,0.0655,0.0675,0.066,0.061,0.0571,0.0544,0.0527,0.0498,0.0447,0.0404,0.0374,0.0358,0.0337,0.0275,0.0217,0.0172,0.0121,0.0098,0.0083,0.0054,0.0061,0.0059,0.0053,0.0048,0.0041,0.0034,0.0034,0.0026,0.001,0.0006,0.0004,0.0002,0.0002,0.0002,0.0001,0.0001,0.0001
0.2427,0.2348,0.2231,0.2197,0.217,0.2109,0.2076,0.2057,0.2015,0.1898,0.1836,0.183,0.1856,0.1896,0.1912,0.1901,0.1886,0.188,0.1805,0.1661,0.157,0.1519,0.1519,0.1537,0.1565,0.1556,0.1552,0.1534,0.1512,0.1463,0.1426,0.1366,0.13,0.127,0.1199,0.1114,0.1015,0.0951,0.0926,0.0906,0.0858,0.0756,0.0704,0.0691,0.0675,0.0658,0.059,0.0512,0.0505,0.0479,0.0439,0.0404,0.0384,0.0315,0.0207,0.0145,0.0081,0.0056,0.0035,0.0024,0.0003,0.0,0.0,0.0,0.0,0.0,0.0,0.0,0.0,0.0,0.0,0.0,0.0,0.0,0.0,0.0,0.0,0.0,0.0,0.0,0.0,0.0,0.0,0.0,0.0,0.0,0.0,0.0,0.0,0.0
0.345,0.3393,0.3323,0.3196,0.3112,0.3063,0.2994,0.2959,0.2901,0.2841,0.2743,0.2656,0.2557,0.2412,0.2257,0.2152,0.2099,0.2106,0.2163,0.2106,0.1988,0.1882,0.1822,0.1807,0.1802,0.1794,0.174,0.164,0.1526,0.1389,0.1264,0.1163,0.1052,0.0975,0.0897,0.0835,0.0763,0.0692,0.0633,0.0572,0.0507,0.0447,0.0389,0.0352,0.034,0.0332,0.0316,0.0259,0.0187,0.0134,0.0106,0.0072,0.0041,0.0026,0.0015,0.0014,0.0004,0.0,0.0,0.0,0.0,0.0,0.0,0.0,0.0,0.0,0.0,0.0,0.0,0.0,0.0,0.0,0.0,0.0,0.0,0.0,0.0,0.0,0.0,0.0,0.0,0.0,0.0001,0.0004,0.0007,0.0008,0.001,0.0014,0.0019,0.0018
0.3837,0.3803,0.3757,0.3753,0.3629,0.3541,0.3441,0.3402,0.3379,0.331,0.3213,0.3131,0.3062,0.3008,0.2988,0.2945,0.2896,0.286,0.2837,0.2823,0.2749,0.2661,0.2573,0.2479,0.2394,0.2322,0.2268,0.2215,0.2166,0.2136,0.2067,0.1969,0.1873,0.1791,0.1725,0.1705,0.169,0.1657,0.1562,0.1464,0.1381,0.1322,0.1241,0.1201,0.1081,0.1033,0.0973,0.0884,0.0773,0.066,0.053,0.0449,0.0411,0.0388,0.0382,0.0374,0.0378,0.0384,0.0403,0.0394,0.0363,0.0341,0.0331,0.0312,0.0306,0.0307,0.0321,0.0344,0.035,0.0341,0.0338,0.0316,0.0297,0.0278,0.0265,0.0257,0.0258,0.0256,0.023,0.0222,0.0225,0.0219,0.0211,0.0204,0.02,0.0194,0.0195,0.0199,0.0187,0.0175
0.4389,0.4407,0.4375,0.4349,0.4307,0.4218,0.4182,0.4146,0.4122,0.4077,0.406,0.3986,0.392,0.3854,0.376,0.3646,0.3519,0.3428,0.3395,0.3344,0.329,0.3232,0.3183,0.3162,0.3133,0.3079,0.3024,0.2952,0.2907,0.2848,0.2788,0.2722,0.2644,0.2532,0.245,0.24,0.2358,0.232,0.2276,0.221,0.2145,0.2061,0.194,0.1797,0.1656,0.1556,0.1512,0.1418,0.1307,0.1182,0.1074,0.0974,0.0878,0.0806,0.0741,0.0686,0.0639,0.0585,0.0534,0.0502,0.0482,0.0431,0.0391,0.035,0.0304,0.0304,0.0286,0.0247,0.0204,0.015,0.0113,0.0079,0.0056,0.0042,0.0037,0.0037,0.0033,0.0033,0.0028,0.0026,0.0027,0.0023,0.0019,0.0017,0.0014,0.0009,0.0009,0.0009,0.0006,0.0004
0.3008,0.3019,0.304,0.3029,0.3043,0.3028,0.3033,0.3002,0.3002,0.2979,0.2938,0.2917,0.2949,0.2942,0.288,0.2818,0.2716,0.266,0.2598,0.2497,0.2432,0.2386,0.2332,0.2269,0.2185,0.2113,0.2007,0.1903,0.1807,0.1694,0.1626,0.1585,0.1529,0.1453,0.135,0.1292,0.1239,0.1164,0.1078,0.0975,0.0865,0.0816,0.076,0.0668,0.057,0.0493,0.0457,0.0386,0.0327,0.0311,0.027,0.0241,0.0226,0.0203,0.0172,0.0158,0.0147,0.0124,0.0101,0.007,0.0043,0.0024,0.0024,0.002,0.0011,0.0002,0.0,0.0,0.0001,0.0012,0.0011,0.0008,0.0006,0.0003,0.0001,0.0,0.0,0.0,0.0,0.0,0.0,0.0,0.0,0.0,0.0,0.0,0.0,0.0,0.0,0.0
0.3497,0.3443,0.3417,0.3397,0.3358,0.328,0.3192,0.3096,0.3056,0.3014,0.2963,0.2896,0.2856,0.2787,0.2679,0.2546,0.244,0.2373,0.2272,0.2189,0.2129,0.2071,0.2015,0.1959,0.1923,0.1895,0.183,0.1735,0.1654,0.1565,0.1503,0.1493,0.1471,0.1403,0.1258,0.1122,0.1005,0.0889,0.0775,0.0664,0.057,0.0515,0.0492,0.045,0.0371,0.0299,0.0203,0.0148,0.0116,0.0105,0.0095,0.0079,0.0062,0.0053,0.0036,0.0025,0.0017,0.0006,0.0001,0.0,0.0,0.0,0.0,0.0,0.0,0.0,0.0,0.0,0.0,0.0,0.0,0.0,0.0,0.0,0.0,0.0,0.0,0.0,0.0,0.0,0.0,0.0,0.0,0.0,0.0,0.0,0.0,0.0,0.0,0.0
0.3841,0.3785,0.3727,0.3696,0.3698,0.3695,0.3633,0.3555,0.3454,0.3393,0.334,0.3242,0.3122,0.3059,0.2979,0.2861,0.2731,0.2649,0.255,0.247,0.239,0.2322,0.2261,0.2209,0.2161,0.2113,0.2037,0.1937,0.1862,0.1799,0.174,0.1665,0.1563,0.1474,0.1395,0.1353,0.1307,0.121,0.1097,0.097,0.0849,0.0773,0.0658,0.0507,0.039,0.0296,0.0211,0.0147,0.0086,0.0059,0.0019,0.0001,0.0,0.0,0.0003,0.0005,0.0004,0.0003,0.0003,0.0002,0.0004,0.0004,0.0001,0.0005,0.0014,0.004,0.0054,0.004,0.0042,0.0047,0.0047,0.0042,0.0036,0.0031,0.0027,0.0023,0.0021,0.0016,0.0011,0.001,0.0006,0.0002,0.0002,0.0001,0.0001,0.0,0.0,0.0,0.0,0.0002
0.3143,0.3119,0.3048,0.2996,0.3008,0.3018,0.3007,0.3025,0.2959,0.2924,0.2957,0.2955,0.2834,0.2748,0.2704,0.2702,0.2682,0.265,0.2589,0.2493,0.2485,0.2479,0.2445,0.2375,0.2319,0.2287,0.2237,0.2111,0.2003,0.1878,0.1722,0.1642,0.1529,0.1432,0.14,0.1356,0.1291,0.1204,0.1125,0.1082,0.1033,0.0987,0.0953,0.09,0.0839,0.076,0.0699,0.0638,0.0572,0.0531,0.0509,0.0476,0.0442,0.0422,0.041,0.039,0.0378,0.0365,0.035,0.0342,0.0328,0.0321,0.0315,0.0287,0.0258,0.0245,0.0224,0.0189,0.0172,0.0142,0.0127,0.0113,0.0102,0.0092,0.0082,0.0075,0.0074,0.007,0.0064,0.006,0.0052,0.0047,0.0042,0.0033,0.0024,0.0022,0.0022,0.0023,0.0023,0.0019
0.2332,0.2302,0.2259,0.2199,0.2163,0.2206,0.2234,0.2205,0.2149,0.2076,0.2067,0.2049,0.2017,0.1914,0.1877,0.187,0.1889,0.1893,0.1856,0.1796,0.1738,0.1674,0.1587,0.1535,0.1499,0.1482,0.1431,0.1376,0.1329,0.1258,0.1163,0.11,0.1041,0.0997,0.0942,0.0886,0.0824,0.0757,0.0714,0.067,0.0634,0.0598,0.0556,0.0527,0.0521,0.0483,0.0426,0.0396,0.0373,0.0346,0.0325,0.0305,0.0269,0.0241,0.021,0.0175,0.0156,0.0143,0.0134,0.0137,0.0126,0.0108,0.0092,0.0063,0.0034,0.0013,0.001,0.0004,0.0,0.0,0.0,0.0,0.0,0.0,0.0,0.0,0.0,0.0,0.0,0.0,0.0,0.0,0.0,0.0,0.0,0.0,0.0,0.0,0.0,0.0
0.1851,0.1853,0.1839,0.1796,0.1749,0.1771,0.1775,0.1756,0.1753,0.1678,0.1609,0.1636,0.1601,0.1565,0.1518,0.1471,0.1416,0.1377,0.1351,0.1301,0.1246,0.1189,0.1142,0.1106,0.1039,0.1013,0.0992,0.0954,0.0916,0.0856,0.0792,0.0757,0.0763,0.0766,0.078,0.0774,0.0738,0.0703,0.0654,0.0612,0.06,0.0589,0.0577,0.0564,0.0545,0.0499,0.0451,0.0428,0.0423,0.0409,0.0395,0.0386,0.0374,0.037,0.0361,0.0381,0.0375,0.0371,0.0371,0.0363,0.037,0.0376,0.0374,0.0375,0.0351,0.0332,0.0325,0.0322,0.0319,0.0336,0.0343,0.0339,0.0342,0.0339,0.0338,0.0316,0.0302,0.03,0.0309,0.0297,0.0288,0.0278,0.0248,0.0208,0.0195,0.0194,0.0187,0.0186,0.018,0.0187
0.1579,0.1573,0.1528,0.1485,0.1404,0.1351,0.1365,0.137,0.1373,0.1369,0.1358,0.1353,0.1376,0.1388,0.1394,0.1382,0.1381,0.1395,0.1397,0.1336,0.1294,0.1328,0.134,0.1333,0.1308,0.1299,0.1308,0.1323,0.1322,0.1318,0.1284,0.1241,0.1211,0.12,0.1174,0.1175,0.1155,0.1134,0.1088,0.111,0.1081,0.1054,0.1007,0.095,0.091,0.0872,0.0841,0.0804,0.0797,0.0765,0.0754,0.0743,0.0739,0.0717,0.068,0.0638,0.0576,0.0528,0.0459,0.038,0.0353,0.0331,0.031,0.0301,0.0302,0.0286,0.0274,0.0258,0.0229,0.018,0.0129,0.0103,0.0079,0.0056,0.0056,0.0053,0.0046,0.0043,0.0046,0.0052,0.0057,0.0041,0.0034,0.003,0.0027,0.0023,0.0018,0.0024,0.0041,0.0049
0.1818,0.1865,0.1867,0.1842,0.1791,0.1755,0.1744,0.1752,0.1743,0.1714,0.1684,0.1665,0.1636,0.1611,0.1608,0.1585,0.1596,0.1567,0.1525,0.1511,0.1529,0.1526,0.147,0.1426,0.1386,0.1348,0.1329,0.1292,0.1252,0.1226,0.1186,0.1154,0.1075,0.0984,0.0924,0.0921,0.0899,0.0862,0.081,0.0803,0.0767,0.0719,0.0666,0.062,0.0558,0.0486,0.043,0.04,0.0387,0.0371,0.0342,0.0315,0.0303,0.0287,0.0261,0.0263,0.0248,0.0227,0.0224,0.0213,0.0197,0.0182,0.0176,0.0171,0.0164,0.0153,0.0141,0.0128,0.0117,0.0117,0.0122,0.0116,0.0113,0.0106,0.0094,0.0082,0.007,0.0062,0.0058,0.0048,0.004,0.0038,0.0049,0.0091,0.0106,0.01,0.0095,0.0079,0.0069,0.0066
0.14,0.1415,0.148,0.1511,0.1529,0.1506,0.1483,0.1437,0.1395,0.134,0.1297,0.1264,0.1248,0.1216,0.119,0.114,0.1127,0.1092,0.1054,0.1028,0.1008,0.1006,0.1,0.0983,0.0969,0.0957,0.0941,0.0888,0.0872,0.0873,0.0862,0.0861,0.085,0.0782,0.068,0.0644,0.0626,0.0623,0.0608,0.0585,0.0575,0.0572,0.0578,0.0578,0.0554,0.0533,0.0514,0.0498,0.0443,0.0418,0.0402,0.0401,0.0384,0.0343,0.0282,0.0263,0.0242,0.0218,0.0195,0.0195,0.0198,0.0197,0.0195,0.019,0.019,0.0186,0.0169,0.0142,0.0121,0.0122,0.0105,0.0101,0.0103,0.0099,0.0077,0.0064,0.0062,0.0059,0.005,0.0044,0.0049,0.0047,0.0039,0.002,0.0019,0.0023,0.0034,0.0038,0.0036,0.003
0.064,0.0623,0.0615,0.0595,0.0543,0.0509,0.0508,0.0549,0.0565,0.0547,0.052,0.0512,0.051,0.0513,0.0522,0.0508,0.05,0.0508,0.0518,0.0516,0.0514,0.0516,0.051,0.0502,0.0496,0.0486,0.0502,0.0502,0.0494,0.0485,0.0472,0.0464,0.0456,0.0439,0.0413,0.0371,0.0331,0.0324,0.0316,0.0316,0.031,0.0301,0.03,0.0303,0.0336,0.0358,0.0365,0.0383,0.04,0.0417,0.0418,0.0417,0.0417,0.0418,0.0418,0.0417,0.042,0.0424,0.0428,0.0429,0.0429,0.0426,0.0422,0.0424,0.0426,0.0429,0.0431,0.0428,0.0421,0.0418,0.0415,0.042,0.0423,0.0425,0.0425,0.0423,0.0422,0.0422,0.0422,0.0418,0.0419,0.0416,0.0417,0.0418,0.0415,0.0417,0.0416,0.0414,0.041,0.0409
0.445,0.4339,0.4195,0.409,0.4005,0.3949,0.3918,0.3967,0.4062,0.4058,0.4084,0.4135,0.4134,0.4074,0.4077,0.4078,0.4054,0.4079,0.4127,0.4117,0.4096,0.4089,0.409,0.4086,0.408,0.4066,0.4033,0.4051,0.4128,0.4174,0.4189,0.4189,0.4185,0.4167,0.4154,0.4158,0.4113,0.4031,0.392,0.3837,0.377,0.3721,0.3691,0.3689,0.374,0.3759,0.3762,0.3752,0.3733,0.3706,0.3681,0.3665,0.3662,0.3699,0.3721,0.3742,0.3734,0.3683,0.3601,0.3526,0.3555,0.3598,0.3617,0.3635,0.364,0.361,0.3569,0.3543,0.352,0.352,0.3543,0.3563,0.3581,0.3592,0.3591,0.3597,0.3593,0.3607,0.3618,0.3606,0.3561,0.3503,0.3491,0.3493,0.348,0.346,0.3447,0.3442,0.3444,0.343
0.4915,0.4888,0.4839,0.4797,0.4769,0.4752,0.4702,0.4661,0.4629,0.4576,0.4495,0.4444,0.4396,0.4344,0.4253,0.4148,0.4035,0.3932,0.3825,0.3712,0.3618,0.3561,0.3502,0.3427,0.3357,0.3279,0.3189,0.3093,0.3011,0.292,0.2811,0.2727,0.2661,0.2582,0.2507,0.242,0.2394,0.2385,0.2365,0.2326,0.2285,0.2246,0.2211,0.2161,0.2094,0.2006,0.1916,0.1852,0.1805,0.1765,0.1735,0.1713,0.164,0.1584,0.1561,0.1537,0.15,0.145,0.1402,0.1363,0.1323,0.1259,0.1213,0.1186,0.1162,0.1135,0.1114,0.1084,0.106,0.1042,0.1032,0.1002,0.0951,0.09,0.0859,0.0842,0.0824,0.0824,0.0833,0.0846,0.0853,0.0854,0.0853,0.0858,0.0861,0.086,0.0857,0.0857,0.0861,0.0868
0.5254,0.52,0.5147,0.5092,0.5064,0.5004,0.4933,0.4842,0.4724,0.4642,0.4593,0.4532,0.4443,0.4335,0.4228,0.4109,0.3985,0.3862,0.373,0.3607,0.3494,0.3414,0.3306,0.3175,0.3028,0.2863,0.271,0.2551,0.2377,0.2245,0.2122,0.1995,0.1866,0.1746,0.1626,0.1534,0.1474,0.1442,0.1417,0.1374,0.1325,0.1266,0.1211,0.1141,0.1063,0.0992,0.0919,0.0825,0.0754,0.07,0.063,0.0567,0.0516,0.0465,0.0416,0.0398,0.0358,0.0316,0.0273,0.0219,0.0162,0.013,0.0115,0.0106,0.0091,0.0079,0.0069,0.006,0.0049,0.0036,0.0025,0.0011,0.0007,0.0003,0.0001,0.0001,0.0001,0.0006,0.0011,0.0012,0.0014,0.0012,0.0011,0.002,0.0026,0.0034,0.0035,0.0032,0.0029,0.0027
0.5126,0.5114,0.5086,0.5009,0.4953,0.4882,0.4783,0.4666,0.4466,0.4294,0.4168,0.3964,0.3789,0.3639,0.3529,0.34,0.3276,0.3157,0.3036,0.2866,0.2672,0.2436,0.2229,0.2055,0.1915,0.1755,0.1598,0.1466,0.1354,0.1228,0.1106,0.1037,0.0926,0.0856,0.078,0.0692,0.0663,0.0628,0.0625,0.0608,0.0542,0.0544,0.0545,0.051,0.0479,0.0448,0.0401,0.038,0.0364,0.0351,0.0349,0.0334,0.0317,0.0296,0.0249,0.0195,0.014,0.0108,0.0087,0.0052,0.0026,0.0014,0.0009,0.0003,0.0,0.0,0.0002,0.0001,0.0,0.0,0.0,0.0,0.0,0.0,0.0,0.0,0.0,0.0,0.0,0.0,0.0,0.0,0.0,0.0,0.0,0.0,0.0,0.0,0.0,0.0
0.307,0.3064,0.3022,0.3007,0.2995,0.297,0.2891,0.2854,0.2749,0.2623,0.2546,0.2412,0.2285,0.2186,0.2117,0.2048,0.1964,0.1923,0.1883,0.1837,0.1736,0.1646,0.16,0.1554,0.1525,0.1489,0.1437,0.1382,0.1327,0.1272,0.1202,0.1115,0.1005,0.0913,0.0834,0.0734,0.0628,0.055,0.0468,0.0433,0.0402,0.0355,0.0299,0.0253,0.0213,0.0185,0.0169,0.0155,0.0125,0.0101,0.008,0.0063,0.0034,0.0019,0.0002,0.0005,0.0014,0.0021,0.0043,0.0052,0.0067,0.0071,0.0067,0.0058,0.0068,0.0065,0.0065,0.0073,0.009,0.0068,0.003,0.0051,0.0052,0.0026,0.0006,0.0001,0.0005,0.0002,0.0,0.0002,0.0,0.0,0.0,0.0,0.0,0.0,0.0,0.0,0.0,0.0
0.3551,0.3535,0.3516,0.3498,0.3446,0.338,0.3318,0.3215,0.3115,0.3041,0.2955,0.2865,0.2755,0.2638,0.2484,0.2374,0.2263,0.2134,0.2034,0.1926,0.181,0.1681,0.1551,0.1425,0.1276,0.1106,0.098,0.0871,0.073,0.0643,0.0546,0.0459,0.0361,0.0268,0.0163,0.0139,0.0156,0.0162,0.0161,0.0163,0.0171,0.0174,0.0173,0.0179,0.0183,0.0182,0.0188,0.02,0.0206,0.0198,0.0183,0.0177,0.0163,0.0154,0.0128,0.0093,0.0069,0.0045,0.0048,0.0082,0.0105,0.0103,0.0106,0.0097,0.0084,0.0082,0.008,0.0073,0.0075,0.0087,0.0099,0.0105,0.0091,0.0067,0.0064,0.0045,0.002,0.0012,0.0005,0.0003,0.001,0.005,0.0067,0.0059,0.0051,0.0019,0.0017,0.0003,0.0006,0.002
