0.3069,0.295,0.2846,0.2757,0.2696,0.2621,0.2528,0.2345,0.226,0.215,0.2024,0.196,0.1916,0.1836,0.1736,0.1669,0.1603,0.1539,0.1459,0.1398,0.1329,0.1231,0.116,0.1059,0.0955,0.0878,0.0839,0.0821,0.0808,0.0763,0.0708,0.0667,0.0628,0.0587,0.0547,0.0515,0.0492,0.0475,0.0481,0.045,0.0389,0.0369,0.0334,0.0318,0.0307,0.0259,0.022,0.0211,0.0185,0.0185,0.0204,0.0197,0.0201,0.0188,0.0163,0.0135,0.0107,0.0068,0.0053,0.0068,0.0078,0.0087,0.0095,0.0097,0.0101,0.0102,0.0095,0.009,0.0086,0.0079,0.0072,0.0075,0.0098,0.0152,0.0182,0.0182,0.0194,0.0214,0.0224,0.0211,0.0193,0.0173,0.019,0.0171,0.0152,0.0129,0.0143,0.0152,0.0165,0.0162
0.4199,0.4117,0.4093,0.404,0.3962,0.3815,0.3722,0.3634,0.3448,0.325,0.3132,0.3057,0.2939,0.2806,0.2683,0.2554,0.2411,0.225,0.2082,0.1899,0.1744,0.1612,0.1437,0.1297,0.1223,0.1134,0.1017,0.0924,0.0885,0.0875,0.0861,0.0871,0.0842,0.0773,0.0677,0.0607,0.0576,0.0582,0.0649,0.0663,0.0651,0.0639,0.0606,0.0577,0.0575,0.056,0.0531,0.051,0.0504,0.0498,0.0469,0.0457,0.0463,0.0472,0.0477,0.0473,0.0454,0.0439,0.0424,0.0399,0.0393,0.0392,0.0388,0.0382,0.0364,0.0335,0.0319,0.0319,0.0314,0.0308,0.03,0.0303,0.0309,0.0312,0.0305,0.0333,0.0382,0.0408,0.0411,0.04,0.0415,0.0429,0.044,0.0457,0.0434,0.0419,0.0428,0.0398,0.039,0.0383
0.451,0.4426,0.4373,0.4384,0.4342,0.4227,0.4125,0.4064,0.3949,0.3771,0.3638,0.3457,0.3296,0.3162,0.3026,0.2857,0.273,0.2611,0.2509,0.2373,0.2228,0.2138,0.2027,0.1893,0.184,0.1793,0.1713,0.1609,0.1549,0.1518,0.1469,0.1407,0.1388,0.1389,0.1366,0.1347,0.1358,0.1362,0.135,0.1321,0.1303,0.1284,0.125,0.1193,0.1159,0.1134,0.1108,0.1079,0.1039,0.1002,0.098,0.0948,0.0906,0.0869,0.0847,0.0846,0.0829,0.0812,0.0791,0.0773,0.0747,0.0716,0.068,0.0641,0.0615,0.0608,0.0601,0.0592,0.0576,0.0566,0.056,0.0543,0.0508,0.0476,0.0471,0.0466,0.0449,0.0426,0.0401,0.0381,0.0367,0.0346,0.0341,0.0311,0.0322,0.0317,0.0299,0.0313,0.0326,0.0319
0.356,0.3488,0.3404,0.3308,0.3207,0.3141,0.3056,0.2996,0.295,0.2867,0.2759,0.2657,0.2539,0.2476,0.2442,0.2367,0.2294,0.2238,0.2242,0.2285,0.2261,0.2218,0.2187,0.2169,0.2114,0.2064,0.2024,0.199,0.1956,0.1924,0.189,0.1898,0.1931,0.192,0.1881,0.1847,0.1811,0.174,0.1677,0.1631,0.1602,0.1576,0.1541,0.1524,0.1506,0.1473,0.1431,0.1398,0.1349,0.1293,0.1258,0.1209,0.1159,0.113,0.1122,0.1089,0.105,0.1008,0.0952,0.0898,0.0852,0.081,0.0783,0.0742,0.0714,0.071,0.0657,0.0627,0.0594,0.0572,0.0531,0.0505,0.0488,0.0465,0.045,0.0434,0.0408,0.0369,0.0312,0.0266,0.0258,0.0212,0.0214,0.021,0.0204,0.0203,0.0205,0.0191,0.0175,0.0168
0.2373,0.2316,0.2243,0.2153,0.2104,0.1996,0.1955,0.1906,0.1883,0.1864,0.1815,0.1757,0.1697,0.1687,0.1655,0.1633,0.1629,0.1606,0.1525,0.1434,0.136,0.132,0.1276,0.1253,0.1225,0.1151,0.1071,0.0996,0.096,0.0912,0.0852,0.0808,0.0773,0.0715,0.065,0.0588,0.0575,0.0568,0.051,0.0481,0.046,0.0425,0.0404,0.0396,0.0392,0.0357,0.0324,0.0297,0.0271,0.0238,0.0199,0.0176,0.0162,0.0143,0.0112,0.0105,0.0078,0.0058,0.0043,0.0031,0.0016,0.0008,0.0005,0.0005,0.0,0.0,0.0,0.0,0.0,0.0,0.0,0.0,0.0,0.0,0.0,0.0,0.0,0.0,0.0,0.0,0.0,0.0,0.0,0.0,0.0,0.0,0.0,0.0,0.0,0.0
0.1671,0.1656,0.161,0.1564,0.1532,0.1459,0.1412,0.135,0.1308,0.1291,0.1241,0.1165,0.1082,0.1053,0.1034,0.1036,0.1019,0.0979,0.0919,0.0816,0.0759,0.0736,0.0704,0.066,0.0595,0.055,0.0501,0.045,0.0397,0.0332,0.024,0.0165,0.0118,0.0089,0.0062,0.0048,0.0052,0.0028,0.0002,0.0,0.0,0.0,0.0,0.0,0.0,0.0,0.0,0.0,0.0,0.0,0.0,0.0,0.0,0.0,0.0,0.0,0.0,0.0,0.0,0.0,0.0,0.0,0.0,0.0,0.0,0.0,0.0,0.0,0.0,0.0,0.0,0.0,0.0,0.0,0.0,0.0,0.0,0.0,0.0,0.0,0.0,0.0,0.0,0.0,0.0,0.0,0.0,0.0,0.0,0.0
0.1372,0.1316,0.1264,0.1206,0.1154,0.1105,0.105,0.0977,0.095,0.0937,0.0839,0.0775,0.0764,0.0728,0.0698,0.0656,0.0607,0.0577,0.0553,0.0493,0.0457,0.0438,0.0415,0.0384,0.034,0.0285,0.0223,0.0174,0.0145,0.0112,0.0093,0.0078,0.005,0.0029,0.0014,0.0002,0.0,0.0,0.0,0.0,0.0,0.0,0.0,0.0,0.0,0.0,0.0,0.0,0.0,0.0,0.0,0.0,0.0,0.0,0.0,0.0,0.0,0.0,0.0,0.0,0.0,0.0,0.0,0.0,0.0,0.0,0.0,0.0,0.0,0.0,0.0,0.0,0.0,0.0,0.0,0.0,0.0,0.0,0.0,0.0,0.0,0.0,0.0,0.0,0.0,0.0,0.0,0.0,0.0,0.0
0.1533,0.1453,0.1389,0.1348,0.1297,0.1249,0.1206,0.1165,0.1149,0.1126,0.1078,0.1048,0.1031,0.0985,0.0955,0.0943,0.0912,0.0829,0.0751,0.0671,0.0606,0.0559,0.0502,0.0442,0.0374,0.0323,0.0278,0.0231,0.0184,0.015,0.011,0.007,0.0037,0.002,0.0007,0.0,0.0,0.0,0.0,0.0,0.0,0.0,0.0,0.0,0.0,0.0,0.0,0.0,0.0,0.0,0.0,0.0,0.0,0.0,0.0,0.0,0.0,0.0,0.0,0.0,0.0,0.0,0.0,0.0,0.0,0.0,0.0,0.0,0.0,0.0,0.0,0.0,0.0,0.0,0.0,0.0,0.0,0.0,0.0,0.0,0.0,0.0,0.0,0.0,0.0,0.0,0.0,0.0,0.0,0.0
0.1072,0.1008,0.0956,0.0934,0.0867,0.0828,0.0797,0.0745,0.0686,0.0692,0.0639,0.0599,0.0542,0.0503,0.0468,0.0441,0.0422,0.0392,0.0356,0.0316,0.0275,0.0241,0.0203,0.0162,0.0121,0.0093,0.0066,0.0033,0.0016,0.0021,0.0018,0.0016,0.0007,0.0,0.0,0.001,0.0022,0.0025,0.0027,0.0027,0.0028,0.0027,0.0027,0.003,0.0027,0.0027,0.0018,0.0004,0.0,0.0,0.0,0.0,0.0,0.0,0.0,0.0,0.0002,0.0001,0.0,0.0,0.0,0.0,0.0,0.0,0.0,0.0,0.0,0.0,0.0,0.0,0.0,0.0,0.0,0.0,0.0,0.0,0.0,0.0,0.0,0.0,0.0,0.0,0.0,0.0,0.0,0.0,0.0,0.0,0.0,0.0
0.121,0.1152,0.1117,0.1102,0.106,0.101,0.0984,0.0926,0.0856,0.0824,0.0759,0.0719,0.0679,0.0637,0.062,0.0608,0.0602,0.0603,0.0549,0.0499,0.0463,0.0435,0.042,0.0409,0.0415,0.0416,0.0409,0.0401,0.0372,0.0365,0.0375,0.0385,0.0392,0.0397,0.045,0.0454,0.0494,0.0519,0.0527,0.0517,0.0479,0.045,0.0419,0.0379,0.0356,0.0341,0.0312,0.028,0.0266,0.0261,0.0264,0.0262,0.0255,0.0226,0.0205,0.0213,0.0208,0.0194,0.0182,0.0189,0.0187,0.0186,0.0185,0.0163,0.0167,0.0174,0.0172,0.0146,0.0115,0.0104,0.0088,0.0085,0.007,0.0064,0.0095,0.0089,0.0101,0.0112,0.0104,0.0087,0.0089,0.0084,0.0083,0.0086,0.0076,0.0051,0.0015,0.0001,0.0001,0.0001
0.1124,0.1118,0.1119,0.1118,0.11,0.1071,0.1071,0.1073,0.1053,0.0988,0.0913,0.0873,0.0859,0.0849,0.0848,0.0834,0.081,0.078,0.0746,0.0711,0.0694,0.0681,0.0671,0.0671,0.0656,0.0674,0.0681,0.0659,0.0628,0.0583,0.0551,0.0523,0.0517,0.0505,0.0451,0.0418,0.0402,0.0397,0.0384,0.0373,0.0368,0.0379,0.0389,0.0359,0.0347,0.0343,0.0339,0.0316,0.0293,0.0306,0.0293,0.0252,0.0191,0.019,0.0155,0.0147,0.0153,0.0154,0.0148,0.0138,0.013,0.0132,0.0121,0.011,0.0106,0.0105,0.0098,0.0083,0.0082,0.0096,0.0078,0.0063,0.0035,0.0019,0.0012,0.0006,0.0005,0.0003,0.0001,0.0,0.0,0.0,0.0,0.0,0.0,0.0,0.0,0.0,0.0,0.0
0.077,0.0793,0.08,0.0777,0.0746,0.0725,0.0733,0.0718,0.0732,0.071,0.0662,0.0634,0.0609,0.0606,0.0615,0.0609,0.0611,0.0604,0.0611,0.0606,0.0615,0.0624,0.0615,0.0584,0.0566,0.0562,0.0558,0.0548,0.0533,0.052,0.051,0.051,0.0476,0.0455,0.0435,0.0433,0.0432,0.0424,0.0411,0.0398,0.0393,0.0372,0.0348,0.0325,0.0307,0.0301,0.027,0.0252,0.024,0.0234,0.0226,0.0194,0.0158,0.0116,0.0095,0.0076,0.0058,0.0044,0.0031,0.0008,0.0002,0.0001,0.0,0.0,0.0,0.0,0.0,0.0,0.0,0.0,0.0,0.0,0.0,0.0,0.0,0.0,0.0,0.0,0.0,0.0,0.0,0.0,0.0,0.0,0.0,0.0,0.0,0.0,0.0,0.0
0.071,0.0705,0.0689,0.0673,0.0669,0.0659,0.0646,0.0644,0.0651,0.0635,0.062,0.0615,0.0612,0.06,0.0596,0.0575,0.0553,0.0541,0.0536,0.0544,0.0526,0.0484,0.0374,0.0318,0.0296,0.0275,0.0265,0.0217,0.0202,0.02,0.0187,0.0188,0.0184,0.0172,0.0164,0.0162,0.0159,0.015,0.0139,0.0125,0.0087,0.0056,0.0023,0.0016,0.001,0.0003,0.0002,0.0001,0.0,0.0,0.0,0.0,0.0,0.0,0.0,0.0,0.0,0.0,0.0,0.0,0.0,0.0,0.0,0.0,0.0,0.0,0.0,0.0,0.0,0.0,0.0,0.0,0.0,0.0,0.0,0.0,0.0,0.0,0.0,0.0,0.0,0.0,0.0,0.0,0.0,0.0,0.0,0.0,0.0,0.0
0.048,0.0469,0.0481,0.0491,0.0454,0.0417,0.0396,0.0358,0.0351,0.036,0.036,0.0322,0.0291,0.0268,0.0249,0.0251,0.0292,0.0292,0.0252,0.0224,0.0195,0.0176,0.0136,0.0121,0.0109,0.008,0.0036,0.0012,0.0007,0.0002,0.0002,0.0018,0.0023,0.0024,0.0009,0.001,0.0002,0.0002,0.0003,0.0,0.0,0.0,0.0,0.0,0.0,0.0,0.0,0.0,0.0,0.0,0.0,0.0,0.0,0.0,0.0,0.0,0.0,0.0,0.0,0.0,0.0,0.0,0.0,0.0,0.0,0.0,0.0,0.0,0.0,0.0,0.0,0.0,0.0,0.0,0.0,0.0,0.0,0.0,0.0,0.0,0.0,0.0,0.0,0.0,0.0,0.0,0.0,0.0,0.0,0.0
0.0502,0.046,0.0434,0.0412,0.0378,0.0346,0.0309,0.0269,0.0252,0.0243,0.0241,0.0237,0.0219,0.0188,0.0159,0.0139,0.0132,0.0113,0.0096,0.0093,0.0089,0.0096,0.0096,0.0085,0.0077,0.0062,0.0062,0.0072,0.0079,0.0079,0.0081,0.0081,0.0077,0.0068,0.0042,0.0023,0.0014,0.0008,0.0001,0.0002,0.0006,0.0007,0.0009,0.0015,0.0012,0.0,0.0,0.0,0.0,0.0,0.0,0.0,0.0,0.0,0.0,0.0,0.0,0.0,0.0,0.0,0.0,0.0,0.0,0.0,0.0,0.0,0.0,0.0,0.0,0.0,0.0,0.0,0.0,0.0,0.0,0.0,0.0,0.0,0.0,0.0,0.0,0.0,0.0,0.0,0.0,0.0,0.0,0.0,0.0,0.0
0.1256,0.1194,0.1146,0.1097,0.1067,0.102,0.0982,0.0924,0.0856,0.083,0.0801,0.0774,0.0756,0.0725,0.0684,0.066,0.0646,0.0621,0.0589,0.0572,0.0594,0.0594,0.0565,0.0536,0.0547,0.0528,0.0449,0.0423,0.0403,0.0396,0.04,0.0381,0.0376,0.0356,0.032,0.0297,0.0267,0.0234,0.0207,0.0171,0.0129,0.0135,0.0113,0.0072,0.006,0.006,0.0064,0.0069,0.0075,0.0078,0.0075,0.0073,0.0072,0.0064,0.0063,0.0069,0.006,0.0046,0.0046,0.0038,0.0024,0.0021,0.0012,0.0015,0.0012,0.0006,0.0003,0.0004,0.0005,0.0004,0.0003,0.0003,0.0001,0.0,0.0,0.0,0.0,0.0,0.0,0.0,0.0,0.0,0.0,0.0,0.0,0.0,0.0,0.0,0.0,0.0
0.2656,0.2571,0.2436,0.2357,0.229,0.2222,0.2155,0.2089,0.1991,0.1917,0.1857,0.1804,0.1782,0.1738,0.1683,0.1656,0.1656,0.1623,0.1555,0.1483,0.1449,0.1397,0.1343,0.1291,0.1231,0.1167,0.1123,0.109,0.1049,0.1012,0.0989,0.1006,0.0977,0.0921,0.0869,0.0857,0.0845,0.0796,0.0739,0.068,0.0635,0.0576,0.0515,0.046,0.0418,0.0384,0.0355,0.0316,0.0291,0.0264,0.025,0.0235,0.0215,0.0197,0.0174,0.0154,0.0113,0.0085,0.0073,0.0049,0.0027,0.0005,0.0005,0.0002,0.0,0.0,0.0,0.0,0.0,0.0,0.0,0.0,0.0,0.0,0.0,0.0,0.0,0.0,0.0,0.0,0.0,0.0,0.0,0.0,0.0,0.0,0.0,0.0,0.0,0.0
0.3627,0.3576,0.3511,0.3387,0.3347,0.3303,0.3246,0.32,0.3139,0.3094,0.3017,0.294,0.2856,0.2802,0.2757,0.2724,0.2683,0.2623,0.2586,0.2516,0.2466,0.2403,0.2372,0.2326,0.2223,0.2131,0.2027,0.1912,0.1778,0.1646,0.1581,0.1532,0.1453,0.1374,0.1269,0.1171,0.1106,0.1029,0.0969,0.0923,0.0895,0.0829,0.0767,0.0697,0.0625,0.0523,0.0453,0.0408,0.0369,0.0326,0.0287,0.0272,0.0231,0.0216,0.0204,0.0187,0.0167,0.0144,0.0135,0.0122,0.0076,0.0046,0.0039,0.0032,0.0023,0.002,0.0018,0.0016,0.001,0.0,0.0,0.0,0.0,0.0,0.0,0.0,0.0,0.0,0.0,0.0,0.0,0.0,0.0,0.0,0.0,0.0,0.0,0.0,0.0,0.0
0.3824,0.3783,0.3728,0.369,0.3567,0.3505,0.3447,0.3393,0.3342,0.3255,0.3196,0.313,0.3088,0.3082,0.3079,0.3062,0.3021,0.2998,0.2933,0.2876,0.2791,0.2751,0.2696,0.2657,0.2584,0.2516,0.2385,0.2267,0.2164,0.2081,0.2009,0.1932,0.1851,0.1753,0.1662,0.1581,0.1499,0.1412,0.1401,0.1427,0.1391,0.1279,0.1182,0.112,0.1042,0.1011,0.0979,0.0926,0.0841,0.079,0.0763,0.0761,0.077,0.0766,0.0728,0.0703,0.073,0.0715,0.0678,0.0651,0.0566,0.049,0.0435,0.038,0.0318,0.0262,0.0242,0.0213,0.0197,0.0181,0.0163,0.0153,0.0134,0.0118,0.0115,0.0109,0.0092,0.0065,0.0045,0.0036,0.0037,0.0051,0.0072,0.0069,0.0062,0.0056,0.005,0.0042,0.0028,0.0024
0.4272,0.428,0.4256,0.4255,0.4199,0.4138,0.4114,0.4076,0.4061,0.404,0.3997,0.3971,0.3918,0.3867,0.3879,0.3877,0.3827,0.3777,0.3737,0.3701,0.3657,0.3588,0.3538,0.3507,0.3478,0.3441,0.3387,0.3315,0.3235,0.3155,0.3043,0.2961,0.2893,0.2826,0.2779,0.2716,0.2633,0.2556,0.2502,0.2447,0.2381,0.2314,0.2193,0.2109,0.2056,0.1949,0.1834,0.1735,0.1609,0.1524,0.1524,0.1515,0.1456,0.1387,0.135,0.1315,0.1227,0.1139,0.1054,0.0995,0.0943,0.0882,0.0851,0.0807,0.0738,0.0655,0.0565,0.0459,0.0389,0.0306,0.0231,0.018,0.0155,0.0125,0.0076,0.0042,0.0024,0.0019,0.0016,0.0014,0.0012,0.001,0.0012,0.0012,0.0007,0.0006,0.0006,0.0006,0.0004,0.0004
0.3132,0.3132,0.3148,0.3164,0.3165,0.3146,0.3145,0.3123,0.3121,0.3119,0.3075,0.3065,0.3034,0.2979,0.2917,0.2883,0.2859,0.2812,0.2795,0.2794,0.2808,0.2791,0.2731,0.2666,0.2634,0.26,0.2578,0.2542,0.2508,0.2493,0.2458,0.2357,0.2322,0.2274,0.2159,0.2011,0.1926,0.1836,0.1736,0.1628,0.1495,0.1396,0.13,0.1186,0.1082,0.0993,0.0911,0.0874,0.08,0.0687,0.0552,0.0467,0.0367,0.0298,0.0257,0.0198,0.0148,0.0125,0.0124,0.012,0.0105,0.009,0.0068,0.0057,0.0053,0.0035,0.0038,0.0035,0.0024,0.002,0.0016,0.0009,0.0006,0.0007,0.0008,0.0004,0.0002,0.0,0.0002,0.0004,0.0002,0.0001,0.0,0.0,0.0,0.0001,0.0001,0.0003,0.0005,0.0004
0.3675,0.3622,0.3584,0.3572,0.3588,0.3557,0.3515,0.3506,0.3514,0.3487,0.3432,0.3379,0.3332,0.325,0.3152,0.3072,0.3014,0.2922,0.2868,0.2819,0.2777,0.2766,0.2738,0.2686,0.2654,0.2625,0.2568,0.2524,0.2469,0.2398,0.2331,0.2269,0.2168,0.1991,0.186,0.1745,0.1613,0.1465,0.1316,0.1152,0.0998,0.0877,0.0789,0.0724,0.0632,0.0589,0.0577,0.0518,0.0467,0.0436,0.0395,0.0337,0.0295,0.0267,0.0237,0.0219,0.0211,0.0194,0.0159,0.0131,0.0106,0.0093,0.0079,0.007,0.0062,0.0055,0.0052,0.0051,0.004,0.0019,0.0018,0.0018,0.0018,0.0014,0.0007,0.0003,0.0,0.0,0.0,0.0,0.0,0.0018,0.003,0.0029,0.0024,0.0026,0.0033,0.007,0.0089,0.0096
0.4191,0.4173,0.4122,0.4115,0.4111,0.4076,0.4012,0.3931,0.3881,0.3851,0.3793,0.3711,0.3633,0.3556,0.3438,0.3276,0.3159,0.303,0.2934,0.2859,0.2808,0.2797,0.2764,0.2718,0.2669,0.2608,0.2518,0.2437,0.2353,0.226,0.2186,0.2177,0.2183,0.2104,0.2011,0.1916,0.1794,0.1735,0.1697,0.1694,0.1619,0.1513,0.1434,0.1328,0.1214,0.1158,0.1017,0.0909,0.0796,0.064,0.049,0.0431,0.036,0.0324,0.0304,0.0275,0.0258,0.0252,0.0237,0.0208,0.0196,0.0187,0.0178,0.0183,0.0186,0.0172,0.0166,0.018,0.0182,0.0169,0.0177,0.0181,0.0169,0.0155,0.016,0.0172,0.019,0.0202,0.017,0.0142,0.0113,0.0104,0.0119,0.0144,0.0144,0.0141,0.012,0.0121,0.0126,0.0126
0.3418,0.34,0.3352,0.3297,0.331,0.3331,0.3309,0.3312,0.3278,0.3299,0.3288,0.3261,0.323,0.3204,0.3149,0.3057,0.293,0.2862,0.2807,0.2752,0.2712,0.2669,0.2667,0.2639,0.2615,0.2601,0.2571,0.2533,0.2463,0.2375,0.2299,0.2225,0.2158,0.2108,0.1987,0.1864,0.1784,0.1695,0.1607,0.1523,0.1404,0.1251,0.1088,0.095,0.0865,0.076,0.0613,0.052,0.0441,0.0356,0.0269,0.0222,0.0188,0.017,0.0171,0.0156,0.0147,0.0157,0.0145,0.0149,0.0173,0.0184,0.0179,0.0183,0.0192,0.0201,0.0209,0.0199,0.0167,0.0153,0.0127,0.0119,0.0109,0.01,0.0123,0.0126,0.0127,0.0122,0.0145,0.0165,0.018,0.019,0.0187,0.0174,0.0159,0.0153,0.0144,0.0152,0.0169,0.0185
0.2519,0.2525,0.2502,0.2459,0.244,0.2472,0.2475,0.2425,0.2398,0.2361,0.2318,0.2261,0.2193,0.2141,0.2118,0.2071,0.199,0.1928,0.1893,0.186,0.1841,0.1804,0.175,0.173,0.1703,0.1661,0.1612,0.1543,0.1486,0.1433,0.1386,0.1303,0.1211,0.1134,0.1071,0.0986,0.0931,0.0846,0.0757,0.0673,0.0614,0.0552,0.0479,0.0447,0.044,0.0474,0.0535,0.0554,0.0563,0.0571,0.0535,0.0485,0.046,0.0448,0.0437,0.0433,0.0447,0.0465,0.0474,0.0448,0.0417,0.0418,0.0427,0.0428,0.0445,0.046,0.0464,0.047,0.0463,0.0459,0.0447,0.0427,0.0402,0.0387,0.0403,0.0435,0.0438,0.0441,0.0462,0.0443,0.0427,0.0423,0.0454,0.0497,0.0489,0.048,0.0504,0.051,0.053,0.0555
0.1857,0.1863,0.1861,0.1817,0.1778,0.1777,0.1762,0.1679,0.1664,0.1612,0.1535,0.1515,0.1494,0.147,0.1449,0.1461,0.1477,0.1493,0.1459,0.1407,0.1343,0.1281,0.1236,0.1226,0.119,0.1159,0.1128,0.1072,0.1029,0.1003,0.0947,0.0931,0.093,0.0915,0.0903,0.0887,0.0895,0.0898,0.0901,0.0922,0.0933,0.0926,0.0902,0.0882,0.087,0.0869,0.0847,0.0829,0.0821,0.0824,0.0804,0.0753,0.0739,0.0743,0.0732,0.0721,0.071,0.0693,0.0683,0.0676,0.0663,0.0649,0.0662,0.0674,0.0659,0.0654,0.0655,0.0663,0.0664,0.0658,0.0654,0.0654,0.0663,0.0658,0.0592,0.0594,0.061,0.0595,0.0596,0.0598,0.0586,0.0582,0.0605,0.0588,0.0551,0.0548,0.0534,0.0541,0.0536,0.0526
0.1633,0.1622,0.1587,0.1551,0.1483,0.145,0.1429,0.1384,0.1399,0.1432,0.1425,0.1388,0.1375,0.137,0.1368,0.1363,0.1354,0.1339,0.1283,0.1191,0.1124,0.111,0.1106,0.109,0.11,0.1125,0.1137,0.1136,0.1148,0.1129,0.107,0.1053,0.1087,0.105,0.1029,0.1038,0.1045,0.1041,0.1026,0.1002,0.0998,0.098,0.0959,0.0954,0.0953,0.0954,0.0999,0.1013,0.097,0.094,0.0935,0.0921,0.0909,0.09,0.0883,0.0868,0.0858,0.0847,0.0841,0.0836,0.0833,0.0818,0.0787,0.0736,0.0717,0.0683,0.0667,0.0661,0.0644,0.0609,0.0582,0.0571,0.0529,0.0538,0.0561,0.0552,0.0506,0.0457,0.0455,0.0448,0.0474,0.0513,0.0537,0.0546,0.0529,0.0509,0.0485,0.0473,0.0477,0.0486
0.1825,0.1854,0.1831,0.1804,0.1781,0.172,0.1706,0.1719,0.1687,0.1655,0.1625,0.1611,0.1595,0.1592,0.1574,0.1538,0.1538,0.1548,0.1563,0.1514,0.1417,0.1357,0.1322,0.1296,0.1246,0.1225,0.1222,0.1201,0.1167,0.115,0.1133,0.1117,0.109,0.1047,0.1008,0.0981,0.0951,0.0908,0.0877,0.0851,0.083,0.081,0.0796,0.0775,0.0766,0.0751,0.0742,0.0686,0.0597,0.0548,0.0526,0.0508,0.0483,0.0482,0.0469,0.0451,0.0425,0.0404,0.0372,0.035,0.0326,0.0287,0.0259,0.0226,0.0214,0.0209,0.0206,0.0212,0.0213,0.0173,0.0114,0.0086,0.006,0.0062,0.0068,0.0065,0.0079,0.0079,0.008,0.0078,0.0067,0.008,0.0076,0.0065,0.0058,0.0041,0.0031,0.002,0.0022,0.0022
0.1324,0.1324,0.1354,0.1394,0.1409,0.1365,0.1306,0.1278,0.1274,0.1216,0.1221,0.1197,0.1169,0.1144,0.1074,0.1053,0.1057,0.1027,0.1005,0.1022,0.1017,0.0965,0.0924,0.0901,0.088,0.0846,0.0836,0.0812,0.0778,0.0762,0.0743,0.0708,0.0683,0.0653,0.0624,0.0609,0.0583,0.0544,0.0504,0.0483,0.0464,0.0409,0.0397,0.0405,0.0395,0.0375,0.0336,0.0314,0.0281,0.0255,0.0236,0.0215,0.0205,0.0198,0.0186,0.0181,0.0183,0.0182,0.0149,0.0142,0.0149,0.0144,0.0133,0.0135,0.0116,0.0089,0.007,0.0054,0.0049,0.0049,0.005,0.0047,0.0045,0.0052,0.0056,0.0045,0.0033,0.0023,0.0021,0.0034,0.0036,0.0026,0.0034,0.0033,0.0022,0.0015,0.0015,0.0011,0.0008,0.0006
0.0594,0.0554,0.0534,0.0525,0.0497,0.0482,0.0522,0.054,0.0538,0.0534,0.0527,0.0457,0.0421,0.0426,0.0419,0.0395,0.0369,0.0355,0.0335,0.0323,0.0299,0.0304,0.0321,0.0367,0.0402,0.0394,0.0422,0.0436,0.0434,0.0424,0.0423,0.0412,0.0386,0.0361,0.0329,0.0301,0.0299,0.0285,0.0272,0.0264,0.0255,0.0241,0.0238,0.0265,0.0294,0.0308,0.0305,0.0303,0.0312,0.0323,0.0332,0.0366,0.0383,0.0384,0.0385,0.0381,0.0382,0.038,0.038,0.0388,0.0409,0.0419,0.0413,0.0409,0.0412,0.0413,0.0412,0.041,0.0407,0.0404,0.0402,0.0405,0.0398,0.0398,0.0403,0.0393,0.0318,0.024,0.024,0.0234,0.0236,0.0248,0.0254,0.0248,0.024,0.0256,0.0278,0.0293,0.0309,0.0316
0.4484,0.435,0.4261,0.4168,0.4138,0.4142,0.4097,0.4082,0.404,0.3985,0.3979,0.3847,0.3728,0.3683,0.3661,0.3588,0.3535,0.346,0.3419,0.3408,0.3385,0.3317,0.3302,0.3307,0.3286,0.3238,0.3203,0.3203,0.3173,0.3114,0.306,0.3024,0.2992,0.2959,0.2928,0.2978,0.3031,0.3104,0.3166,0.3168,0.3127,0.3083,0.3072,0.3057,0.3054,0.3051,0.3033,0.3064,0.3186,0.3256,0.3232,0.3233,0.3251,0.3182,0.3086,0.3052,0.3033,0.2995,0.2964,0.2956,0.2945,0.2923,0.2901,0.2872,0.2888,0.2891,0.2867,0.2805,0.2737,0.2699,0.2692,0.2695,0.2665,0.2642,0.2659,0.2637,0.2544,0.2496,0.244,0.2402,0.2345,0.2313,0.2333,0.2293,0.2254,0.2253,0.2239,0.2216,0.2173,0.2169
0.5104,0.5073,0.5,0.4958,0.4939,0.496,0.4947,0.4917,0.4886,0.4864,0.4837,0.4865,0.4817,0.4743,0.4677,0.4652,0.466,0.4671,0.4669,0.4637,0.463,0.4625,0.4565,0.4523,0.4473,0.444,0.4402,0.4294,0.4163,0.4076,0.4002,0.3919,0.3854,0.3788,0.3726,0.3658,0.3586,0.3536,0.3485,0.3445,0.3417,0.3373,0.3262,0.3111,0.3033,0.2953,0.2863,0.2758,0.2601,0.2426,0.2263,0.2122,0.203,0.1916,0.18,0.1696,0.1607,0.1563,0.1488,0.1387,0.126,0.1153,0.1073,0.0994,0.0871,0.0794,0.0746,0.0712,0.0685,0.0653,0.0617,0.0593,0.0575,0.0592,0.0611,0.0593,0.0584,0.0564,0.0556,0.0551,0.0554,0.0531,0.0509,0.0465,0.0409,0.0441,0.0456,0.0447,0.0404,0.0355
0.5278,0.5218,0.5153,0.5115,0.5087,0.5011,0.4954,0.4882,0.483,0.4788,0.473,0.4752,0.4723,0.4658,0.4587,0.4502,0.442,0.4349,0.4255,0.4125,0.4036,0.4001,0.3917,0.3764,0.3619,0.3478,0.3333,0.3169,0.3025,0.29,0.2789,0.2693,0.2593,0.2508,0.2409,0.2278,0.212,0.1898,0.174,0.163,0.1552,0.1488,0.1402,0.1306,0.1198,0.1113,0.1032,0.0943,0.0802,0.0666,0.0501,0.0376,0.0292,0.0257,0.0199,0.0152,0.0113,0.0098,0.0085,0.0062,0.0047,0.0039,0.0037,0.0034,0.0026,0.0021,0.0019,0.0017,0.0018,0.0017,0.0012,0.0009,0.0011,0.0019,0.0029,0.0034,0.0036,0.0037,0.0036,0.0031,0.0037,0.0031,0.0022,0.0021,0.0018,0.0015,0.0014,0.0012,0.0007,0.0004
0.5313,0.5247,0.5218,0.5112,0.4997,0.4866,0.4743,0.4623,0.4505,0.4383,0.4241,0.41,0.3981,0.385,0.3704,0.3532,0.3347,0.3177,0.304,0.2936,0.275,0.2524,0.2255,0.2046,0.1897,0.1692,0.1476,0.131,0.1152,0.1025,0.0881,0.0771,0.0693,0.0624,0.0569,0.0532,0.047,0.0382,0.0341,0.0283,0.0226,0.0208,0.0218,0.0209,0.0179,0.0144,0.0123,0.0102,0.0094,0.0099,0.0097,0.0072,0.0049,0.004,0.0034,0.0023,0.0014,0.0017,0.0019,0.0007,0.0,0.0,0.0,0.0,0.0,0.0,0.0,0.0,0.0,0.0,0.0,0.0,0.0,0.0,0.0,0.0,0.0,0.0,0.0,0.0,0.0,0.0,0.0,0.0,0.0,0.0,0.0,0.0,0.0,0.0
0.3309,0.3302,0.3254,0.3205,0.3185,0.3137,0.3045,0.2964,0.2896,0.2839,0.2739,0.2588,0.2474,0.2431,0.2386,0.2293,0.2132,0.1978,0.1855,0.1756,0.16,0.1408,0.1276,0.1225,0.1065,0.0955,0.0876,0.0785,0.0676,0.0609,0.0568,0.0487,0.0456,0.0428,0.0411,0.0411,0.0434,0.0415,0.0356,0.0352,0.0322,0.0324,0.032,0.0293,0.0252,0.0198,0.0182,0.0138,0.0122,0.0105,0.0086,0.0046,0.0046,0.0044,0.0027,0.0016,0.0001,0.001,0.0038,0.0044,0.0024,0.0016,0.001,0.0005,0.0001,0.0,0.0,0.0,0.0,0.0,0.0,0.0,0.0,0.0,0.0,0.0,0.0,0.0,0.0,0.0,0.0,0.0,0.0,0.0,0.0,0.0,0.0,0.0,0.0,0.0
0.353,0.3479,0.3456,0.3439,0.336,0.3264,0.3147,0.3006,0.2887,0.2742,0.2617,0.2498,0.2363,0.2215,0.2057,0.1897,0.1759,0.1631,0.1518,0.1424,0.1314,0.1185,0.0998,0.09,0.0806,0.0713,0.0623,0.0548,0.0475,0.0415,0.0362,0.0312,0.0285,0.0269,0.0256,0.0244,0.0233,0.022,0.0225,0.0264,0.028,0.0268,0.0223,0.0201,0.0207,0.0202,0.0191,0.0261,0.0231,0.0148,0.0206,0.0236,0.0221,0.0195,0.0137,0.0081,0.0074,0.0096,0.0082,0.004,0.0007,0.0002,0.0001,0.0,0.0,0.0,0.0,0.0,0.0,0.0,0.0,0.0,0.0003,0.0007,0.0007,0.0026,0.0025,0.0026,0.0034,0.0031,0.003,0.0012,0.0011,0.0021,0.0011,0.0005,0.0002,0.0,0.0001,0.0001
