0.307,0.294,0.2823,0.2746,0.271,0.2639,0.2559,0.2414,0.2289,0.2237,0.2166,0.2108,0.2025,0.1899,0.1801,0.1719,0.167,0.1609,0.1509,0.1436,0.136,0.1284,0.124,0.1173,0.1107,0.1049,0.0989,0.0939,0.0907,0.0865,0.0788,0.0735,0.0702,0.0666,0.0618,0.0605,0.0585,0.057,0.0546,0.0532,0.0507,0.0475,0.0436,0.0394,0.0378,0.037,0.0369,0.037,0.037,0.0379,0.039,0.0388,0.0368,0.036,0.037,0.0378,0.0376,0.0365,0.0355,0.0343,0.0331,0.0319,0.0322,0.0318,0.0309,0.0295,0.0263,0.0229,0.024,0.0236,0.0275,0.0311,0.0309,0.0278,0.0234,0.0214,0.0229,0.0189,0.0149,0.0113,0.0118,0.013,0.0135,0.0157,0.0217,0.0295,0.0307,0.0293,0.0266,0.0194
0.4198,0.4107,0.4064,0.4021,0.3965,0.388,0.3756,0.3625,0.3477,0.3317,0.3189,0.3051,0.2925,0.2845,0.2711,0.2589,0.2461,0.2308,0.2138,0.2007,0.1895,0.1756,0.1628,0.1513,0.1423,0.1379,0.1294,0.1169,0.1085,0.101,0.0959,0.0921,0.0859,0.0824,0.0833,0.0798,0.072,0.0707,0.0678,0.0655,0.0638,0.0614,0.0602,0.0582,0.0584,0.059,0.0585,0.057,0.0557,0.0506,0.0442,0.0419,0.0415,0.0391,0.0369,0.0348,0.0322,0.034,0.0352,0.0402,0.0439,0.0436,0.0436,0.0426,0.0417,0.0374,0.0331,0.0311,0.0311,0.0328,0.0341,0.0364,0.0378,0.0382,0.038,0.0372,0.0353,0.0346,0.0348,0.0348,0.0345,0.0372,0.0419,0.0426,0.0419,0.0438,0.0427,0.043,0.044,0.0409
0.4513,0.4432,0.4369,0.4338,0.4302,0.4248,0.4194,0.4147,0.4089,0.3999,0.3845,0.3701,0.3578,0.3472,0.3365,0.3286,0.3233,0.3155,0.3059,0.2956,0.2786,0.2599,0.2422,0.2277,0.2128,0.2001,0.1887,0.1754,0.1634,0.1583,0.1534,0.1457,0.1421,0.1378,0.129,0.1237,0.1225,0.1193,0.1138,0.1076,0.1021,0.0961,0.0897,0.0882,0.0865,0.0829,0.0801,0.0797,0.0791,0.0764,0.0739,0.0709,0.0669,0.0643,0.0633,0.0627,0.0604,0.0559,0.0529,0.0527,0.0509,0.0489,0.0459,0.0442,0.0451,0.043,0.0413,0.0396,0.0401,0.0409,0.0404,0.0396,0.0383,0.0366,0.0356,0.037,0.0387,0.039,0.0384,0.0372,0.0359,0.0346,0.033,0.0308,0.029,0.0303,0.0269,0.0242,0.0222,0.0203
0.3565,0.3488,0.3394,0.3313,0.3245,0.3194,0.3128,0.3081,0.3033,0.2994,0.2949,0.2875,0.2782,0.275,0.2717,0.2698,0.2657,0.2628,0.2588,0.2552,0.2507,0.2411,0.2287,0.2216,0.2153,0.213,0.211,0.2083,0.2039,0.2001,0.1976,0.1952,0.1913,0.1871,0.1839,0.178,0.1686,0.1628,0.1576,0.1515,0.1445,0.1406,0.135,0.1333,0.1293,0.1243,0.12,0.1169,0.1141,0.1087,0.1058,0.1048,0.1024,0.0995,0.0961,0.0903,0.086,0.0825,0.0786,0.0756,0.0731,0.0701,0.0654,0.0611,0.0597,0.0584,0.057,0.056,0.0539,0.0499,0.0469,0.0453,0.0407,0.0363,0.0333,0.031,0.03,0.0303,0.0287,0.0272,0.0283,0.0286,0.0272,0.0268,0.0231,0.021,0.0205,0.0201,0.0198,0.0195
0.2373,0.2326,0.2266,0.2234,0.2226,0.219,0.2127,0.2087,0.206,0.204,0.1993,0.1973,0.194,0.1898,0.1873,0.1841,0.1801,0.1744,0.1693,0.1655,0.1618,0.1575,0.1525,0.1478,0.1427,0.1374,0.1349,0.1301,0.1225,0.117,0.1129,0.1099,0.1082,0.1065,0.1026,0.0977,0.0931,0.0895,0.0835,0.078,0.0721,0.069,0.0655,0.0595,0.0537,0.0441,0.0387,0.0338,0.031,0.0261,0.0214,0.0186,0.0168,0.0152,0.013,0.0108,0.0072,0.0055,0.0047,0.0038,0.0033,0.0029,0.0026,0.0024,0.0023,0.001,0.0001,0.0,0.0,0.0,0.0,0.0,0.0,0.0,0.0,0.0,0.0,0.0,0.0,0.0,0.0,0.0,0.0,0.0,0.0,0.0,0.0,0.0,0.0,0.0
0.1671,0.1662,0.1622,0.1567,0.1508,0.1427,0.1412,0.1366,0.1347,0.1353,0.1314,0.1276,0.1224,0.1191,0.1152,0.1134,0.1105,0.1075,0.1047,0.1004,0.0966,0.0935,0.0905,0.0867,0.0843,0.0798,0.0714,0.0645,0.0592,0.0558,0.051,0.0449,0.0376,0.0286,0.0231,0.0165,0.0131,0.0083,0.0053,0.0052,0.0044,0.0023,0.0019,0.0016,0.0008,0.0,0.0,0.0,0.0,0.0,0.0,0.0,0.0,0.0,0.0,0.0,0.0,0.0,0.0,0.0,0.0,0.0,0.0,0.0,0.0,0.0,0.0,0.0,0.0,0.0,0.0,0.0,0.0,0.0,0.0,0.0,0.0,0.0,0.0,0.0,0.0,0.0,0.0,0.0,0.0,0.0,0.0,0.0,0.0,0.0
0.1369,0.1306,0.1262,0.1191,0.1134,0.1087,0.102,0.0985,0.0926,0.0935,0.0945,0.0898,0.0852,0.0802,0.0773,0.0731,0.0668,0.065,0.0632,0.0604,0.0602,0.0575,0.0531,0.0467,0.0411,0.0347,0.0302,0.0269,0.0244,0.0222,0.0202,0.0212,0.0223,0.0223,0.0176,0.0127,0.0108,0.007,0.0043,0.0035,0.0028,0.0017,0.0003,0.0,0.0,0.0,0.0,0.0,0.0,0.0,0.0,0.0,0.0,0.0,0.0,0.0,0.0,0.0,0.0,0.0,0.0,0.0,0.0,0.0,0.0,0.0,0.0,0.0,0.0,0.0,0.0,0.0,0.0,0.0,0.0,0.0,0.0,0.0,0.0,0.0,0.0,0.0,0.0,0.0,0.0,0.0,0.0,0.0,0.0,0.0
0.1533,0.1456,0.1396,0.1367,0.1305,0.1264,0.1217,0.1185,0.1141,0.1076,0.1026,0.1015,0.0974,0.0915,0.084,0.08,0.0759,0.0688,0.0644,0.0563,0.0468,0.0415,0.0401,0.0383,0.0351,0.0341,0.0322,0.0263,0.0216,0.0166,0.0126,0.0094,0.0071,0.0054,0.0041,0.0028,0.0013,0.0003,0.0001,0.0,0.0,0.0,0.0,0.0,0.0,0.0,0.0,0.0,0.0,0.0,0.0,0.0,0.0,0.0,0.0,0.0,0.0,0.0,0.0,0.0,0.0,0.0,0.0,0.0,0.0,0.0,0.0,0.0,0.0,0.0,0.0,0.0,0.0,0.0,0.0,0.0,0.0,0.0,0.0,0.0,0.0,0.0,0.0,0.0,0.0,0.0,0.0,0.0,0.0,0.0
0.1074,0.1006,0.0951,0.0937,0.0878,0.0806,0.0749,0.0722,0.0678,0.0639,0.0557,0.0503,0.0472,0.0436,0.0404,0.0357,0.0307,0.0282,0.0264,0.0266,0.025,0.0225,0.0187,0.015,0.0128,0.0098,0.0065,0.0056,0.006,0.0058,0.0046,0.0032,0.0016,0.0004,0.0,0.0,0.0,0.0,0.0,0.0,0.0,0.0,0.0,0.0,0.0,0.0,0.0,0.0,0.0,0.0,0.0,0.0,0.0,0.0,0.0,0.0,0.0,0.0,0.0,0.0,0.0,0.0,0.0,0.0,0.0,0.0,0.0,0.0,0.0,0.0,0.0,0.0,0.0,0.0,0.0,0.0,0.0,0.0,0.0,0.0,0.0,0.0,0.0,0.0,0.0,0.0,0.0,0.0,0.0,0.0
0.121,0.1154,0.1126,0.1108,0.1075,0.1007,0.0933,0.0842,0.0781,0.074,0.0686,0.0627,0.0582,0.0549,0.0519,0.049,0.0455,0.0416,0.04,0.0385,0.0365,0.0349,0.032,0.0309,0.03,0.0279,0.0258,0.0238,0.0221,0.0233,0.0243,0.0241,0.0239,0.0229,0.0224,0.0215,0.0186,0.0158,0.0148,0.0116,0.0081,0.0057,0.0049,0.0048,0.0054,0.0061,0.0057,0.0053,0.0042,0.0038,0.0037,0.0038,0.0036,0.0025,0.0023,0.0025,0.0027,0.0022,0.0014,0.0005,0.0001,0.0,0.0,0.0,0.0,0.0,0.0,0.0,0.0,0.0,0.0,0.0,0.0,0.0,0.0,0.0,0.0,0.0,0.0,0.0,0.0,0.0,0.0,0.0,0.0,0.0,0.0,0.0,0.0,0.0
0.1125,0.1121,0.1112,0.1102,0.1101,0.1091,0.1051,0.0998,0.094,0.093,0.093,0.0927,0.0928,0.0905,0.0874,0.0834,0.0823,0.0818,0.0761,0.0745,0.0712,0.0684,0.0702,0.0761,0.0799,0.081,0.0789,0.0772,0.0768,0.0775,0.0755,0.0727,0.0705,0.0688,0.0658,0.0638,0.0611,0.0604,0.0577,0.0531,0.0484,0.0492,0.0485,0.0465,0.0451,0.0436,0.0415,0.0378,0.0329,0.0306,0.029,0.0268,0.0256,0.0241,0.0223,0.021,0.0191,0.017,0.0163,0.0155,0.0136,0.0132,0.0128,0.0132,0.0129,0.0094,0.006,0.0047,0.0046,0.0054,0.0082,0.0078,0.0046,0.0037,0.0038,0.0056,0.0031,0.0014,0.0007,0.0001,0.0,0.0001,0.0,0.0001,0.0004,0.0004,0.0001,0.0,0.0,0.0
0.077,0.078,0.0792,0.0786,0.0791,0.0799,0.0801,0.0748,0.0701,0.0702,0.0659,0.0646,0.063,0.0619,0.0626,0.0622,0.0632,0.0625,0.061,0.0612,0.0609,0.0608,0.0602,0.0593,0.0587,0.0575,0.0563,0.0558,0.0549,0.0537,0.0532,0.054,0.0533,0.0474,0.0464,0.049,0.0502,0.0498,0.0492,0.0494,0.0473,0.0454,0.0421,0.038,0.0376,0.0382,0.0376,0.0362,0.0359,0.0341,0.0335,0.0329,0.0309,0.0285,0.0255,0.0222,0.0217,0.0201,0.0184,0.0172,0.0156,0.0136,0.0101,0.0058,0.0025,0.0002,0.0,0.0,0.0,0.0,0.0,0.0,0.0,0.0,0.0,0.0,0.0,0.0,0.0,0.0,0.0,0.0,0.0,0.0,0.0,0.0,0.0,0.0,0.0,0.0
0.0711,0.0705,0.0692,0.0679,0.0676,0.0679,0.0666,0.0645,0.0649,0.0629,0.0614,0.0593,0.058,0.0568,0.0552,0.0537,0.0542,0.0535,0.052,0.0532,0.0526,0.0488,0.0457,0.0434,0.043,0.0437,0.0432,0.0416,0.0385,0.0331,0.0271,0.0245,0.0182,0.015,0.0141,0.0139,0.0142,0.0124,0.0114,0.0101,0.0082,0.0075,0.007,0.0066,0.0059,0.0051,0.0068,0.0035,0.0017,0.0003,0.0,0.0,0.0,0.0,0.0,0.0,0.0,0.0,0.0,0.0,0.0,0.0,0.0,0.0,0.0,0.0,0.0,0.0,0.0,0.0,0.0,0.0,0.0,0.0,0.0,0.0,0.0,0.0,0.0,0.0,0.0,0.0,0.0,0.0,0.0,0.0,0.0,0.0,0.0,0.0
0.0484,0.048,0.0511,0.051,0.0477,0.0433,0.0398,0.0387,0.0358,0.0341,0.0328,0.0334,0.0344,0.033,0.0308,0.0292,0.0224,0.0192,0.0196,0.0172,0.0129,0.0089,0.0053,0.002,0.0008,0.0007,0.0008,0.0016,0.0008,0.0,0.0,0.0,0.0,0.0001,0.0003,0.0002,0.0005,0.0001,0.0,0.0,0.0,0.0,0.0,0.0,0.0,0.0,0.0,0.0,0.0,0.0,0.0,0.0,0.0,0.0,0.0,0.0,0.0,0.0,0.0,0.0,0.0,0.0,0.0,0.0,0.0,0.0,0.0,0.0,0.0,0.0,0.0,0.0,0.0,0.0,0.0,0.0,0.0,0.0,0.0,0.0,0.0,0.0,0.0,0.0,0.0,0.0,0.0,0.0,0.0,0.0
0.0505,0.0466,0.0445,0.0435,0.041,0.0382,0.0348,0.0314,0.0292,0.026,0.0218,0.0196,0.0192,0.0169,0.015,0.0144,0.0132,0.0117,0.0124,0.0111,0.0098,0.0114,0.0129,0.0137,0.0127,0.0137,0.0148,0.0143,0.0138,0.0124,0.012,0.012,0.0104,0.0092,0.012,0.0093,0.0077,0.0066,0.0064,0.007,0.0067,0.0054,0.0036,0.0029,0.0021,0.0013,0.0007,0.0001,0.0,0.0,0.0,0.0,0.0,0.0,0.0,0.0,0.0,0.0,0.0,0.0,0.0,0.0,0.0,0.0,0.0,0.0,0.0,0.0,0.0,0.0,0.0,0.0,0.0,0.0,0.0001,0.0009,0.0011,0.0017,0.0007,0.0,0.0,0.0,0.0,0.0,0.0,0.0,0.0,0.0,0.0,0.0
0.1257,0.1191,0.1184,0.1144,0.1127,0.1092,0.1059,0.1051,0.1047,0.0994,0.0964,0.0962,0.0952,0.0954,0.0907,0.0868,0.0848,0.0828,0.0776,0.0723,0.0684,0.0668,0.0683,0.0678,0.0676,0.0674,0.0653,0.0573,0.0485,0.0461,0.0454,0.0431,0.0393,0.0361,0.0382,0.0392,0.0385,0.0371,0.0371,0.0367,0.0365,0.0339,0.0304,0.0313,0.0316,0.0284,0.0229,0.0223,0.0245,0.0259,0.0264,0.0262,0.0265,0.0245,0.0233,0.0213,0.0196,0.0189,0.0167,0.0156,0.0158,0.0173,0.0158,0.014,0.0116,0.0102,0.0118,0.0121,0.0112,0.0083,0.0051,0.0056,0.0062,0.0066,0.0068,0.0067,0.0071,0.0063,0.006,0.0056,0.0045,0.004,0.0037,0.0016,0.0011,0.002,0.0015,0.0002,0.0,0.0
0.2652,0.2557,0.2442,0.2383,0.2331,0.2268,0.2242,0.2206,0.2202,0.2153,0.2136,0.2109,0.211,0.2108,0.2103,0.2086,0.2057,0.1989,0.1886,0.1781,0.1704,0.1639,0.161,0.1601,0.1615,0.1648,0.165,0.1609,0.1533,0.1491,0.1489,0.1481,0.1446,0.1395,0.1337,0.1269,0.1198,0.1119,0.1068,0.1055,0.1046,0.1063,0.1024,0.0997,0.095,0.0918,0.0872,0.0815,0.0765,0.0738,0.069,0.0613,0.0505,0.0423,0.0387,0.0411,0.0393,0.0353,0.0325,0.0287,0.0248,0.0208,0.0187,0.0163,0.0148,0.0128,0.0116,0.0109,0.0108,0.0123,0.0132,0.0127,0.0112,0.0088,0.0071,0.0048,0.0013,0.0003,0.0001,0.0,0.0,0.0,0.0,0.0,0.0,0.0,0.0,0.0,0.0,0.0
0.3622,0.356,0.3506,0.3415,0.3368,0.3346,0.3278,0.3211,0.3162,0.3137,0.3076,0.3031,0.295,0.2877,0.2817,0.2832,0.2819,0.2773,0.2703,0.261,0.254,0.2509,0.2485,0.2459,0.24,0.235,0.2285,0.2251,0.223,0.2146,0.2043,0.1963,0.1907,0.1839,0.1749,0.164,0.1507,0.1426,0.136,0.1284,0.1156,0.1001,0.0875,0.0758,0.0642,0.0513,0.0442,0.0377,0.0295,0.0233,0.0182,0.0142,0.0083,0.0055,0.0043,0.0064,0.0062,0.0048,0.0045,0.0036,0.0029,0.0028,0.0026,0.0023,0.0021,0.0038,0.0042,0.004,0.0037,0.0028,0.0024,0.0021,0.0019,0.0019,0.0017,0.0012,0.0012,0.0015,0.001,0.0013,0.0012,0.0009,0.0011,0.0009,0.0001,0.0001,0.0003,0.0004,0.0002,0.0001
0.3828,0.3781,0.3717,0.3686,0.3569,0.3505,0.3438,0.3376,0.3338,0.3323,0.3301,0.3253,0.3152,0.3068,0.3019,0.3008,0.3018,0.3026,0.2981,0.2914,0.2838,0.2762,0.2671,0.2609,0.26,0.2601,0.2596,0.2569,0.2536,0.2474,0.24,0.2319,0.2249,0.2154,0.2009,0.1898,0.1775,0.1652,0.1496,0.1358,0.1312,0.1353,0.1313,0.1213,0.1174,0.1109,0.1031,0.095,0.0881,0.0855,0.0854,0.0848,0.0826,0.0789,0.0764,0.0753,0.0717,0.0678,0.0662,0.063,0.0595,0.0573,0.0576,0.0564,0.0543,0.0545,0.0556,0.0527,0.0494,0.0469,0.0423,0.0382,0.0353,0.0353,0.0336,0.0318,0.0298,0.0292,0.027,0.0264,0.0241,0.0213,0.0202,0.0169,0.0125,0.0109,0.0103,0.0099,0.0086,0.0065
0.4274,0.4287,0.4251,0.4232,0.4171,0.4135,0.4098,0.4039,0.3996,0.3984,0.397,0.3945,0.3881,0.3796,0.3739,0.3701,0.3636,0.3628,0.3642,0.3612,0.3575,0.3522,0.3461,0.3402,0.3363,0.3284,0.3217,0.314,0.3075,0.3037,0.2962,0.2869,0.2797,0.2714,0.2625,0.2592,0.2528,0.2444,0.2376,0.2268,0.2139,0.1967,0.1849,0.1786,0.175,0.1723,0.1688,0.1607,0.1535,0.1457,0.139,0.1326,0.1259,0.1187,0.1084,0.0984,0.089,0.0803,0.0742,0.0701,0.0655,0.0603,0.0549,0.0505,0.0469,0.0431,0.0386,0.0316,0.0244,0.0198,0.0202,0.0188,0.0175,0.0137,0.0084,0.0065,0.0045,0.0047,0.0028,0.0022,0.0022,0.0016,0.0009,0.0005,0.0004,0.0008,0.0007,0.0001,0.0,0.0
0.3134,0.314,0.3142,0.3151,0.3164,0.3132,0.3124,0.3107,0.3074,0.3034,0.2982,0.2941,0.2938,0.2904,0.2849,0.2786,0.2726,0.2637,0.2598,0.2592,0.2566,0.2537,0.2476,0.2398,0.23,0.2215,0.2109,0.2018,0.1945,0.189,0.1833,0.1784,0.1727,0.1681,0.1621,0.1574,0.1519,0.1461,0.1432,0.1391,0.1307,0.1229,0.1154,0.1075,0.0965,0.0892,0.0832,0.0792,0.0738,0.07,0.0626,0.0531,0.0448,0.039,0.0338,0.0302,0.0262,0.022,0.0209,0.0178,0.0159,0.0134,0.0108,0.01,0.0065,0.004,0.0031,0.0019,0.001,0.0004,0.0006,0.0006,0.0004,0.0,0.0,0.0,0.0,0.0,0.0,0.0,0.0,0.0,0.0,0.0,0.0,0.0,0.0,0.0,0.0,0.0
0.3671,0.3623,0.3568,0.3551,0.3553,0.3515,0.3442,0.3408,0.3373,0.3325,0.3295,0.3269,0.326,0.32,0.3092,0.3,0.2906,0.2833,0.2808,0.279,0.2751,0.2685,0.2631,0.2586,0.2544,0.2522,0.2475,0.2403,0.231,0.2239,0.2169,0.214,0.2135,0.2091,0.2011,0.1939,0.1886,0.1796,0.173,0.1668,0.1567,0.1438,0.1249,0.109,0.0989,0.0892,0.0801,0.0716,0.0706,0.0622,0.0508,0.0394,0.0317,0.0268,0.0198,0.0157,0.0167,0.0132,0.0106,0.0089,0.0072,0.0053,0.0039,0.004,0.0039,0.0034,0.0026,0.0018,0.0022,0.0031,0.0028,0.0025,0.0019,0.0012,0.0001,0.0,0.0,0.0,0.0,0.0,0.0,0.0,0.0,0.0,0.0,0.0,0.0,0.0,0.0,0.0
0.4185,0.4157,0.4105,0.4075,0.4067,0.4049,0.3988,0.3916,0.3825,0.3694,0.3571,0.3515,0.346,0.3389,0.3256,0.3158,0.3082,0.3028,0.2939,0.2893,0.2862,0.2809,0.2762,0.2713,0.2633,0.2548,0.2435,0.2332,0.2212,0.2061,0.1951,0.1856,0.1764,0.169,0.1655,0.1635,0.1553,0.1442,0.1343,0.1273,0.1193,0.1182,0.1075,0.1012,0.0968,0.0917,0.0838,0.0753,0.0682,0.0619,0.0524,0.0431,0.0352,0.0282,0.0206,0.0143,0.0119,0.0121,0.0115,0.0121,0.0115,0.0115,0.0122,0.0126,0.0129,0.0109,0.0102,0.0116,0.0112,0.0101,0.0089,0.0073,0.0057,0.0047,0.0037,0.0029,0.0025,0.0021,0.0014,0.0008,0.0007,0.0004,0.0,0.0,0.0,0.0,0.0,0.0,0.0,0.0
0.3411,0.3387,0.3337,0.328,0.3281,0.3328,0.3369,0.3356,0.3344,0.333,0.3282,0.3187,0.3145,0.3123,0.3099,0.3076,0.3068,0.3043,0.3008,0.2974,0.2927,0.2874,0.2836,0.2801,0.2755,0.272,0.2677,0.2635,0.257,0.2487,0.2414,0.2363,0.2301,0.2225,0.2174,0.2135,0.2082,0.2026,0.1913,0.1836,0.1743,0.1656,0.1542,0.1421,0.1332,0.1292,0.1221,0.1138,0.1037,0.0967,0.0846,0.0724,0.0622,0.0538,0.0473,0.042,0.0366,0.0341,0.0313,0.0277,0.0255,0.0227,0.019,0.0167,0.0155,0.0132,0.0108,0.0094,0.0074,0.0067,0.0066,0.0057,0.0058,0.0055,0.005,0.0042,0.0038,0.0035,0.0034,0.0029,0.0014,0.0008,0.0,0.0,0.0,0.0,0.0,0.0,0.0,0.0
0.2519,0.2534,0.2517,0.2472,0.2439,0.2472,0.2501,0.2484,0.246,0.2405,0.2324,0.224,0.2189,0.2196,0.2193,0.2156,0.2133,0.2083,0.2089,0.2071,0.206,0.2068,0.2056,0.2039,0.2036,0.1976,0.1937,0.1895,0.1893,0.1887,0.1882,0.1838,0.171,0.1615,0.1567,0.1518,0.1474,0.1471,0.1457,0.1404,0.136,0.1311,0.1266,0.1187,0.1087,0.0988,0.0896,0.0813,0.0721,0.0637,0.062,0.0537,0.0438,0.0355,0.0306,0.0265,0.0231,0.022,0.0209,0.0197,0.0198,0.0198,0.0196,0.0195,0.0201,0.0184,0.0167,0.0166,0.0171,0.0187,0.0173,0.0158,0.0144,0.0127,0.0113,0.0104,0.0109,0.0097,0.0088,0.0075,0.007,0.0067,0.0081,0.0087,0.0072,0.0055,0.0051,0.0052,0.0058,0.0065
0.1858,0.1867,0.1857,0.1813,0.1784,0.1744,0.1745,0.1747,0.1718,0.1665,0.1667,0.1689,0.1697,0.1716,0.1667,0.1629,0.1581,0.1571,0.1514,0.146,0.1402,0.1373,0.1367,0.1345,0.1325,0.129,0.1213,0.1159,0.114,0.115,0.1144,0.1132,0.111,0.1106,0.1089,0.1048,0.1012,0.0988,0.0966,0.0976,0.0984,0.0967,0.094,0.0906,0.0858,0.0792,0.0738,0.0676,0.0649,0.0612,0.0582,0.0587,0.0594,0.0576,0.0569,0.0563,0.0553,0.0548,0.0555,0.0552,0.0555,0.0555,0.0557,0.0549,0.0555,0.0535,0.0526,0.0529,0.0505,0.0531,0.0559,0.0602,0.0637,0.0632,0.064,0.0625,0.0579,0.0554,0.0522,0.0512,0.0501,0.0503,0.0526,0.0554,0.0567,0.0542,0.0527,0.0506,0.0502,0.052
0.1635,0.1628,0.1588,0.1542,0.1479,0.1437,0.1428,0.1442,0.1451,0.1439,0.1432,0.143,0.142,0.1411,0.1347,0.1304,0.1287,0.1295,0.127,0.1224,0.1206,0.1209,0.1216,0.1206,0.1188,0.1181,0.1175,0.1175,0.1172,0.1174,0.1163,0.115,0.1133,0.1081,0.1047,0.1044,0.1046,0.1035,0.1022,0.0965,0.0944,0.0958,0.0975,0.0986,0.1005,0.0984,0.0963,0.0958,0.0959,0.0941,0.0927,0.0925,0.091,0.0853,0.0831,0.0829,0.0797,0.0784,0.0792,0.0783,0.08,0.0856,0.087,0.0867,0.0845,0.0793,0.0792,0.0767,0.0743,0.0693,0.063,0.0583,0.0561,0.0537,0.0512,0.0482,0.0455,0.0456,0.046,0.0463,0.0467,0.0462,0.0457,0.0448,0.0451,0.0415,0.0372,0.0368,0.0402,0.0419
0.1824,0.1853,0.1846,0.1819,0.1792,0.1728,0.1681,0.1663,0.1648,0.1613,0.1577,0.1571,0.156,0.1547,0.1572,0.1544,0.1474,0.1417,0.139,0.1362,0.1346,0.1333,0.1299,0.1266,0.1239,0.1205,0.1184,0.1177,0.1156,0.1129,0.111,0.1098,0.1079,0.1032,0.1033,0.101,0.1,0.1002,0.0997,0.0963,0.0924,0.0924,0.0924,0.0915,0.0896,0.0871,0.0844,0.0816,0.0784,0.0757,0.0757,0.0723,0.0681,0.0644,0.062,0.0619,0.0619,0.061,0.0599,0.0564,0.0524,0.0464,0.04,0.0343,0.0307,0.0287,0.0242,0.0217,0.0202,0.017,0.014,0.0124,0.0117,0.011,0.0114,0.013,0.0142,0.0149,0.0139,0.0137,0.0127,0.0122,0.013,0.0136,0.0134,0.0132,0.0148,0.0162,0.0184,0.0199
0.1319,0.1315,0.1349,0.1396,0.1413,0.1402,0.1363,0.1295,0.1225,0.1197,0.1176,0.1144,0.1183,0.1217,0.1177,0.1175,0.1158,0.1119,0.1073,0.1053,0.1049,0.1022,0.0989,0.0992,0.0984,0.098,0.0969,0.0916,0.0877,0.087,0.0886,0.0859,0.0865,0.0885,0.091,0.0906,0.0874,0.0845,0.0813,0.0787,0.0784,0.0781,0.0787,0.0766,0.0749,0.0732,0.0706,0.0684,0.0668,0.0658,0.0635,0.0605,0.0582,0.0544,0.0516,0.0507,0.0527,0.0527,0.0488,0.0447,0.0409,0.037,0.0333,0.0318,0.0287,0.0231,0.0217,0.0197,0.0164,0.0156,0.013,0.0115,0.0114,0.0111,0.0106,0.0102,0.0102,0.01,0.0094,0.0092,0.0089,0.0084,0.0086,0.0075,0.0077,0.0081,0.0087,0.0087,0.0092,0.0104
0.0594,0.0557,0.0531,0.0528,0.0518,0.0476,0.0455,0.0456,0.0481,0.0493,0.0489,0.0493,0.0494,0.0475,0.0446,0.0451,0.0465,0.0468,0.046,0.0452,0.0446,0.0445,0.0458,0.046,0.0463,0.0453,0.0436,0.0434,0.0433,0.0443,0.0454,0.0452,0.0448,0.0449,0.045,0.0437,0.0432,0.0447,0.044,0.0427,0.0416,0.0407,0.0406,0.0406,0.0415,0.0419,0.0423,0.0405,0.0397,0.0395,0.0389,0.0393,0.0388,0.0377,0.0369,0.037,0.0364,0.0357,0.0354,0.0354,0.0353,0.0355,0.036,0.0369,0.037,0.0366,0.0356,0.0354,0.0346,0.0345,0.0365,0.0366,0.0367,0.0369,0.0367,0.0369,0.0372,0.0371,0.0369,0.037,0.0369,0.0367,0.0369,0.0375,0.0375,0.0372,0.0374,0.0376,0.038,0.0378
0.4486,0.4355,0.4307,0.4245,0.4237,0.4184,0.4138,0.4106,0.4066,0.4073,0.4084,0.4083,0.4079,0.4041,0.3943,0.3915,0.3869,0.3861,0.3859,0.3849,0.3774,0.3735,0.3761,0.3835,0.3888,0.39,0.3831,0.3836,0.3883,0.393,0.3965,0.3963,0.3952,0.395,0.3927,0.3827,0.3789,0.3794,0.3718,0.3616,0.3555,0.3538,0.3538,0.3518,0.3491,0.3489,0.3501,0.3478,0.3443,0.3431,0.341,0.337,0.3333,0.327,0.3218,0.3201,0.3204,0.3226,0.3245,0.3262,0.3294,0.3326,0.337,0.3392,0.3406,0.3416,0.3397,0.3382,0.3349,0.3323,0.3344,0.3364,0.3343,0.3357,0.3396,0.3419,0.345,0.352,0.3568,0.3559,0.3529,0.3505,0.3499,0.3515,0.3489,0.3496,0.3558,0.3622,0.3719,0.3758
0.5104,0.5065,0.5,0.4947,0.4947,0.4974,0.4972,0.4957,0.4924,0.4879,0.483,0.4778,0.4739,0.4726,0.4733,0.4714,0.4662,0.4588,0.4556,0.4525,0.449,0.4446,0.4416,0.439,0.4359,0.4315,0.4293,0.4268,0.4216,0.4124,0.406,0.4023,0.3986,0.3938,0.3884,0.3811,0.3721,0.3636,0.3585,0.3565,0.3543,0.3481,0.3381,0.3285,0.3208,0.3097,0.2984,0.2865,0.2744,0.2639,0.2537,0.2455,0.2407,0.2396,0.2344,0.2195,0.2056,0.1912,0.1757,0.1609,0.1461,0.1354,0.1206,0.111,0.1044,0.1017,0.1,0.0965,0.0927,0.088,0.0814,0.074,0.0649,0.059,0.057,0.0531,0.0472,0.044,0.0463,0.0473,0.044,0.0392,0.0364,0.0375,0.0382,0.036,0.0362,0.0387,0.0381,0.0362
0.528,0.5229,0.517,0.5106,0.5047,0.4999,0.4942,0.4878,0.4817,0.4727,0.4635,0.4567,0.4489,0.4422,0.4402,0.4352,0.4295,0.4186,0.4046,0.3918,0.3805,0.3725,0.361,0.3433,0.3239,0.3022,0.2833,0.2694,0.2513,0.2309,0.2173,0.2106,0.2022,0.1912,0.1782,0.1683,0.1595,0.1506,0.1444,0.1381,0.1305,0.1226,0.1144,0.1053,0.0978,0.0901,0.0813,0.0711,0.0601,0.0521,0.0465,0.0412,0.0358,0.0316,0.0284,0.0248,0.0216,0.0184,0.0154,0.0123,0.0096,0.009,0.0083,0.0074,0.0053,0.0031,0.0018,0.0012,0.001,0.0011,0.0012,0.0009,0.0005,0.0002,0.0005,0.0008,0.0007,0.0007,0.0008,0.0008,0.0006,0.0001,0.0,0.0,0.0001,0.0,0.0,0.0,0.0,0.0
0.5319,0.5254,0.5212,0.51,0.4951,0.4793,0.4651,0.4525,0.4436,0.4352,0.424,0.4127,0.3993,0.3861,0.3666,0.3443,0.3258,0.3078,0.2875,0.264,0.2413,0.2246,0.2099,0.1971,0.182,0.1644,0.1489,0.1369,0.1258,0.1109,0.0939,0.0783,0.0717,0.0636,0.057,0.0505,0.0431,0.041,0.0401,0.0394,0.0362,0.0325,0.0291,0.0293,0.0305,0.0292,0.0277,0.0265,0.0256,0.0242,0.0224,0.0215,0.0218,0.0208,0.018,0.0143,0.0115,0.0102,0.0088,0.0077,0.0063,0.0046,0.0033,0.003,0.0029,0.0031,0.0027,0.0021,0.0015,0.0013,0.0012,0.001,0.0006,0.0003,0.0001,0.0,0.0,0.0,0.0,0.0,0.0,0.0,0.0,0.0,0.0,0.0,0.0,0.0,0.0,0.0
0.3306,0.3296,0.3229,0.3168,0.3099,0.302,0.2941,0.285,0.2757,0.271,0.2638,0.2523,0.2375,0.2238,0.211,0.2019,0.19,0.1791,0.1626,0.1497,0.1414,0.1289,0.118,0.1142,0.1063,0.0956,0.0872,0.0772,0.0726,0.0709,0.067,0.0589,0.0445,0.0393,0.0404,0.0414,0.0414,0.0416,0.0425,0.041,0.0358,0.0277,0.0254,0.0233,0.0237,0.0236,0.0232,0.0222,0.0225,0.0257,0.0274,0.0273,0.0277,0.0304,0.0305,0.0266,0.0215,0.02,0.0152,0.0154,0.0197,0.0177,0.0149,0.0123,0.0094,0.0084,0.0067,0.0056,0.0052,0.0056,0.0061,0.0051,0.0058,0.0062,0.0064,0.0068,0.009,0.0084,0.0054,0.0048,0.0049,0.0082,0.0099,0.0087,0.0068,0.0065,0.008,0.007,0.0066,0.0038
0.3531,0.3479,0.3444,0.3438,0.3339,0.3169,0.3015,0.2803,0.2676,0.2614,0.2507,0.2338,0.2186,0.2023,0.1886,0.1757,0.1598,0.1488,0.1402,0.1271,0.1161,0.1052,0.094,0.0804,0.0673,0.057,0.0489,0.0426,0.0384,0.0365,0.0359,0.0353,0.0359,0.0373,0.0383,0.0396,0.0385,0.0378,0.0373,0.0369,0.0346,0.034,0.0333,0.0331,0.0329,0.0326,0.033,0.0341,0.0357,0.0378,0.0391,0.039,0.0395,0.0396,0.0392,0.0378,0.0338,0.0313,0.0294,0.0287,0.0278,0.0257,0.0255,0.0257,0.0259,0.0246,0.022,0.0186,0.0168,0.0176,0.0199,0.0228,0.023,0.0237,0.022,0.0226,0.023,0.0174,0.0125,0.01,0.0093,0.0071,0.0047,0.0048,0.0064,0.0088,0.0183,0.0223,0.0202,0.0133
