0.3208,0.3036,0.2921,0.2831,0.2725,0.2644,0.2553,0.2432,0.2304,0.2196,0.2162,0.2079,0.2002,0.1878,0.1772,0.1707,0.1678,0.1654,0.1647,0.1582,0.1487,0.1411,0.1365,0.1303,0.119,0.1117,0.1039,0.0986,0.0937,0.0876,0.0835,0.0783,0.0725,0.0686,0.0653,0.0635,0.0629,0.0625,0.0621,0.0594,0.0571,0.0538,0.0513,0.0503,0.0501,0.0516,0.0514,0.0492,0.0472,0.0445,0.0426,0.0413,0.0368,0.0302,0.0257,0.0231,0.02,0.0187,0.0123,0.0076,0.0074,0.0105,0.0124,0.0158,0.0194,0.0212,0.0235,0.0218,0.0195,0.0176,0.0181,0.0202,0.0288,0.0311,0.0309,0.0308,0.0304,0.03,0.0293,0.0301,0.0314,0.0298,0.029,0.0276,0.0266,0.0252,0.0292,0.0317,0.0327,0.0351
0.4158,0.4027,0.3938,0.3863,0.3762,0.3644,0.3491,0.3322,0.3138,0.3052,0.296,0.2778,0.2604,0.2485,0.2369,0.2234,0.2122,0.2,0.184,0.1677,0.1531,0.142,0.131,0.1226,0.1173,0.1101,0.101,0.0914,0.0866,0.0807,0.0756,0.0731,0.0713,0.0693,0.0689,0.0679,0.0672,0.067,0.0668,0.0677,0.0675,0.0659,0.0644,0.0639,0.0636,0.0636,0.0622,0.0613,0.0598,0.0573,0.0566,0.0553,0.0547,0.0573,0.0584,0.0587,0.0562,0.0556,0.0544,0.0493,0.0458,0.0434,0.0441,0.0457,0.0483,0.0505,0.0519,0.0503,0.0504,0.045,0.0395,0.0353,0.0301,0.03,0.034,0.0362,0.0391,0.0386,0.0353,0.0337,0.035,0.037,0.036,0.0361,0.0381,0.04,0.0379,0.0392,0.0419,0.0434
0.4672,0.4582,0.4515,0.4515,0.448,0.4362,0.4288,0.4232,0.4153,0.4048,0.3989,0.391,0.3804,0.3706,0.3611,0.3505,0.3376,0.3283,0.3168,0.3034,0.2884,0.2725,0.2607,0.248,0.2347,0.2203,0.2069,0.1888,0.1747,0.1633,0.1531,0.1454,0.135,0.1267,0.1195,0.1144,0.111,0.109,0.107,0.1036,0.1006,0.099,0.0974,0.0954,0.0953,0.0946,0.0903,0.0862,0.0851,0.0817,0.0745,0.0731,0.0735,0.0678,0.0672,0.0671,0.0656,0.0643,0.0633,0.058,0.0579,0.0581,0.0588,0.0593,0.0583,0.0564,0.0553,0.0548,0.0531,0.0502,0.0452,0.037,0.0306,0.0309,0.0318,0.0315,0.033,0.0336,0.032,0.0305,0.0324,0.0334,0.0325,0.0319,0.0324,0.0321,0.0281,0.0261,0.0264,0.0265
0.3633,0.357,0.3493,0.3423,0.3341,0.3265,0.3191,0.3136,0.3094,0.304,0.2999,0.2966,0.2911,0.2854,0.2799,0.2744,0.2694,0.2649,0.2612,0.2592,0.2552,0.2487,0.2387,0.2324,0.2279,0.2216,0.2136,0.2073,0.1997,0.1944,0.1872,0.1802,0.1733,0.1653,0.159,0.1543,0.1497,0.1455,0.1424,0.1397,0.1384,0.1346,0.131,0.1287,0.127,0.1225,0.1165,0.1139,0.1109,0.1081,0.1057,0.1022,0.0996,0.0982,0.0978,0.0871,0.0846,0.0857,0.0858,0.0841,0.0826,0.0846,0.0834,0.0818,0.0812,0.0792,0.077,0.0753,0.0732,0.0709,0.0672,0.0617,0.0549,0.0503,0.0485,0.045,0.0432,0.0405,0.038,0.0332,0.03,0.0296,0.0277,0.0271,0.0273,0.0273,0.0273,0.0286,0.0267,0.0257
0.2454,0.2403,0.2319,0.2207,0.2127,0.2068,0.2038,0.1995,0.1949,0.1912,0.1856,0.1828,0.1812,0.1813,0.1811,0.1806,0.1786,0.1763,0.1742,0.1701,0.1636,0.1563,0.1495,0.1456,0.143,0.1407,0.1378,0.1368,0.1337,0.1314,0.1325,0.1293,0.1273,0.1221,0.1113,0.1054,0.1016,0.097,0.0921,0.0889,0.0867,0.0829,0.0794,0.0755,0.0702,0.0691,0.0614,0.0546,0.0518,0.0497,0.0479,0.0446,0.0417,0.0386,0.0343,0.0311,0.0265,0.0252,0.0245,0.0208,0.0173,0.0157,0.0116,0.0083,0.0063,0.0041,0.0024,0.0016,0.0011,0.0004,0.0,0.0,0.0,0.0,0.0,0.0,0.0,0.0,0.0,0.0,0.0,0.0,0.0,0.0,0.0,0.0,0.0,0.0,0.0,0.0
0.1733,0.1709,0.1663,0.1591,0.1531,0.1467,0.1431,0.1423,0.1402,0.1431,0.1417,0.1346,0.1284,0.1256,0.1233,0.1207,0.1187,0.117,0.114,0.1039,0.0971,0.0889,0.081,0.0742,0.0702,0.0704,0.0702,0.0686,0.0653,0.0564,0.0496,0.0444,0.0391,0.0322,0.0271,0.0215,0.017,0.0128,0.0107,0.008,0.0049,0.0042,0.0032,0.0022,0.0002,0.0,0.0,0.0,0.0,0.0,0.0,0.0,0.0,0.0,0.0,0.0,0.0,0.0,0.0,0.0,0.0,0.0,0.0,0.0,0.0,0.0,0.0,0.0,0.0,0.0,0.0,0.0,0.0,0.0,0.0,0.0,0.0,0.0,0.0,0.0,0.0,0.0,0.0,0.0,0.0,0.0,0.0,0.0,0.0,0.0
0.13,0.1259,0.1217,0.1157,0.1083,0.1022,0.098,0.0933,0.0882,0.0821,0.0789,0.0761,0.0737,0.0666,0.0592,0.0531,0.0502,0.049,0.0474,0.0447,0.0431,0.0427,0.0379,0.0354,0.0363,0.0356,0.0311,0.0295,0.0279,0.0258,0.0232,0.0212,0.0193,0.017,0.0142,0.012,0.0102,0.008,0.0053,0.0031,0.0022,0.0016,0.0006,0.0001,0.0,0.0,0.0,0.0,0.0,0.0,0.0,0.0,0.0,0.0,0.0,0.0,0.0,0.0,0.0,0.0,0.0,0.0,0.0,0.0,0.0,0.0,0.0,0.0,0.0,0.0,0.0,0.0,0.0,0.0,0.0,0.0,0.0,0.0,0.0,0.0,0.0,0.0,0.0,0.0,0.0,0.0,0.0,0.0,0.0,0.0
0.1469,0.1391,0.1325,0.1275,0.1241,0.1194,0.115,0.1113,0.1071,0.103,0.0989,0.0943,0.0887,0.0828,0.0776,0.0718,0.0652,0.0593,0.055,0.0518,0.0468,0.0395,0.0372,0.0349,0.0287,0.024,0.0206,0.0192,0.0159,0.0131,0.0106,0.0074,0.005,0.0038,0.0026,0.0012,0.0003,0.0,0.0,0.0,0.0,0.0,0.0,0.0,0.0,0.0,0.0,0.0,0.0,0.0,0.0,0.0,0.0,0.0,0.0,0.0,0.0,0.0,0.0,0.0,0.0,0.0,0.0,0.0,0.0,0.0,0.0,0.0,0.0,0.0,0.0,0.0,0.0,0.0,0.0,0.0,0.0,0.0,0.0,0.0,0.0,0.0,0.0,0.0,0.0,0.0,0.0,0.0,0.0,0.0
0.1044,0.0986,0.0941,0.0905,0.0848,0.079,0.0736,0.0709,0.0685,0.0662,0.0631,0.0595,0.0557,0.0516,0.0469,0.0417,0.037,0.0331,0.0288,0.0257,0.0223,0.0201,0.0164,0.0143,0.0118,0.0084,0.0052,0.0031,0.0016,0.0005,0.0,0.0,0.0,0.0,0.0,0.0,0.0,0.0,0.0,0.0,0.0,0.0,0.0,0.0,0.0,0.0,0.0,0.0,0.0,0.0,0.0,0.0,0.0,0.0,0.0,0.0,0.0,0.0,0.0,0.0,0.0,0.0,0.0,0.0,0.0,0.0,0.0,0.0,0.0,0.0,0.0,0.0,0.0,0.0,0.0,0.0,0.0,0.0,0.0,0.0,0.0,0.0,0.0,0.0,0.0,0.0,0.0,0.0,0.0,0.0
0.1212,0.1169,0.1132,0.1104,0.1073,0.1036,0.099,0.0964,0.0956,0.0917,0.089,0.0841,0.0815,0.0761,0.072,0.0679,0.0643,0.0624,0.0623,0.0575,0.0517,0.0468,0.0434,0.039,0.0388,0.0394,0.0377,0.0344,0.0324,0.03,0.027,0.0226,0.0217,0.0231,0.0262,0.0276,0.0278,0.0274,0.025,0.0251,0.0259,0.0267,0.0286,0.0291,0.0285,0.0283,0.0287,0.0281,0.027,0.0236,0.0214,0.0204,0.0128,0.006,0.0061,0.0062,0.0068,0.0047,0.0035,0.0006,0.0,0.0001,0.0007,0.0001,0.0001,0.0001,0.0018,0.0041,0.0026,0.0016,0.0019,0.0022,0.0023,0.004,0.004,0.0038,0.0044,0.0048,0.0055,0.0085,0.0085,0.0074,0.0074,0.0088,0.0093,0.0109,0.0099,0.0098,0.008,0.0024
0.1381,0.1366,0.1351,0.1335,0.1323,0.1306,0.1302,0.1238,0.1202,0.1221,0.1187,0.1159,0.1103,0.1103,0.1037,0.0975,0.0921,0.0886,0.0874,0.0842,0.0825,0.0826,0.0822,0.0813,0.0724,0.066,0.0651,0.0656,0.0631,0.062,0.0619,0.0611,0.058,0.0513,0.0507,0.046,0.0445,0.0435,0.0413,0.0393,0.038,0.0356,0.0311,0.031,0.0306,0.0309,0.031,0.0294,0.0267,0.0242,0.021,0.0208,0.0217,0.0221,0.0251,0.0234,0.0231,0.0237,0.0243,0.0246,0.0246,0.0238,0.0246,0.0256,0.0256,0.025,0.0265,0.0283,0.0273,0.0262,0.0265,0.0258,0.024,0.0233,0.0206,0.0202,0.0182,0.0175,0.0168,0.0176,0.0162,0.0142,0.0135,0.0128,0.0111,0.0103,0.0081,0.0055,0.0046,0.0046
0.0872,0.0866,0.0869,0.0865,0.0869,0.0867,0.0853,0.0844,0.0816,0.0799,0.0814,0.0827,0.0803,0.0804,0.0774,0.0745,0.0753,0.075,0.0733,0.0744,0.0724,0.0714,0.0717,0.0711,0.0696,0.0667,0.0669,0.0679,0.0671,0.0672,0.0663,0.0631,0.0606,0.0603,0.0578,0.0579,0.0577,0.0565,0.0556,0.0552,0.0545,0.0546,0.0554,0.0536,0.0521,0.0511,0.0504,0.0476,0.0458,0.0455,0.0463,0.0433,0.0412,0.0393,0.0365,0.0342,0.032,0.0315,0.0282,0.0262,0.0251,0.0235,0.0213,0.0205,0.0202,0.0199,0.018,0.0154,0.0138,0.0126,0.0097,0.0068,0.0061,0.0037,0.0008,0.0004,0.0002,0.0001,0.0001,0.0,0.0,0.0,0.0,0.0,0.0,0.0,0.0,0.0,0.0,0.0
0.0807,0.0797,0.0803,0.0795,0.0773,0.0757,0.0748,0.0729,0.0724,0.0736,0.0726,0.0714,0.0701,0.0685,0.0675,0.0658,0.0634,0.0625,0.0615,0.0603,0.0599,0.0599,0.0578,0.0517,0.0498,0.0428,0.0356,0.0318,0.032,0.0297,0.0283,0.0307,0.0343,0.0268,0.0195,0.0159,0.0144,0.0138,0.0135,0.014,0.0143,0.0148,0.0152,0.014,0.0123,0.0121,0.0113,0.0098,0.0087,0.005,0.0036,0.0009,0.0003,0.0002,0.0002,0.0002,0.0,0.0,0.0,0.0,0.0,0.0,0.0,0.0,0.0,0.0,0.0,0.0,0.0,0.0,0.0,0.0,0.0,0.0,0.0,0.0,0.0,0.0,0.0,0.0,0.0,0.0,0.0,0.0,0.0,0.0,0.0,0.0,0.0,0.0
0.0602,0.0603,0.0629,0.0613,0.0569,0.056,0.0577,0.0583,0.0562,0.049,0.0398,0.034,0.0331,0.0306,0.0334,0.0342,0.0328,0.0309,0.0285,0.0212,0.0215,0.0186,0.0075,0.0068,0.0085,0.0066,0.0044,0.0022,0.0014,0.0014,0.0016,0.0015,0.0015,0.0014,0.0008,0.0022,0.0025,0.0035,0.0032,0.0025,0.0018,0.0011,0.0006,0.0,0.0,0.0,0.0,0.0,0.0,0.0,0.0,0.0,0.0,0.0,0.0,0.0,0.0,0.0,0.0,0.0,0.0,0.0,0.0,0.0,0.0,0.0,0.0,0.0,0.0,0.0,0.0,0.0,0.0,0.0,0.0,0.0,0.0,0.0,0.0,0.0,0.0,0.0,0.0,0.0,0.0,0.0,0.0,0.001,0.0012,0.0012
0.0537,0.0497,0.0467,0.0441,0.0423,0.0407,0.0374,0.035,0.0322,0.0285,0.0297,0.0271,0.023,0.0222,0.0232,0.0239,0.0222,0.0202,0.02,0.0184,0.0188,0.0197,0.0186,0.0198,0.0209,0.0222,0.0216,0.0202,0.0197,0.0206,0.0218,0.0227,0.0229,0.0247,0.0227,0.0221,0.0206,0.0169,0.0126,0.0125,0.0184,0.0218,0.0208,0.0182,0.0177,0.0174,0.0135,0.0108,0.0086,0.0069,0.006,0.0057,0.0063,0.0072,0.0057,0.0033,0.0037,0.0062,0.0058,0.0051,0.0044,0.0047,0.0027,0.0032,0.0059,0.0117,0.0131,0.0123,0.0112,0.0102,0.0117,0.0127,0.0126,0.0125,0.0124,0.0135,0.0117,0.0097,0.0088,0.0079,0.0072,0.0065,0.0025,0.0037,0.0042,0.0054,0.0066,0.0078,0.0073,0.0063
0.1335,0.1276,0.1224,0.1202,0.1159,0.1102,0.1068,0.1066,0.1067,0.1012,0.0991,0.0997,0.1003,0.1013,0.0998,0.0937,0.0902,0.0894,0.0915,0.0902,0.0873,0.086,0.081,0.0801,0.0777,0.0774,0.0757,0.073,0.073,0.0719,0.0682,0.0663,0.0634,0.0583,0.0548,0.0521,0.0509,0.0543,0.0552,0.0562,0.0607,0.0612,0.0593,0.0577,0.0583,0.057,0.0532,0.052,0.0518,0.0505,0.0482,0.0451,0.0434,0.042,0.0408,0.0362,0.0384,0.0379,0.0326,0.0285,0.025,0.0215,0.0194,0.0172,0.0131,0.0113,0.0117,0.0127,0.0131,0.0113,0.0106,0.0112,0.0122,0.0117,0.0101,0.0096,0.0093,0.0089,0.0094,0.0109,0.0118,0.0143,0.0134,0.013,0.0136,0.0134,0.0118,0.0087,0.0062,0.0055
0.2801,0.2705,0.2566,0.2476,0.2415,0.2324,0.2263,0.2253,0.2271,0.2278,0.2195,0.2114,0.2075,0.203,0.205,0.2032,0.1985,0.193,0.1911,0.1932,0.1893,0.1854,0.1807,0.1715,0.1651,0.1628,0.1597,0.1531,0.15,0.148,0.1454,0.1405,0.1362,0.1306,0.122,0.1149,0.109,0.1051,0.1029,0.1,0.0992,0.0991,0.0941,0.0883,0.079,0.0754,0.0704,0.0657,0.0601,0.055,0.0508,0.0484,0.0459,0.0441,0.0421,0.0425,0.0379,0.0345,0.0339,0.0319,0.0295,0.0261,0.0248,0.0218,0.0141,0.0119,0.0099,0.0092,0.0092,0.0101,0.0093,0.0066,0.003,0.0011,0.0014,0.0004,0.0,0.0,0.0,0.0,0.0,0.0,0.0,0.0,0.0,0.0,0.0,0.0,0.0,0.0
0.3572,0.3514,0.3435,0.3306,0.3264,0.3232,0.3145,0.3012,0.2924,0.2883,0.2859,0.2808,0.2742,0.2635,0.2439,0.2411,0.2391,0.2312,0.2239,0.2193,0.2152,0.2064,0.1987,0.1932,0.1849,0.1802,0.172,0.1631,0.1538,0.1437,0.137,0.1278,0.1142,0.1051,0.1021,0.1,0.0968,0.0799,0.0719,0.0613,0.051,0.041,0.0314,0.0284,0.0214,0.0135,0.0112,0.0095,0.0074,0.0051,0.0026,0.0018,0.0002,0.0,0.0,0.0,0.0,0.0,0.0,0.0,0.0,0.0,0.0,0.0,0.0,0.0,0.0,0.0,0.0,0.0,0.0,0.0,0.0,0.0,0.0,0.0,0.0,0.0,0.0,0.0,0.0,0.0,0.0,0.0,0.0,0.0,0.0,0.0,0.0,0.0
0.3769,0.3725,0.3657,0.3661,0.3516,0.3466,0.3441,0.3381,0.3303,0.3245,0.3214,0.3158,0.3064,0.3004,0.2937,0.2812,0.2762,0.2697,0.2602,0.2508,0.2461,0.2436,0.235,0.2238,0.2122,0.2028,0.1909,0.1792,0.1733,0.17,0.1662,0.158,0.1443,0.137,0.1264,0.1126,0.0995,0.0837,0.0783,0.0738,0.0675,0.0639,0.0651,0.066,0.0596,0.0513,0.0477,0.0421,0.0379,0.0395,0.0383,0.0338,0.0303,0.0302,0.0309,0.0282,0.0238,0.0209,0.0207,0.0216,0.023,0.0231,0.0188,0.0141,0.0165,0.0183,0.019,0.0177,0.0166,0.0159,0.0124,0.0116,0.0113,0.0122,0.0116,0.0127,0.0141,0.0144,0.0162,0.0184,0.0174,0.0152,0.0144,0.0131,0.0112,0.0092,0.009,0.0092,0.0085,0.007
0.4245,0.4243,0.4186,0.4195,0.4139,0.4035,0.4008,0.4002,0.3977,0.3935,0.3915,0.3865,0.3807,0.3776,0.3702,0.36,0.35,0.3398,0.329,0.3185,0.3116,0.311,0.3067,0.3035,0.2979,0.2893,0.2852,0.2788,0.2787,0.2777,0.2716,0.2651,0.2598,0.256,0.2504,0.2448,0.2367,0.2285,0.2205,0.2127,0.2035,0.1931,0.1808,0.1667,0.1567,0.1481,0.1389,0.1306,0.1249,0.1196,0.1123,0.1043,0.097,0.096,0.0902,0.0834,0.08,0.0753,0.0701,0.0649,0.0601,0.0562,0.0536,0.0497,0.0453,0.0387,0.0321,0.0286,0.0273,0.0269,0.0261,0.0262,0.0235,0.0234,0.0223,0.0216,0.024,0.0265,0.0243,0.0264,0.0284,0.0271,0.0263,0.0245,0.0232,0.0226,0.024,0.0257,0.0241,0.0239
0.3133,0.3132,0.3141,0.315,0.3176,0.3144,0.314,0.3142,0.3148,0.3119,0.31,0.3055,0.3019,0.2982,0.2947,0.2923,0.2923,0.292,0.2875,0.2845,0.282,0.2791,0.2744,0.2716,0.2707,0.2676,0.263,0.2608,0.2552,0.2478,0.2418,0.2349,0.2274,0.2167,0.2062,0.1973,0.1929,0.1904,0.186,0.1799,0.1747,0.1699,0.1706,0.1629,0.1606,0.156,0.1525,0.1452,0.1342,0.1254,0.1173,0.1103,0.1047,0.0972,0.0901,0.0828,0.0772,0.0707,0.0654,0.0584,0.0535,0.0505,0.0469,0.0429,0.0381,0.0336,0.0306,0.0302,0.0318,0.032,0.0308,0.0327,0.0324,0.0313,0.0296,0.0298,0.0297,0.0287,0.0276,0.0249,0.0238,0.0232,0.0214,0.024,0.0262,0.028,0.0246,0.0194,0.0211,0.0217
0.3818,0.377,0.3731,0.3709,0.3681,0.3648,0.3584,0.3533,0.3425,0.3312,0.325,0.319,0.3155,0.3097,0.2995,0.2895,0.2814,0.2731,0.2679,0.2644,0.2581,0.248,0.237,0.2294,0.2249,0.2164,0.2094,0.2038,0.1925,0.1822,0.1761,0.1749,0.1717,0.1655,0.16,0.1523,0.1422,0.1319,0.1188,0.111,0.1023,0.0958,0.0918,0.0843,0.0753,0.0675,0.0604,0.0569,0.0537,0.0493,0.0475,0.0462,0.0463,0.0458,0.0475,0.0479,0.0472,0.0471,0.047,0.0477,0.0483,0.0478,0.0471,0.0439,0.0421,0.0412,0.0405,0.0389,0.0376,0.0362,0.0358,0.0357,0.0353,0.0344,0.0328,0.0319,0.03,0.0249,0.0227,0.0193,0.0147,0.011,0.0117,0.0145,0.0169,0.021,0.0211,0.0188,0.0212,0.0215
0.4426,0.4371,0.4334,0.43,0.4292,0.4281,0.4218,0.4133,0.3994,0.3845,0.3749,0.369,0.3597,0.3527,0.3476,0.3424,0.3369,0.331,0.3241,0.3151,0.304,0.2866,0.2705,0.262,0.2589,0.2527,0.2467,0.2459,0.2298,0.2155,0.2052,0.194,0.1822,0.1743,0.1719,0.1655,0.1602,0.1534,0.1439,0.1374,0.1286,0.1211,0.1106,0.1026,0.0977,0.0897,0.0805,0.0749,0.0672,0.0617,0.0521,0.0487,0.0424,0.0391,0.0384,0.0365,0.0348,0.0321,0.0298,0.028,0.0292,0.0285,0.0267,0.0245,0.0246,0.0253,0.0247,0.0237,0.0237,0.0234,0.0226,0.0218,0.0227,0.0232,0.0234,0.0254,0.0276,0.0294,0.0311,0.0305,0.0296,0.0283,0.0273,0.027,0.0273,0.0279,0.0278,0.0257,0.0247,0.0243
0.3495,0.3513,0.3447,0.3346,0.3361,0.3435,0.3421,0.3381,0.3378,0.3364,0.3292,0.3269,0.3249,0.3196,0.3217,0.3243,0.3247,0.3205,0.3134,0.3113,0.3066,0.2973,0.2886,0.2798,0.2832,0.2881,0.2799,0.2787,0.271,0.2609,0.2529,0.2486,0.2405,0.2323,0.2257,0.2208,0.2102,0.2041,0.1968,0.1909,0.1829,0.1708,0.1626,0.1587,0.1467,0.1361,0.1283,0.1167,0.1049,0.092,0.0844,0.0772,0.07,0.0632,0.0562,0.05,0.0472,0.046,0.0456,0.0438,0.0395,0.0362,0.0339,0.0328,0.0323,0.0312,0.0286,0.0256,0.0239,0.0233,0.0222,0.0218,0.0225,0.0213,0.0176,0.0161,0.0145,0.0124,0.0096,0.0071,0.0051,0.0043,0.004,0.004,0.0048,0.0053,0.0049,0.0037,0.0036,0.0037
0.2517,0.2495,0.2462,0.2393,0.2345,0.2362,0.2362,0.2395,0.2405,0.2386,0.228,0.2165,0.216,0.2143,0.2165,0.2213,0.2256,0.2277,0.2257,0.2196,0.2147,0.2133,0.2131,0.212,0.2071,0.2,0.1947,0.1896,0.1856,0.182,0.1817,0.1811,0.1784,0.1726,0.1593,0.1451,0.1358,0.1305,0.1233,0.1133,0.1062,0.1013,0.0963,0.0912,0.0829,0.073,0.066,0.0598,0.0525,0.0431,0.0376,0.0326,0.026,0.022,0.0195,0.0168,0.0153,0.0136,0.0115,0.0098,0.0087,0.0075,0.006,0.0046,0.0043,0.004,0.0035,0.0026,0.0017,0.0011,0.0007,0.0003,0.0001,0.0,0.0,0.0,0.0,0.0001,0.0004,0.0005,0.0006,0.0006,0.0005,0.0006,0.0012,0.0023,0.0035,0.0037,0.003,0.0021
0.1903,0.1897,0.1902,0.1864,0.1817,0.182,0.18,0.1842,0.1838,0.1793,0.1722,0.1662,0.1654,0.1654,0.163,0.1648,0.1674,0.1688,0.1666,0.1616,0.1534,0.1483,0.1464,0.1446,0.1417,0.1438,0.1408,0.1381,0.133,0.1274,0.1249,0.1247,0.1218,0.1197,0.1197,0.1165,0.1091,0.1036,0.1029,0.1005,0.0966,0.0928,0.0851,0.0769,0.073,0.0651,0.0601,0.059,0.0553,0.0521,0.0499,0.046,0.0418,0.0377,0.0351,0.0317,0.0311,0.0315,0.0312,0.0304,0.0305,0.0303,0.0295,0.028,0.0282,0.0293,0.0277,0.0274,0.028,0.0298,0.0294,0.0291,0.0293,0.0296,0.0297,0.0301,0.031,0.0323,0.0334,0.0327,0.0324,0.0326,0.0333,0.0345,0.0363,0.0353,0.0325,0.029,0.03,0.0304
0.1697,0.1686,0.1663,0.1605,0.1513,0.1501,0.1511,0.1518,0.153,0.1532,0.152,0.1473,0.1383,0.1401,0.1457,0.1483,0.1494,0.1477,0.1506,0.1507,0.1462,0.14,0.1307,0.1248,0.1207,0.1259,0.1319,0.132,0.1328,0.1315,0.1288,0.1246,0.121,0.1187,0.118,0.1169,0.1153,0.1153,0.1136,0.1093,0.1065,0.1036,0.0997,0.1005,0.0985,0.0941,0.0902,0.0873,0.0833,0.0823,0.0859,0.0886,0.0887,0.087,0.084,0.0841,0.0806,0.0783,0.074,0.0677,0.0616,0.0564,0.0533,0.0528,0.0507,0.0489,0.0507,0.0484,0.0445,0.0436,0.0436,0.0436,0.0423,0.0413,0.0417,0.0405,0.0405,0.0414,0.0398,0.039,0.0371,0.0361,0.0357,0.0336,0.0295,0.0258,0.026,0.0277,0.0295,0.0304
0.191,0.1907,0.1855,0.1845,0.1787,0.1739,0.1716,0.17,0.1664,0.1641,0.1628,0.1612,0.1596,0.1593,0.1572,0.1534,0.1531,0.1542,0.1534,0.1538,0.1502,0.1496,0.1481,0.1416,0.1356,0.1347,0.1295,0.1255,0.1231,0.1211,0.12,0.1181,0.1155,0.1143,0.1123,0.1063,0.1011,0.0945,0.0912,0.0861,0.084,0.0844,0.0799,0.0764,0.0748,0.0703,0.0657,0.062,0.0566,0.0515,0.0471,0.0469,0.0412,0.0358,0.0313,0.0297,0.0287,0.0266,0.0252,0.023,0.0206,0.0192,0.0194,0.0201,0.0195,0.0188,0.0194,0.0188,0.0183,0.0188,0.0254,0.0292,0.0296,0.031,0.0299,0.0265,0.0249,0.024,0.023,0.0221,0.0219,0.0214,0.0204,0.0207,0.0265,0.0296,0.032,0.0336,0.0334,0.0332
0.137,0.135,0.1422,0.148,0.1522,0.151,0.1433,0.1356,0.129,0.1255,0.1264,0.1284,0.1314,0.1343,0.1315,0.1222,0.117,0.1167,0.1181,0.121,0.1215,0.121,0.1239,0.1271,0.1283,0.1287,0.1212,0.1157,0.1123,0.1089,0.1064,0.1042,0.1021,0.1007,0.0972,0.0953,0.0898,0.0841,0.0784,0.0771,0.0746,0.0731,0.0684,0.0681,0.0643,0.0621,0.0613,0.0599,0.0576,0.0554,0.0579,0.0576,0.0593,0.059,0.0579,0.056,0.0539,0.0535,0.0534,0.051,0.0487,0.0476,0.046,0.0446,0.0444,0.0452,0.0439,0.0378,0.0351,0.0314,0.0269,0.0238,0.0222,0.0232,0.0245,0.024,0.024,0.0234,0.0217,0.0212,0.0217,0.0219,0.021,0.0221,0.0192,0.0167,0.0159,0.0152,0.0137,0.0121
0.0554,0.0516,0.0513,0.0507,0.0485,0.0468,0.0469,0.0473,0.0464,0.0469,0.0508,0.0514,0.051,0.05,0.0499,0.0484,0.0487,0.0489,0.0498,0.0504,0.0511,0.0513,0.052,0.0507,0.0498,0.0484,0.0469,0.0465,0.0457,0.0437,0.0423,0.0411,0.041,0.0399,0.0368,0.0371,0.0368,0.0353,0.0356,0.0356,0.0354,0.0357,0.0365,0.0401,0.0415,0.0403,0.038,0.0367,0.0352,0.036,0.0367,0.0362,0.0365,0.0359,0.0356,0.0345,0.0339,0.0319,0.0308,0.0293,0.0278,0.0282,0.0295,0.0306,0.0304,0.0308,0.0292,0.0292,0.0301,0.0321,0.0331,0.033,0.0331,0.0337,0.0342,0.0349,0.038,0.0386,0.0379,0.0367,0.0358,0.0342,0.0353,0.0351,0.0339,0.0357,0.0351,0.0351,0.0367,0.0371
0.4408,0.4339,0.4266,0.4167,0.416,0.416,0.4174,0.4229,0.4293,0.4342,0.4376,0.435,0.4305,0.4308,0.4368,0.4378,0.4379,0.4445,0.4538,0.4603,0.4609,0.4567,0.4547,0.4524,0.4485,0.4455,0.4439,0.4373,0.432,0.4201,0.4115,0.4048,0.4018,0.3982,0.389,0.3784,0.3685,0.3574,0.3448,0.3371,0.3311,0.3225,0.3132,0.3086,0.3066,0.3076,0.3026,0.2943,0.2871,0.284,0.2905,0.2917,0.2926,0.293,0.2907,0.2893,0.2894,0.29,0.2888,0.288,0.2882,0.2857,0.2852,0.2867,0.2888,0.289,0.2873,0.2881,0.2907,0.2901,0.2821,0.2744,0.2684,0.2619,0.257,0.2548,0.2542,0.2484,0.2434,0.2462,0.2451,0.2472,0.252,0.2546,0.2545,0.2559,0.2457,0.2442,0.2461,0.253
0.5137,0.511,0.5032,0.4981,0.4991,0.5015,0.4959,0.4854,0.4803,0.4756,0.4736,0.4715,0.4678,0.4662,0.4629,0.4584,0.4537,0.4455,0.437,0.4299,0.4246,0.4216,0.4142,0.4093,0.4059,0.3995,0.3908,0.3829,0.3763,0.3758,0.3756,0.3714,0.3622,0.3518,0.3461,0.3438,0.3371,0.3269,0.315,0.3008,0.293,0.2804,0.2737,0.2647,0.2508,0.2357,0.2278,0.2236,0.2192,0.2147,0.2083,0.2044,0.1973,0.1915,0.1859,0.1813,0.179,0.1765,0.1717,0.1635,0.1528,0.1435,0.1336,0.1227,0.1126,0.1038,0.0947,0.0834,0.0701,0.0576,0.0486,0.0423,0.0383,0.0346,0.0297,0.025,0.021,0.0176,0.0142,0.0136,0.0153,0.0179,0.0215,0.0252,0.0259,0.0229,0.0183,0.0162,0.0152,0.019
0.5259,0.5214,0.5132,0.5069,0.5005,0.4949,0.4884,0.4787,0.4704,0.4646,0.458,0.4526,0.4468,0.4334,0.4198,0.4082,0.3948,0.3797,0.3662,0.3516,0.3384,0.3245,0.3104,0.2978,0.2887,0.2762,0.2599,0.2456,0.232,0.2212,0.2104,0.2,0.1901,0.1822,0.1757,0.1681,0.1591,0.1527,0.1462,0.1389,0.1325,0.125,0.1124,0.104,0.0968,0.0899,0.0863,0.0852,0.0835,0.0817,0.078,0.0726,0.0632,0.0551,0.0493,0.0426,0.0366,0.033,0.029,0.0234,0.0175,0.0116,0.0076,0.0053,0.0037,0.0029,0.0019,0.0011,0.0003,0.0,0.0,0.0,0.0,0.0,0.0,0.0,0.0,0.0,0.0,0.0,0.0,0.0,0.0,0.0,0.0,0.0,0.0,0.0,0.0,0.0
0.5364,0.5301,0.5235,0.514,0.5008,0.4857,0.4745,0.4599,0.4422,0.4296,0.4152,0.4006,0.3878,0.3754,0.3567,0.3347,0.3078,0.2839,0.2626,0.241,0.2205,0.2061,0.1957,0.1862,0.1757,0.1635,0.1551,0.1448,0.1325,0.1213,0.1113,0.1043,0.097,0.0897,0.0829,0.076,0.0693,0.0661,0.0668,0.0631,0.057,0.0514,0.0468,0.0396,0.0348,0.031,0.0251,0.0215,0.0196,0.0183,0.016,0.0117,0.0094,0.0111,0.0076,0.0065,0.006,0.0064,0.0063,0.0056,0.0048,0.0034,0.0021,0.0011,0.0002,0.0,0.0,0.0,0.0,0.0,0.0,0.0,0.0,0.0,0.0,0.0,0.0,0.0,0.0,0.0,0.0,0.0,0.0,0.0,0.0,0.0,0.0,0.0,0.0,0.0
0.3442,0.3409,0.3351,0.3296,0.3183,0.306,0.2932,0.2824,0.2728,0.2665,0.2584,0.2489,0.2373,0.2231,0.209,0.195,0.1828,0.172,0.1613,0.1526,0.1446,0.137,0.1259,0.1141,0.1047,0.0973,0.0902,0.0853,0.0795,0.0748,0.0712,0.0653,0.0586,0.0559,0.0536,0.0499,0.0479,0.0476,0.0472,0.0448,0.0431,0.0403,0.0384,0.0358,0.0337,0.0309,0.0276,0.0265,0.0253,0.0241,0.0222,0.0167,0.0121,0.0108,0.0094,0.0064,0.0036,0.001,0.0,0.0,0.0,0.0,0.0,0.0,0.0,0.0,0.0,0.0,0.0,0.0,0.0,0.0,0.0,0.0,0.0001,0.0004,0.0005,0.0001,0.0,0.0001,0.0002,0.0001,0.0,0.0,0.0,0.001,0.0032,0.0044,0.0041,0.0043
0.3988,0.3966,0.3938,0.3884,0.3794,0.3693,0.3556,0.3414,0.3288,0.3149,0.2916,0.2769,0.2705,0.2608,0.2562,0.249,0.2381,0.23,0.216,0.2006,0.1869,0.1721,0.1585,0.1483,0.1323,0.1175,0.1058,0.0977,0.0903,0.0821,0.0739,0.0687,0.0626,0.055,0.049,0.0423,0.036,0.0305,0.026,0.0234,0.0201,0.0179,0.0182,0.0179,0.0179,0.0154,0.0126,0.0108,0.0124,0.0143,0.0139,0.0094,0.0069,0.005,0.0042,0.0042,0.0028,0.0012,0.0004,0.0001,0.0,0.0003,0.0011,0.0017,0.0029,0.0038,0.0054,0.0053,0.0038,0.0022,0.001,0.0037,0.0084,0.0108,0.0118,0.0115,0.0118,0.0103,0.0093,0.0088,0.0066,0.0059,0.0058,0.0064,0.0082,0.0092,0.0083,0.0075,0.0097,0.0099
