0.3209,0.3046,0.2926,0.2859,0.2787,0.2652,0.2535,0.2426,0.228,0.2135,0.2036,0.1938,0.1862,0.1818,0.1704,0.1597,0.1506,0.1425,0.1369,0.1324,0.1294,0.1282,0.1244,0.1163,0.1108,0.1034,0.1013,0.0933,0.0814,0.0733,0.064,0.0533,0.0545,0.06,0.0631,0.065,0.0631,0.0615,0.0613,0.0611,0.0591,0.0563,0.0532,0.0503,0.0475,0.0446,0.0423,0.041,0.0402,0.039,0.0374,0.0355,0.0341,0.0325,0.0299,0.0289,0.028,0.0274,0.0271,0.0271,0.0263,0.0259,0.0257,0.0247,0.0254,0.031,0.0323,0.0293,0.0267,0.0245,0.0228,0.023,0.0249,0.0265,0.0243,0.0231,0.0189,0.0214,0.0245,0.0268,0.0277,0.0268,0.0251,0.0237,0.0236,0.0246,0.026,0.027,0.0276,0.0282
0.4157,0.4033,0.3956,0.3873,0.376,0.3626,0.3446,0.3256,0.3099,0.2989,0.2875,0.2807,0.2682,0.2564,0.2415,0.2275,0.2188,0.2067,0.1924,0.1779,0.1628,0.1493,0.1402,0.1283,0.1153,0.1061,0.1014,0.0948,0.0876,0.0835,0.0787,0.0758,0.0734,0.0722,0.0718,0.0721,0.072,0.0707,0.0688,0.0678,0.0682,0.0695,0.0682,0.068,0.0682,0.0661,0.06,0.0565,0.0548,0.0585,0.0595,0.0596,0.0592,0.0572,0.0555,0.0551,0.0532,0.0534,0.0518,0.0507,0.0493,0.0483,0.0467,0.0433,0.0363,0.0336,0.0327,0.038,0.0427,0.0443,0.0432,0.0394,0.0395,0.0399,0.0385,0.0394,0.0368,0.0372,0.0362,0.0377,0.0397,0.0397,0.0406,0.0415,0.0414,0.0416,0.0408,0.0405,0.0406,0.0411
0.4672,0.4573,0.4501,0.4485,0.4424,0.4338,0.4257,0.4176,0.4113,0.401,0.3912,0.3781,0.3673,0.3571,0.343,0.3292,0.3316,0.3296,0.3176,0.3042,0.2897,0.2723,0.2567,0.2406,0.2221,0.204,0.1865,0.1709,0.157,0.1434,0.1303,0.1194,0.1118,0.1076,0.1055,0.1031,0.1004,0.0977,0.0965,0.0933,0.0908,0.0889,0.0859,0.0819,0.0796,0.0763,0.0736,0.072,0.0725,0.0732,0.0729,0.0724,0.0715,0.0708,0.0697,0.0691,0.069,0.0673,0.0647,0.0631,0.0614,0.0581,0.0551,0.0505,0.0458,0.0432,0.0408,0.04,0.0414,0.0435,0.0433,0.0417,0.0407,0.0428,0.0415,0.0401,0.0388,0.0378,0.0387,0.0378,0.0376,0.0361,0.0354,0.0371,0.0376,0.0358,0.0334,0.0328,0.0337,0.0327
0.3632,0.3566,0.3514,0.3451,0.3368,0.329,0.3238,0.3203,0.3175,0.3114,0.3024,0.2916,0.2833,0.2799,0.2767,0.2712,0.2595,0.2464,0.2363,0.2266,0.2214,0.2181,0.2133,0.2072,0.2032,0.2002,0.1941,0.1818,0.1736,0.1681,0.1625,0.1564,0.149,0.1476,0.1448,0.1431,0.1398,0.1333,0.1324,0.1322,0.1314,0.1297,0.1282,0.126,0.1242,0.1215,0.1163,0.1088,0.1093,0.1107,0.1055,0.1026,0.0999,0.0993,0.0968,0.0921,0.0873,0.0845,0.0818,0.0812,0.0805,0.0763,0.0753,0.0729,0.0699,0.0668,0.0607,0.0566,0.052,0.05,0.0484,0.0466,0.0452,0.0424,0.0391,0.0375,0.0361,0.0333,0.0297,0.031,0.0298,0.0272,0.0252,0.0234,0.0228,0.0237,0.0241,0.0222,0.0217,0.0216
0.2453,0.2394,0.23,0.2212,0.2155,0.2134,0.2126,0.2121,0.2115,0.2087,0.206,0.2,0.1928,0.186,0.1799,0.1756,0.1708,0.1626,0.1559,0.1521,0.1495,0.146,0.1417,0.1352,0.1293,0.1254,0.1226,0.1218,0.12,0.119,0.1175,0.1155,0.1107,0.104,0.1014,0.0987,0.0939,0.0897,0.0826,0.0844,0.0837,0.0794,0.075,0.0698,0.0652,0.0599,0.0551,0.0508,0.0492,0.0436,0.0339,0.0267,0.0229,0.0191,0.0154,0.0129,0.0091,0.0062,0.0045,0.0023,0.0005,0.0004,0.0003,0.0,0.0,0.0,0.0,0.0,0.0,0.0,0.0,0.0,0.0,0.0,0.0,0.0,0.0,0.0,0.0,0.0,0.0,0.0,0.0,0.0,0.0,0.0,0.0,0.0,0.0,0.0
0.173,0.17,0.165,0.1584,0.1493,0.1418,0.136,0.1327,0.1375,0.1386,0.136,0.1312,0.1243,0.1167,0.1135,0.1093,0.1026,0.0954,0.0921,0.0894,0.0863,0.0809,0.0774,0.0734,0.0701,0.0628,0.0583,0.0528,0.0464,0.0388,0.0318,0.0296,0.0254,0.0171,0.0115,0.0095,0.0082,0.0078,0.0075,0.0043,0.0042,0.0028,0.0021,0.0007,0.0,0.0,0.0,0.0,0.0,0.0,0.0,0.0,0.0,0.0,0.0,0.0,0.0,0.0,0.0,0.0,0.0,0.0,0.0,0.0,0.0,0.0,0.0,0.0,0.0,0.0,0.0,0.0,0.0,0.0,0.0,0.0,0.0,0.0,0.0,0.0,0.0,0.0,0.0,0.0,0.0,0.0,0.0,0.0,0.0,0.0
0.1296,0.1245,0.1193,0.1146,0.1102,0.1053,0.1008,0.095,0.0957,0.094,0.0879,0.0795,0.0773,0.0762,0.07,0.0658,0.0621,0.0639,0.0601,0.0537,0.0521,0.0503,0.0468,0.0432,0.0415,0.0402,0.0369,0.0328,0.0295,0.0256,0.0226,0.0184,0.0127,0.0077,0.0038,0.0022,0.0017,0.001,0.0006,0.0008,0.0003,0.0001,0.0,0.0,0.0,0.0,0.0,0.0,0.0,0.0,0.0,0.0,0.0,0.0,0.0,0.0,0.0,0.0,0.0,0.0,0.0,0.0,0.0,0.0,0.0,0.0,0.0,0.0,0.0,0.0,0.0,0.0,0.0,0.0,0.0,0.0,0.0,0.0,0.0,0.0,0.0,0.0,0.0,0.0,0.0,0.0,0.0,0.0,0.0,0.0
0.1468,0.1386,0.1316,0.1263,0.1211,0.1154,0.111,0.1074,0.1048,0.098,0.0939,0.0904,0.0841,0.0783,0.0726,0.0666,0.0596,0.0533,0.0477,0.0425,0.0358,0.0297,0.0264,0.0223,0.0181,0.0149,0.0118,0.0083,0.0048,0.0026,0.001,0.0,0.0,0.0,0.0,0.0,0.0,0.0,0.0,0.0,0.0,0.0,0.0,0.0,0.0,0.0,0.0,0.0,0.0,0.0,0.0,0.0,0.0,0.0,0.0,0.0,0.0,0.0,0.0,0.0,0.0,0.0,0.0,0.0,0.0,0.0,0.0,0.0,0.0,0.0,0.0,0.0,0.0,0.0,0.0,0.0,0.0,0.0,0.0,0.0,0.0,0.0,0.0,0.0,0.0,0.0,0.0,0.0,0.0,0.0
0.1042,0.0985,0.0942,0.0906,0.0857,0.0818,0.0764,0.0717,0.0672,0.0608,0.0551,0.0502,0.0434,0.042,0.039,0.0344,0.0294,0.024,0.0204,0.0184,0.0157,0.011,0.0076,0.0057,0.004,0.0019,0.0005,0.0001,0.0,0.0,0.0,0.0,0.0,0.0,0.0,0.0,0.0,0.0,0.0,0.0,0.0,0.0,0.0,0.0,0.0,0.0,0.0,0.0,0.0,0.0,0.0,0.0,0.0,0.0,0.0,0.0,0.0,0.0,0.0,0.0,0.0,0.0,0.0,0.0,0.0,0.0,0.0,0.0,0.0,0.0,0.0,0.0,0.0,0.0,0.0,0.0,0.0,0.0,0.0,0.0,0.0,0.0,0.0,0.0,0.0,0.0,0.0,0.0,0.0,0.0
0.1212,0.1167,0.1135,0.1109,0.107,0.1042,0.1013,0.0968,0.0918,0.0855,0.0807,0.0757,0.0717,0.0681,0.0688,0.0658,0.0617,0.0573,0.0534,0.0503,0.0438,0.0379,0.0321,0.024,0.0181,0.0127,0.0098,0.0092,0.0088,0.0091,0.0099,0.0096,0.0097,0.0133,0.0168,0.0199,0.0201,0.0226,0.0243,0.0235,0.0229,0.022,0.022,0.0207,0.0185,0.0146,0.0139,0.0157,0.0088,0.0066,0.0037,0.0041,0.0036,0.0032,0.003,0.0034,0.0042,0.0035,0.0032,0.0031,0.0019,0.0015,0.0015,0.0011,0.0005,0.0,0.0,0.0003,0.0002,0.0006,0.0014,0.0019,0.0016,0.0012,0.0014,0.0016,0.0011,0.0008,0.0008,0.0001,0.0001,0.0005,0.0043,0.0041,0.0028,0.0034,0.0022,0.0001,0.0,0.0
0.1381,0.1366,0.1359,0.1347,0.1336,0.132,0.1292,0.1287,0.1284,0.13,0.1234,0.1174,0.1157,0.1158,0.1133,0.1104,0.1064,0.1046,0.1029,0.0963,0.0929,0.0876,0.0816,0.0786,0.0821,0.0843,0.0825,0.0711,0.0643,0.0611,0.057,0.0564,0.0528,0.0465,0.0429,0.0411,0.0392,0.0376,0.0357,0.0323,0.0317,0.0294,0.0267,0.0235,0.0211,0.0192,0.0165,0.0148,0.0157,0.0181,0.0164,0.0149,0.0154,0.0156,0.015,0.0155,0.0157,0.0171,0.0183,0.0175,0.0182,0.0165,0.0135,0.0132,0.0127,0.0105,0.0099,0.0108,0.0113,0.011,0.0125,0.011,0.0093,0.007,0.0061,0.0035,0.0008,0.0002,0.0001,0.0001,0.0,0.0,0.0,0.0,0.0,0.0,0.0,0.0,0.0,0.0
0.0872,0.0868,0.0869,0.0854,0.0843,0.0856,0.0849,0.0831,0.0816,0.0789,0.0738,0.0701,0.0718,0.0745,0.0735,0.0679,0.0652,0.0644,0.0644,0.0616,0.0582,0.0542,0.0522,0.0579,0.0621,0.06,0.0601,0.0588,0.0563,0.0557,0.0563,0.0567,0.0546,0.0529,0.0516,0.0516,0.049,0.048,0.0477,0.0475,0.0459,0.0443,0.0426,0.0407,0.0387,0.0369,0.0338,0.0318,0.0315,0.0277,0.0281,0.0273,0.0272,0.0273,0.0271,0.0248,0.0219,0.0182,0.0137,0.0133,0.0108,0.0061,0.0055,0.0038,0.001,0.0008,0.0,0.0,0.0,0.0,0.0,0.0,0.0,0.0,0.0,0.0,0.0,0.0,0.0,0.0,0.0,0.0,0.0,0.0,0.0,0.0,0.0,0.0,0.0,0.0
0.0803,0.0788,0.08,0.0801,0.0777,0.0725,0.073,0.0727,0.0725,0.0712,0.072,0.0722,0.0705,0.0683,0.0675,0.0672,0.0669,0.0652,0.0629,0.06,0.0582,0.0552,0.0532,0.0572,0.0552,0.0504,0.0458,0.0433,0.0428,0.0409,0.0392,0.0347,0.0306,0.0301,0.0305,0.0256,0.0167,0.0153,0.0157,0.0155,0.015,0.0146,0.0149,0.0141,0.0127,0.0115,0.0089,0.0066,0.0058,0.0061,0.0062,0.0059,0.0055,0.0048,0.0045,0.0028,0.0013,0.0008,0.0001,0.0,0.0,0.0,0.0,0.0,0.0,0.0,0.0,0.0,0.0,0.0,0.0,0.0,0.0,0.0,0.0,0.0,0.0,0.0,0.0,0.0,0.0,0.0,0.0,0.0,0.0,0.0,0.0,0.0,0.0,0.0
0.0595,0.058,0.0628,0.0633,0.0583,0.0532,0.0504,0.0495,0.0501,0.0493,0.0472,0.0439,0.0385,0.0329,0.0298,0.032,0.029,0.029,0.0278,0.0217,0.0261,0.0295,0.0252,0.0216,0.0187,0.0155,0.0109,0.0089,0.01,0.0106,0.0083,0.0031,0.0008,0.0006,0.0023,0.0012,0.0,0.0,0.0,0.0,0.0,0.0,0.0,0.0,0.0,0.0,0.0,0.0,0.0,0.0,0.0,0.0,0.0,0.0,0.0,0.0,0.0,0.0,0.0,0.0,0.0,0.0,0.0,0.0,0.0,0.0,0.0,0.0,0.0,0.0,0.0,0.0,0.0,0.0,0.0,0.0,0.0,0.0,0.0,0.0,0.0,0.0,0.0,0.0,0.0,0.0,0.0,0.0,0.0,0.0
0.0536,0.0494,0.0471,0.0457,0.0423,0.0412,0.0376,0.0334,0.029,0.0256,0.0225,0.019,0.0154,0.0131,0.0112,0.0101,0.0103,0.0124,0.0114,0.0101,0.012,0.0132,0.0119,0.0108,0.0114,0.0087,0.0063,0.0055,0.0047,0.0048,0.0042,0.0039,0.0043,0.0046,0.0028,0.0019,0.0018,0.0016,0.0011,0.0011,0.001,0.0021,0.0049,0.0066,0.0068,0.0061,0.0039,0.0009,0.0001,0.0,0.0,0.0,0.0,0.0,0.0,0.0,0.0,0.0,0.0,0.0,0.0,0.0,0.0,0.0,0.0,0.0,0.0,0.0,0.0,0.0,0.0,0.0,0.0,0.0,0.0,0.0,0.0,0.0,0.0,0.0,0.0,0.0,0.0,0.0,0.0,0.0,0.0,0.0,0.0,0.0
0.1336,0.1284,0.1232,0.1184,0.1156,0.11,0.108,0.1049,0.1031,0.1008,0.0972,0.0941,0.0892,0.0857,0.0822,0.0786,0.0789,0.0826,0.0843,0.0821,0.079,0.0814,0.0823,0.0796,0.0756,0.0688,0.06,0.0541,0.0538,0.0528,0.0503,0.0484,0.0448,0.0453,0.0415,0.0347,0.0328,0.0276,0.022,0.0188,0.0185,0.015,0.0132,0.0104,0.0098,0.0074,0.0086,0.0059,0.006,0.008,0.0086,0.0082,0.006,0.0054,0.0047,0.004,0.0055,0.0042,0.0033,0.0025,0.0015,0.0011,0.0006,0.0001,0.0,0.0,0.0,0.0,0.0,0.0,0.0,0.0,0.0,0.0,0.0,0.0,0.0,0.0,0.0,0.0,0.0,0.0,0.0,0.0,0.0,0.0,0.0,0.0,0.0,0.0
0.2805,0.2728,0.2579,0.2485,0.2463,0.2378,0.2272,0.2211,0.2109,0.2007,0.1911,0.1863,0.1862,0.1822,0.1789,0.1742,0.1662,0.1579,0.1562,0.1495,0.1435,0.1526,0.1526,0.1406,0.1371,0.1324,0.1224,0.1134,0.1088,0.1057,0.0961,0.0922,0.0899,0.0877,0.0856,0.0799,0.075,0.0702,0.0654,0.0614,0.0603,0.0569,0.0533,0.0488,0.0444,0.0376,0.0306,0.0234,0.0185,0.0136,0.0114,0.009,0.0048,0.002,0.0011,0.0008,0.0006,0.0005,0.0005,0.0005,0.0003,0.0002,0.0002,0.0001,0.0,0.0,0.0,0.0,0.0,0.0,0.0,0.0,0.0,0.0,0.0,0.0,0.0,0.0,0.0,0.0,0.0,0.0,0.0,0.0,0.0,0.0,0.0,0.0,0.0,0.0
0.3573,0.351,0.343,0.3331,0.3269,0.3227,0.3153,0.3083,0.3018,0.2964,0.2882,0.2808,0.277,0.2662,0.2595,0.2545,0.2462,0.2276,0.2092,0.2138,0.2065,0.1912,0.1815,0.1753,0.1676,0.1623,0.1557,0.1482,0.1432,0.1382,0.1252,0.119,0.1153,0.1096,0.101,0.0902,0.083,0.0747,0.0704,0.0674,0.0638,0.0583,0.0516,0.0464,0.0414,0.0376,0.0331,0.0283,0.024,0.0196,0.0142,0.0101,0.0072,0.0057,0.0046,0.0039,0.0033,0.0033,0.0021,0.0013,0.0009,0.0006,0.0001,0.0,0.0,0.0,0.0,0.0,0.0,0.0,0.0,0.0,0.0,0.0,0.0,0.0,0.0,0.0,0.0,0.0,0.0,0.0,0.0,0.0,0.0,0.0,0.0,0.0,0.0007,0.0014
0.3765,0.3714,0.3638,0.3629,0.3463,0.3408,0.3345,0.3278,0.3217,0.3127,0.3037,0.2915,0.2895,0.2898,0.2851,0.281,0.2778,0.2654,0.2546,0.2587,0.2545,0.2456,0.2411,0.2373,0.2291,0.2194,0.2097,0.1967,0.1841,0.1729,0.1552,0.131,0.1132,0.1003,0.0905,0.0764,0.0685,0.0599,0.0499,0.042,0.037,0.037,0.0353,0.0326,0.0307,0.027,0.0237,0.0232,0.0212,0.0182,0.0155,0.015,0.0114,0.0093,0.0073,0.006,0.0072,0.0077,0.0069,0.0064,0.0062,0.0052,0.0044,0.0047,0.0051,0.0048,0.0034,0.0039,0.0032,0.0022,0.0015,0.001,0.0006,0.0006,0.0007,0.0002,0.0001,0.0001,0.0001,0.0003,0.0002,0.0001,0.0004,0.0008,0.0011,0.0009,0.0004,0.0002,0.0006,0.0003
0.4244,0.4237,0.4191,0.419,0.4108,0.407,0.403,0.3964,0.3928,0.389,0.3849,0.3794,0.3765,0.3663,0.3555,0.3491,0.3431,0.338,0.3296,0.3232,0.3204,0.3175,0.3136,0.3094,0.3094,0.3048,0.3,0.2957,0.29,0.2833,0.2766,0.2633,0.2515,0.2465,0.2354,0.22,0.2073,0.1925,0.1753,0.1608,0.1509,0.1442,0.1364,0.1314,0.1303,0.1313,0.1206,0.115,0.1113,0.1054,0.0997,0.0956,0.0888,0.082,0.0772,0.0729,0.0697,0.0665,0.0651,0.063,0.0573,0.0564,0.0567,0.0537,0.0484,0.0472,0.0473,0.0447,0.0429,0.0412,0.0382,0.0359,0.0339,0.0338,0.033,0.0306,0.0283,0.0262,0.0264,0.0251,0.0232,0.0209,0.0202,0.0207,0.022,0.022,0.0205,0.0166,0.0193,0.018
0.3134,0.3134,0.3152,0.3164,0.319,0.3165,0.3162,0.3153,0.318,0.3196,0.3209,0.3202,0.3174,0.3175,0.3155,0.3131,0.3126,0.3132,0.3098,0.3046,0.3028,0.3,0.2955,0.2902,0.2871,0.2852,0.2844,0.2817,0.2813,0.2799,0.2792,0.2751,0.2693,0.2611,0.2553,0.2528,0.2466,0.244,0.2407,0.2315,0.2248,0.2147,0.2054,0.1986,0.1932,0.1878,0.187,0.1775,0.1702,0.1634,0.1554,0.1488,0.1427,0.1361,0.1273,0.1193,0.1111,0.1019,0.0931,0.0884,0.0795,0.0706,0.063,0.0555,0.0466,0.0427,0.0399,0.0331,0.025,0.022,0.0208,0.0205,0.0201,0.0175,0.0142,0.0132,0.0136,0.0125,0.0112,0.0092,0.0087,0.0079,0.0076,0.0076,0.0077,0.0077,0.008,0.0079,0.0066,0.0043
0.3822,0.3773,0.3737,0.3718,0.3715,0.3633,0.3541,0.3448,0.3421,0.3438,0.3425,0.3378,0.3326,0.3264,0.3161,0.3067,0.3038,0.3008,0.2967,0.2904,0.2805,0.2703,0.2632,0.258,0.2515,0.2476,0.2409,0.236,0.2311,0.2225,0.216,0.2111,0.2006,0.1916,0.1846,0.1735,0.1643,0.1586,0.1504,0.1368,0.1268,0.115,0.1054,0.0972,0.0908,0.0858,0.0832,0.0759,0.0673,0.0613,0.0563,0.0522,0.0546,0.0531,0.0485,0.0418,0.0359,0.0322,0.0289,0.0236,0.0199,0.017,0.012,0.0101,0.0081,0.0056,0.0037,0.0014,0.0005,0.0,0.0,0.0,0.0,0.0,0.0,0.0,0.0,0.0,0.0,0.0,0.0,0.0,0.0,0.0,0.0,0.0,0.0,0.0,0.0,0.0
0.4431,0.4391,0.4369,0.4339,0.4327,0.4327,0.4244,0.4184,0.4134,0.4094,0.4055,0.4014,0.396,0.3915,0.386,0.3759,0.3657,0.3633,0.3612,0.3531,0.3438,0.3383,0.3328,0.3247,0.318,0.3101,0.3001,0.2906,0.2783,0.2684,0.2613,0.2576,0.2476,0.2376,0.2298,0.2218,0.2112,0.1982,0.1848,0.1673,0.1547,0.1438,0.1325,0.1209,0.1088,0.0986,0.0895,0.0812,0.0754,0.0676,0.0597,0.051,0.0402,0.0278,0.0175,0.0115,0.0082,0.0056,0.0051,0.0059,0.0068,0.0069,0.0057,0.0051,0.0044,0.0037,0.0049,0.006,0.0059,0.0056,0.005,0.0041,0.0036,0.0044,0.0053,0.005,0.0045,0.0041,0.0041,0.004,0.0039,0.004,0.004,0.0037,0.0032,0.0029,0.0029,0.0032,0.0031,0.0027
0.35,0.3524,0.3465,0.3367,0.3343,0.3425,0.3419,0.3376,0.3371,0.3325,0.3316,0.3285,0.3269,0.3278,0.3277,0.3284,0.3255,0.3143,0.3068,0.3051,0.3035,0.2967,0.291,0.2843,0.2768,0.2687,0.2623,0.2507,0.237,0.2282,0.2234,0.222,0.2204,0.2125,0.2037,0.1978,0.1893,0.181,0.1768,0.1691,0.1578,0.1438,0.128,0.1154,0.1054,0.096,0.0869,0.0788,0.0703,0.0644,0.0611,0.0589,0.0589,0.0567,0.0518,0.0487,0.0463,0.0421,0.0365,0.0327,0.0302,0.0275,0.0252,0.023,0.0227,0.023,0.0202,0.0181,0.0176,0.0151,0.013,0.0108,0.0092,0.0084,0.0077,0.0067,0.0057,0.0052,0.0042,0.0031,0.0024,0.0024,0.002,0.0024,0.0019,0.0013,0.0007,0.0002,0.0002,0.0001
0.2516,0.2498,0.247,0.2402,0.2359,0.2376,0.2355,0.2345,0.2312,0.2243,0.2207,0.2156,0.2111,0.2063,0.2033,0.2022,0.1999,0.1963,0.1901,0.1878,0.1899,0.1876,0.1805,0.1777,0.1737,0.1672,0.1612,0.1549,0.1511,0.1463,0.1389,0.1344,0.1306,0.1238,0.1125,0.1058,0.0984,0.0888,0.0819,0.0804,0.0708,0.0603,0.0503,0.043,0.0373,0.0328,0.0295,0.0258,0.023,0.0208,0.0194,0.0184,0.0184,0.0179,0.0169,0.0163,0.0158,0.015,0.012,0.0101,0.011,0.011,0.0101,0.0088,0.0084,0.0078,0.0083,0.0079,0.0075,0.0067,0.0054,0.0046,0.0048,0.0046,0.0045,0.0057,0.0059,0.0055,0.005,0.0044,0.0043,0.004,0.0028,0.0026,0.0019,0.0018,0.0015,0.0012,0.0014,0.003
0.19,0.1895,0.1896,0.1863,0.1828,0.1816,0.179,0.1792,0.1776,0.1737,0.1677,0.1631,0.159,0.1572,0.1595,0.1601,0.1553,0.151,0.1458,0.1421,0.1381,0.137,0.1361,0.1346,0.1345,0.1315,0.1238,0.1194,0.1128,0.1064,0.0996,0.0959,0.0935,0.0902,0.0878,0.0882,0.086,0.0818,0.0811,0.0774,0.0724,0.0676,0.0631,0.0596,0.0579,0.0564,0.0523,0.0487,0.045,0.0422,0.0405,0.0389,0.0373,0.0363,0.036,0.0363,0.0359,0.0335,0.0328,0.0338,0.0345,0.0363,0.0378,0.0392,0.0396,0.0374,0.0353,0.0341,0.0317,0.0302,0.0285,0.0246,0.024,0.0245,0.0257,0.0243,0.0211,0.0204,0.0212,0.0236,0.0236,0.0224,0.0218,0.0238,0.0227,0.0231,0.0233,0.0239,0.0239,0.0222
0.1696,0.1686,0.1673,0.1636,0.1581,0.1527,0.1429,0.1458,0.1496,0.1477,0.1439,0.1427,0.1409,0.1304,0.1247,0.1277,0.1321,0.1352,0.134,0.134,0.1322,0.1297,0.1261,0.1261,0.1247,0.1216,0.1187,0.1171,0.1157,0.1133,0.1107,0.1097,0.1086,0.1078,0.1068,0.1058,0.1055,0.1044,0.1025,0.1031,0.1046,0.1054,0.1057,0.1055,0.1047,0.1033,0.1004,0.099,0.0934,0.0932,0.0931,0.0947,0.0953,0.0981,0.1003,0.1009,0.1019,0.0988,0.0928,0.0887,0.0876,0.089,0.0888,0.0882,0.0885,0.0814,0.0758,0.0783,0.0752,0.0706,0.0685,0.0662,0.0649,0.064,0.0654,0.0692,0.0683,0.0696,0.071,0.0721,0.0728,0.0701,0.0648,0.0657,0.0673,0.0662,0.0647,0.0637,0.0599,0.0578
0.1906,0.1905,0.1867,0.1843,0.1801,0.1784,0.1775,0.1785,0.1804,0.1782,0.1773,0.1759,0.1751,0.1734,0.1688,0.1637,0.162,0.1616,0.1604,0.1597,0.158,0.1554,0.1542,0.1532,0.1567,0.1551,0.1527,0.1512,0.1506,0.15,0.1509,0.1509,0.1482,0.1455,0.1435,0.1407,0.1382,0.1373,0.1352,0.1336,0.1318,0.1289,0.1262,0.1229,0.1198,0.117,0.1125,0.1088,0.1063,0.106,0.107,0.1044,0.1014,0.0965,0.0893,0.0854,0.083,0.0795,0.0795,0.0809,0.0789,0.0737,0.0688,0.0636,0.0623,0.0642,0.0649,0.0626,0.0595,0.0568,0.0544,0.0508,0.0494,0.0466,0.045,0.0464,0.0478,0.0449,0.0443,0.043,0.0429,0.043,0.0428,0.041,0.0408,0.0395,0.0385,0.037,0.0358,0.0364
0.1372,0.1361,0.1425,0.1467,0.1496,0.1466,0.1474,0.1476,0.1393,0.1285,0.1283,0.1305,0.1287,0.131,0.1295,0.1228,0.1179,0.1143,0.1137,0.1132,0.1115,0.108,0.1051,0.1065,0.1068,0.1089,0.11,0.1091,0.1071,0.1059,0.103,0.0997,0.0952,0.0934,0.092,0.0906,0.0853,0.0771,0.0746,0.0738,0.0727,0.0699,0.0671,0.0653,0.0628,0.0585,0.0546,0.0521,0.0522,0.0519,0.0519,0.0497,0.0481,0.0411,0.0375,0.0352,0.0335,0.0343,0.0349,0.0338,0.033,0.0318,0.0302,0.0279,0.0277,0.0295,0.029,0.0292,0.0272,0.0251,0.0238,0.0202,0.0225,0.0166,0.0149,0.0177,0.0163,0.0125,0.0116,0.0115,0.0117,0.0118,0.0117,0.0126,0.0141,0.0147,0.0147,0.014,0.012,0.0101
0.0555,0.0515,0.0507,0.0501,0.0486,0.0442,0.0444,0.0474,0.044,0.039,0.038,0.0372,0.0349,0.0346,0.035,0.0356,0.0349,0.0326,0.0328,0.0328,0.0323,0.0327,0.0332,0.0334,0.0332,0.0368,0.0421,0.0417,0.0424,0.0425,0.041,0.0404,0.0405,0.0421,0.042,0.0417,0.0402,0.042,0.0432,0.0425,0.0413,0.0396,0.0383,0.0361,0.0347,0.0337,0.033,0.0327,0.034,0.0342,0.034,0.0342,0.0348,0.0342,0.0334,0.0323,0.0316,0.0312,0.0303,0.0289,0.0277,0.0267,0.0265,0.0265,0.0284,0.0304,0.0309,0.031,0.0306,0.027,0.0286,0.0283,0.0285,0.0286,0.0286,0.0287,0.0278,0.0265,0.0263,0.0266,0.0275,0.0281,0.0284,0.0291,0.0293,0.0287,0.0302,0.0309,0.0306,0.029
0.4408,0.434,0.4226,0.4122,0.4118,0.4077,0.3994,0.4011,0.3978,0.386,0.3756,0.3664,0.36,0.3487,0.3392,0.33,0.3284,0.3259,0.3206,0.318,0.3122,0.3044,0.3037,0.3053,0.3026,0.3016,0.3044,0.3101,0.3204,0.327,0.33,0.3309,0.3281,0.3267,0.3318,0.3359,0.332,0.3306,0.3295,0.3265,0.324,0.3234,0.3214,0.3203,0.3176,0.313,0.3072,0.3013,0.2962,0.2888,0.2817,0.2779,0.276,0.2706,0.2643,0.2603,0.2552,0.2469,0.2432,0.2412,0.2412,0.2404,0.2388,0.2365,0.237,0.2399,0.2396,0.2313,0.2278,0.2266,0.2267,0.2258,0.2236,0.2153,0.2061,0.1999,0.1978,0.1949,0.193,0.1914,0.1864,0.1869,0.1917,0.1895,0.185,0.1802,0.1891,0.1955,0.1928,0.1895
0.5135,0.5109,0.5016,0.4956,0.4996,0.4975,0.4916,0.4889,0.486,0.4818,0.4748,0.4715,0.4666,0.4638,0.4587,0.4558,0.451,0.447,0.4407,0.4328,0.4296,0.4217,0.4122,0.4068,0.4033,0.3969,0.386,0.376,0.3655,0.3569,0.3469,0.3359,0.3247,0.3135,0.2979,0.2822,0.2687,0.2552,0.2382,0.2214,0.2047,0.1849,0.1671,0.15,0.1327,0.1193,0.1053,0.0882,0.0743,0.0621,0.0492,0.0381,0.0296,0.0198,0.0127,0.0092,0.0076,0.0055,0.004,0.0028,0.0017,0.001,0.0017,0.0021,0.0015,0.0014,0.0007,0.0007,0.0016,0.0025,0.0013,0.0002,0.0,0.0,0.0,0.0,0.0,0.0,0.0,0.0,0.0,0.0,0.0,0.0,0.0,0.0,0.0,0.0,0.0001,0.0
0.5256,0.52,0.5109,0.5068,0.5029,0.4988,0.4926,0.4833,0.4801,0.4807,0.4738,0.4677,0.4632,0.4586,0.4521,0.4428,0.4302,0.4167,0.4035,0.3886,0.3763,0.3649,0.3454,0.3284,0.3127,0.2977,0.2831,0.266,0.2485,0.2272,0.2068,0.1897,0.1734,0.1582,0.1428,0.1272,0.1149,0.1043,0.0925,0.0818,0.0744,0.0641,0.0529,0.0449,0.0396,0.0365,0.0332,0.0288,0.0261,0.022,0.0148,0.0098,0.0068,0.0049,0.0035,0.0031,0.0039,0.0035,0.0029,0.0021,0.0008,0.0001,0.0,0.0,0.0,0.0,0.0,0.0,0.0,0.0,0.0,0.0,0.0,0.0,0.0,0.0,0.0,0.0,0.0,0.0,0.0,0.0,0.0,0.0,0.0,0.0,0.0,0.0,0.0,0.0
0.5361,0.53,0.5245,0.5129,0.5004,0.4914,0.4818,0.4648,0.4517,0.4409,0.4324,0.4164,0.4008,0.386,0.3741,0.3597,0.3412,0.3241,0.311,0.2989,0.2811,0.2671,0.2468,0.2243,0.2052,0.1896,0.1729,0.1579,0.1439,0.1253,0.1081,0.0947,0.0836,0.0745,0.0649,0.056,0.0485,0.0425,0.0383,0.0345,0.0289,0.0225,0.0174,0.013,0.0101,0.0098,0.0095,0.0092,0.0092,0.0117,0.0129,0.0128,0.0126,0.0112,0.0101,0.0102,0.0113,0.0118,0.0119,0.0109,0.0077,0.0056,0.0033,0.0025,0.0019,0.0011,0.001,0.0008,0.0008,0.0009,0.0004,0.0,0.0,0.0,0.0,0.0,0.0,0.0,0.0,0.0,0.0,0.0,0.0,0.0,0.0001,0.0002,0.0002,0.0005,0.0004,0.0005
0.3441,0.3408,0.3354,0.3287,0.3161,0.3039,0.2912,0.2786,0.2653,0.256,0.2471,0.2345,0.2198,0.205,0.1869,0.1712,0.1564,0.1392,0.1274,0.1189,0.11,0.1013,0.0979,0.0955,0.0894,0.083,0.0755,0.0693,0.069,0.0656,0.0594,0.0547,0.0498,0.0468,0.0462,0.0451,0.0451,0.0441,0.0412,0.0379,0.0358,0.0337,0.0312,0.029,0.0285,0.0268,0.0271,0.0273,0.0253,0.024,0.0234,0.0125,0.0075,0.0082,0.0084,0.0069,0.007,0.0076,0.0075,0.0069,0.0058,0.0041,0.0021,0.0002,0.0002,0.0003,0.0,0.0,0.0,0.0001,0.0004,0.0001,0.0,0.0003,0.0001,0.0001,0.0003,0.0009,0.0005,0.0001,0.0,0.0,0.0001,0.0001,0.0001,0.0003,0.0005,0.0006,0.0009,0.001
0.3988,0.3958,0.3919,0.3848,0.371,0.3573,0.347,0.3338,0.3175,0.3042,0.2954,0.2892,0.2822,0.2781,0.2746,0.2669,0.2556,0.2398,0.2279,0.2169,0.2012,0.1869,0.1748,0.157,0.1429,0.1289,0.1198,0.1028,0.0907,0.0831,0.0743,0.0663,0.0552,0.0403,0.0286,0.0218,0.0151,0.0107,0.0097,0.0093,0.0076,0.0067,0.0074,0.007,0.0043,0.0027,0.0023,0.0019,0.0029,0.003,0.0033,0.0031,0.0034,0.005,0.0045,0.006,0.0061,0.0072,0.0073,0.0072,0.0067,0.0054,0.0035,0.0021,0.0007,0.002,0.0038,0.0057,0.0088,0.0093,0.0128,0.0156,0.0164,0.0167,0.0171,0.0166,0.0151,0.0155,0.018,0.0183,0.0159,0.0151,0.017,0.017,0.0152,0.0144,0.0201,0.0226,0.0226,0.0237
