0.3029,0.2896,0.2771,0.2654,0.2526,0.2362,0.2254,0.2099,0.1922,0.1813,0.168,0.1568,0.1468,0.1359,0.1232,0.1132,0.1033,0.0947,0.0889,0.0854,0.0825,0.0774,0.0725,0.0673,0.0614,0.058,0.0551,0.0529,0.0494,0.0449,0.04,0.0376,0.0361,0.0346,0.0334,0.0328,0.0318,0.0317,0.0321,0.0307,0.0252,0.0269,0.0246,0.0169,0.0136,0.0139,0.0159,0.0138,0.0123,0.0121,0.0127,0.0125,0.012,0.0104,0.0091,0.0118,0.0138,0.0086,0.0057,0.0045,0.0064,0.0098,0.0125,0.0121,0.0099,0.0107,0.0111,0.0112,0.0115,0.0121,0.0119,0.012,0.013,0.0146,0.0162,0.0154,0.0153,0.0182,0.017,0.015,0.0145,0.0128,0.0109,0.0106,0.0123,0.0146,0.014,0.0161,0.0181,0.0166
0.3871,0.3761,0.3683,0.3614,0.3513,0.3331,0.3177,0.3017,0.2837,0.2706,0.2566,0.2398,0.2246,0.2124,0.1962,0.1822,0.1722,0.1612,0.1452,0.1197,0.0975,0.0866,0.0771,0.0684,0.0593,0.0507,0.0419,0.0379,0.036,0.0371,0.0416,0.0443,0.045,0.0502,0.0528,0.0559,0.0581,0.0583,0.0569,0.0546,0.0514,0.0397,0.0344,0.031,0.0304,0.0308,0.0318,0.0334,0.0355,0.0395,0.0423,0.0425,0.0427,0.0426,0.0418,0.0447,0.0476,0.0429,0.0352,0.0316,0.0303,0.0324,0.035,0.0379,0.0383,0.0351,0.0334,0.0327,0.0322,0.0315,0.0299,0.0298,0.0314,0.0345,0.0352,0.0347,0.0338,0.0328,0.0324,0.03,0.0283,0.0285,0.0303,0.0325,0.032,0.0308,0.032,0.0325,0.0326,0.0321
0.4522,0.4424,0.4364,0.4344,0.4288,0.4188,0.4113,0.3999,0.3837,0.3662,0.351,0.3378,0.3279,0.3191,0.3032,0.2927,0.2864,0.2734,0.2583,0.2422,0.2302,0.2233,0.2141,0.2036,0.1937,0.1847,0.1773,0.1676,0.1561,0.1462,0.1368,0.1309,0.1243,0.1175,0.1124,0.1061,0.1011,0.0947,0.0884,0.0841,0.0818,0.0751,0.0727,0.0718,0.0703,0.0663,0.0648,0.0642,0.0625,0.0618,0.0614,0.0618,0.0612,0.06,0.0587,0.0583,0.0588,0.0584,0.0577,0.0559,0.0541,0.0534,0.0513,0.0495,0.0473,0.0447,0.0442,0.0423,0.0379,0.0364,0.0367,0.0369,0.0362,0.0347,0.033,0.0331,0.0321,0.0306,0.0311,0.031,0.0312,0.0319,0.0317,0.0305,0.0306,0.0308,0.0307,0.0305,0.0323,0.0322
0.3698,0.3628,0.3553,0.349,0.3411,0.3322,0.3241,0.3188,0.3134,0.307,0.3019,0.295,0.2866,0.2736,0.2643,0.2568,0.252,0.2485,0.2429,0.238,0.2326,0.2257,0.2185,0.211,0.2004,0.194,0.1878,0.1772,0.168,0.1627,0.1598,0.1556,0.1488,0.1434,0.1399,0.1376,0.1354,0.1345,0.1325,0.1305,0.1278,0.1242,0.1218,0.1255,0.1231,0.1143,0.1115,0.1102,0.1094,0.1072,0.104,0.1006,0.0983,0.097,0.0955,0.0955,0.0987,0.0964,0.0934,0.0906,0.0868,0.083,0.0772,0.0748,0.0692,0.0654,0.0664,0.0645,0.0644,0.0615,0.0585,0.0534,0.0495,0.0477,0.0458,0.0445,0.0419,0.0409,0.0392,0.0378,0.0355,0.0343,0.034,0.0339,0.0321,0.0293,0.0273,0.0259,0.0239,0.022
0.2524,0.2468,0.238,0.2308,0.225,0.222,0.2129,0.2062,0.2035,0.2031,0.2031,0.2014,0.199,0.1903,0.1848,0.1829,0.1808,0.1802,0.1794,0.1773,0.1752,0.1737,0.1718,0.1667,0.1582,0.1493,0.1448,0.1373,0.1338,0.1326,0.1324,0.1298,0.1258,0.1212,0.114,0.1076,0.1058,0.1053,0.1045,0.0987,0.0925,0.0866,0.0787,0.0698,0.067,0.0611,0.0566,0.0544,0.0529,0.0487,0.0453,0.0426,0.0396,0.0361,0.0328,0.0246,0.0165,0.014,0.0119,0.0089,0.0058,0.0031,0.0008,0.0001,0.0,0.0,0.0,0.0,0.0,0.0,0.0,0.0,0.0,0.0,0.0,0.0,0.0,0.0,0.0,0.0,0.0,0.0,0.0,0.0,0.0,0.0,0.0,0.0,0.0,0.0
0.161,0.1595,0.1547,0.1477,0.1433,0.14,0.1355,0.1321,0.1309,0.1306,0.1287,0.126,0.1206,0.1148,0.1109,0.1079,0.104,0.0992,0.0939,0.0877,0.0816,0.0767,0.0744,0.0712,0.0676,0.0624,0.0573,0.0506,0.0421,0.0355,0.0319,0.0299,0.0282,0.0252,0.0213,0.0176,0.0124,0.012,0.0107,0.0053,0.0034,0.0013,0.0007,0.0003,0.0,0.0,0.0,0.0,0.0,0.0,0.0,0.0,0.0,0.0,0.0,0.0,0.0,0.0,0.0,0.0,0.0,0.0,0.0,0.0,0.0,0.0,0.0,0.0,0.0,0.0,0.0,0.0,0.0,0.0,0.0,0.0,0.0,0.0,0.0,0.0,0.0,0.0,0.0,0.0,0.0,0.0,0.0,0.0,0.0,0.0
0.1168,0.1126,0.107,0.1038,0.0997,0.0922,0.0853,0.0793,0.0752,0.0735,0.0707,0.0679,0.066,0.0605,0.0538,0.047,0.0426,0.0378,0.0324,0.0261,0.0211,0.018,0.0139,0.0108,0.0094,0.0084,0.0074,0.0068,0.0056,0.0048,0.0037,0.0028,0.0027,0.0024,0.0019,0.0015,0.0014,0.0009,0.0001,0.0,0.0,0.0,0.0,0.0,0.0,0.0,0.0,0.0,0.0,0.0,0.0,0.0,0.0,0.0,0.0,0.0,0.0,0.0,0.0,0.0,0.0,0.0,0.0,0.0,0.0,0.0,0.0,0.0,0.0,0.0,0.0,0.0,0.0,0.0,0.0,0.0,0.0,0.0,0.0,0.0,0.0,0.0,0.0,0.0,0.0,0.0,0.0,0.0,0.0,0.0
0.1668,0.1598,0.153,0.15,0.1466,0.1409,0.1372,0.1345,0.1319,0.1312,0.1276,0.1216,0.1161,0.1112,0.1069,0.1031,0.0968,0.09,0.084,0.0782,0.0728,0.0679,0.0616,0.0557,0.0503,0.0452,0.0412,0.0361,0.0312,0.0257,0.0203,0.0166,0.0142,0.0123,0.0109,0.0097,0.0087,0.0065,0.0042,0.0012,0.0001,0.0,0.0,0.0,0.0,0.0,0.0,0.0,0.0,0.0,0.0,0.0,0.0,0.0,0.0,0.0,0.0,0.0,0.0,0.0,0.0,0.0,0.0,0.0,0.0,0.0,0.0,0.0,0.0,0.0,0.0,0.0,0.0,0.0,0.0,0.0,0.0,0.0,0.0,0.0,0.0,0.0,0.0,0.0,0.0,0.0,0.0,0.0,0.0,0.0
0.0985,0.093,0.0871,0.084,0.0785,0.0722,0.0674,0.0634,0.0608,0.0576,0.0529,0.0469,0.0407,0.036,0.0302,0.0278,0.0237,0.0203,0.0178,0.0168,0.016,0.0141,0.013,0.0123,0.011,0.0092,0.0091,0.0091,0.0085,0.0078,0.0067,0.0047,0.003,0.002,0.0007,0.0,0.0,0.0,0.0,0.0,0.0,0.0,0.0,0.0,0.0,0.0,0.0,0.0,0.0,0.0,0.0,0.0,0.0,0.0,0.0,0.0,0.0,0.0,0.0,0.0,0.0,0.0,0.0,0.0,0.0,0.0,0.0,0.0,0.0,0.0,0.0,0.0,0.0,0.0,0.0,0.0,0.0,0.0,0.0,0.0,0.0,0.0,0.0,0.0,0.0,0.0,0.0,0.0,0.0,0.0
0.1275,0.1223,0.1176,0.1161,0.1113,0.1051,0.0969,0.0924,0.0856,0.0851,0.0823,0.076,0.072,0.0678,0.0639,0.0623,0.0604,0.0554,0.0502,0.0451,0.0408,0.0355,0.0295,0.0275,0.0262,0.026,0.0231,0.021,0.0224,0.0245,0.0243,0.026,0.0259,0.0234,0.0217,0.0215,0.0187,0.015,0.0066,0.0036,0.0042,0.0053,0.0058,0.0059,0.0057,0.0048,0.0047,0.0047,0.005,0.0056,0.0069,0.0062,0.0047,0.0041,0.005,0.0048,0.0047,0.0052,0.0071,0.0062,0.0062,0.0065,0.0098,0.009,0.0076,0.0086,0.0093,0.0086,0.0078,0.0071,0.007,0.0069,0.0057,0.0063,0.0067,0.0051,0.0044,0.003,0.0033,0.0044,0.0035,0.0036,0.0034,0.003,0.0028,0.0018,0.001,0.001,0.0004,0.0003
0.1127,0.1112,0.1097,0.1072,0.105,0.1018,0.0973,0.0959,0.0968,0.0939,0.0905,0.0873,0.0852,0.0818,0.0772,0.0755,0.0776,0.0779,0.0782,0.0718,0.0661,0.0615,0.0588,0.0586,0.0565,0.0539,0.0507,0.047,0.0446,0.044,0.0411,0.0388,0.0379,0.0367,0.0353,0.0338,0.0321,0.0327,0.0331,0.0282,0.0275,0.0236,0.023,0.0201,0.0193,0.0183,0.0172,0.0167,0.0179,0.0185,0.0184,0.0194,0.0209,0.0185,0.0161,0.0147,0.0151,0.0145,0.0134,0.0127,0.0144,0.0128,0.0112,0.0089,0.0079,0.0066,0.0066,0.0063,0.0065,0.0065,0.0062,0.0051,0.0039,0.0027,0.001,0.0007,0.0001,0.0001,0.0002,0.0,0.0,0.0,0.0,0.0,0.0,0.0,0.0,0.0,0.0,0.0
0.0675,0.0667,0.0657,0.0642,0.0644,0.0649,0.0654,0.0628,0.0611,0.0601,0.0609,0.0608,0.0621,0.0602,0.0591,0.0601,0.0605,0.0592,0.0583,0.0575,0.0574,0.0556,0.0553,0.0544,0.0529,0.051,0.0496,0.0473,0.0452,0.0449,0.0439,0.0429,0.0426,0.0399,0.039,0.0393,0.0377,0.0365,0.0335,0.0293,0.0293,0.0224,0.0186,0.0173,0.0175,0.0162,0.0171,0.0174,0.0171,0.015,0.0121,0.0131,0.0107,0.0036,0.0005,0.0003,0.0003,0.0002,0.0001,0.0002,0.0003,0.0002,0.0001,0.0,0.0,0.0,0.0,0.0,0.0,0.0,0.0,0.0,0.0,0.0,0.0,0.0,0.0,0.0,0.0,0.0,0.0,0.0,0.0,0.0,0.0,0.0,0.0,0.0,0.0,0.0
0.0681,0.0673,0.0662,0.0638,0.0635,0.0644,0.0625,0.0605,0.06,0.0563,0.0501,0.0482,0.0475,0.0473,0.045,0.0399,0.036,0.0238,0.0184,0.0166,0.0165,0.0157,0.0159,0.0165,0.0163,0.0148,0.0142,0.0155,0.0152,0.014,0.0138,0.0117,0.0114,0.011,0.0084,0.005,0.0015,0.0013,0.0015,0.0009,0.0007,0.0007,0.0006,0.0006,0.0006,0.0005,0.0005,0.0003,0.0002,0.0001,0.0001,0.0,0.0,0.0,0.0,0.0,0.0,0.0,0.0,0.0,0.0,0.0,0.0,0.0,0.0,0.0,0.0,0.0,0.0,0.0,0.0,0.0,0.0,0.0,0.0,0.0,0.0,0.0,0.0,0.0,0.0,0.0,0.0,0.0,0.0,0.0,0.0,0.0,0.0,0.0
0.0421,0.0429,0.0451,0.0459,0.0427,0.0373,0.0339,0.0356,0.037,0.0296,0.0197,0.0163,0.0129,0.0119,0.0106,0.0086,0.0106,0.0122,0.0122,0.0122,0.0104,0.0086,0.0075,0.0065,0.0056,0.0042,0.0023,0.0023,0.0019,0.0005,0.0005,0.0003,0.0,0.0,0.0,0.0,0.0,0.0,0.0,0.0,0.0,0.0,0.0,0.0,0.0,0.0,0.0,0.0,0.0,0.0,0.0,0.0,0.0,0.0,0.0,0.0,0.0,0.0,0.0,0.0,0.0,0.0,0.0,0.0,0.0,0.0,0.0,0.0,0.0,0.0,0.0,0.0,0.0,0.0,0.0,0.0,0.0,0.0,0.0,0.0,0.0,0.0,0.0,0.0,0.0,0.0,0.0,0.0,0.0,0.0
0.0525,0.0486,0.0467,0.0424,0.0391,0.0378,0.0363,0.033,0.0281,0.0244,0.0235,0.0234,0.0215,0.0185,0.0149,0.0155,0.0152,0.0139,0.0133,0.0132,0.0128,0.013,0.0127,0.0128,0.0125,0.0116,0.0099,0.0087,0.0085,0.0071,0.0045,0.0024,0.0026,0.0025,0.0035,0.003,0.0027,0.0022,0.0007,0.0001,0.0002,0.0001,0.0,0.0,0.0,0.0,0.0,0.0,0.0,0.0,0.0,0.0,0.0,0.0,0.0,0.0,0.0,0.0,0.0,0.0,0.0,0.0,0.0,0.0,0.0,0.0,0.0,0.0,0.0,0.0,0.0,0.0,0.0,0.0,0.0,0.0,0.0,0.0,0.0,0.0,0.0,0.0,0.0,0.0,0.0,0.0,0.0,0.0,0.0,0.0
0.1222,0.1161,0.1114,0.108,0.1029,0.0951,0.0871,0.0861,0.0833,0.0765,0.0739,0.0733,0.0705,0.0694,0.0693,0.0665,0.0623,0.0586,0.0567,0.0518,0.046,0.0425,0.0416,0.0404,0.0397,0.0399,0.043,0.0446,0.0409,0.0369,0.0339,0.0312,0.0295,0.0277,0.0256,0.0237,0.0212,0.0185,0.0169,0.0147,0.0129,0.0106,0.0085,0.007,0.0083,0.009,0.0112,0.011,0.0109,0.0097,0.0083,0.0057,0.0048,0.0051,0.0066,0.0064,0.0068,0.0075,0.0087,0.0087,0.0084,0.0082,0.0076,0.0077,0.0068,0.0046,0.0025,0.0014,0.0004,0.0001,0.0,0.0,0.0,0.0,0.0,0.0,0.0,0.0,0.0,0.0,0.0,0.0,0.0,0.0,0.0,0.0,0.0,0.0,0.0,0.0
0.2418,0.2328,0.2161,0.2128,0.2078,0.193,0.1845,0.1862,0.1795,0.1753,0.1667,0.1543,0.1418,0.1427,0.144,0.1434,0.1457,0.1483,0.1508,0.1472,0.1402,0.1392,0.138,0.1321,0.1198,0.1158,0.1224,0.1267,0.124,0.1183,0.1074,0.1001,0.0991,0.0936,0.088,0.0847,0.0827,0.0816,0.0807,0.0771,0.0733,0.0685,0.0619,0.0554,0.0506,0.047,0.0406,0.038,0.0374,0.0366,0.0353,0.0344,0.033,0.0308,0.0273,0.0235,0.0204,0.017,0.0136,0.0099,0.0077,0.0055,0.0047,0.0026,0.0013,0.0004,0.0,0.0,0.0,0.0,0.0,0.0,0.0,0.0,0.0,0.0,0.0,0.0,0.0,0.0,0.0,0.0,0.0,0.0,0.0,0.0,0.0,0.0,0.0,0.0
0.3436,0.3359,0.3281,0.3157,0.3105,0.3037,0.2928,0.2885,0.2861,0.2814,0.2727,0.2622,0.2524,0.2372,0.2305,0.2275,0.231,0.232,0.2227,0.2122,0.2025,0.1913,0.1817,0.172,0.1654,0.1623,0.1564,0.1464,0.1335,0.1228,0.1139,0.1071,0.0977,0.0903,0.0817,0.0713,0.0598,0.0501,0.042,0.0368,0.034,0.0302,0.0278,0.0233,0.0188,0.0155,0.0129,0.0112,0.0083,0.0074,0.0064,0.0065,0.0069,0.0054,0.0035,0.0025,0.0011,0.0006,0.0,0.0001,0.0,0.0,0.0,0.0,0.0,0.0,0.0,0.0,0.0,0.0,0.0,0.0,0.0,0.0,0.0,0.0,0.0,0.0,0.0,0.0,0.0,0.0,0.0,0.0,0.0,0.0,0.0,0.0,0.0,0.0
0.3828,0.3774,0.3715,0.3655,0.3488,0.338,0.328,0.3176,0.313,0.3104,0.3065,0.2982,0.2932,0.285,0.2781,0.2787,0.2818,0.2862,0.2929,0.2926,0.2906,0.2828,0.2733,0.2628,0.2521,0.2417,0.2368,0.2389,0.2364,0.229,0.2204,0.206,0.1918,0.1781,0.1674,0.1519,0.1383,0.1289,0.1225,0.1105,0.1035,0.0969,0.0917,0.0881,0.0819,0.0792,0.0786,0.0778,0.0756,0.0702,0.0664,0.0623,0.0591,0.0568,0.052,0.049,0.0462,0.0413,0.038,0.0363,0.0335,0.032,0.0307,0.0292,0.0298,0.0293,0.0288,0.0275,0.0253,0.0246,0.0238,0.0237,0.0248,0.0246,0.0247,0.0237,0.0231,0.0228,0.0228,0.0221,0.0222,0.0237,0.0247,0.0265,0.0261,0.0263,0.0265,0.028,0.0285,0.0292
0.4377,0.4382,0.4347,0.4322,0.4322,0.4295,0.4202,0.4079,0.3985,0.398,0.3978,0.3957,0.3916,0.3859,0.3838,0.3791,0.3769,0.3671,0.3589,0.3573,0.3484,0.343,0.3393,0.3338,0.3276,0.3187,0.3071,0.2987,0.2913,0.2888,0.2948,0.2939,0.2875,0.2763,0.2656,0.2526,0.2373,0.2284,0.2195,0.2061,0.1981,0.1951,0.1915,0.1855,0.1775,0.1683,0.1608,0.1497,0.1432,0.1401,0.1302,0.1224,0.1137,0.1043,0.0963,0.0871,0.0819,0.0746,0.0669,0.0619,0.0551,0.0507,0.046,0.0418,0.0385,0.034,0.0305,0.029,0.0265,0.0239,0.0211,0.0201,0.0191,0.0165,0.0136,0.0122,0.0113,0.0097,0.0084,0.0078,0.0082,0.0071,0.0069,0.0079,0.01,0.0096,0.0101,0.0077,0.0073,0.0076
0.3004,0.3005,0.3012,0.3002,0.302,0.3038,0.3033,0.3036,0.3001,0.2975,0.2947,0.2953,0.2939,0.2917,0.2855,0.2774,0.2658,0.2531,0.2449,0.2335,0.2273,0.2211,0.2179,0.2178,0.215,0.2093,0.2015,0.1909,0.1806,0.1723,0.1645,0.1577,0.1539,0.1522,0.1454,0.1385,0.1316,0.1225,0.1183,0.1103,0.0987,0.0881,0.0806,0.0737,0.0703,0.0672,0.0618,0.057,0.0515,0.0499,0.0434,0.0374,0.0326,0.0285,0.0229,0.0159,0.0122,0.0112,0.0105,0.0103,0.0096,0.0083,0.0061,0.0045,0.0039,0.0028,0.0021,0.0016,0.0011,0.0009,0.0006,0.0004,0.0001,0.0,0.0,0.0,0.0,0.0,0.0,0.0,0.0,0.0,0.0,0.0,0.0,0.0,0.0,0.0,0.0,0.0
0.3494,0.3436,0.3397,0.3372,0.334,0.3265,0.3216,0.3112,0.3025,0.2975,0.2966,0.2939,0.2853,0.2766,0.267,0.2561,0.246,0.2388,0.2315,0.2237,0.218,0.211,0.2048,0.2007,0.1934,0.1852,0.1793,0.1657,0.1507,0.1392,0.1234,0.1062,0.0946,0.0877,0.0792,0.0724,0.0652,0.0586,0.0563,0.05,0.0452,0.0407,0.0372,0.033,0.0256,0.0206,0.0143,0.011,0.0079,0.0041,0.0017,0.0007,0.0,0.0,0.0,0.0,0.0,0.0,0.0,0.0,0.0,0.0,0.0,0.0,0.0,0.0,0.0,0.0,0.0,0.0,0.0,0.0,0.0,0.0,0.0,0.0,0.0,0.0,0.0,0.0,0.0,0.0001,0.0,0.0001,0.0001,0.0001,0.0001,0.0005,0.001,0.001
0.3838,0.378,0.3722,0.3692,0.3689,0.3641,0.3578,0.3515,0.345,0.3439,0.3438,0.3391,0.3305,0.3227,0.3145,0.3062,0.2994,0.29,0.2766,0.2666,0.2568,0.245,0.2387,0.2349,0.2275,0.2187,0.2084,0.1951,0.1882,0.1819,0.1727,0.1681,0.1641,0.1561,0.1462,0.1354,0.1284,0.1221,0.1133,0.1028,0.0936,0.0849,0.0703,0.0638,0.0635,0.0656,0.0573,0.0488,0.0459,0.0439,0.043,0.042,0.0412,0.0383,0.0361,0.0354,0.0361,0.037,0.0377,0.0357,0.0346,0.0359,0.0365,0.0382,0.0371,0.035,0.0335,0.0293,0.0286,0.0269,0.0258,0.0248,0.0208,0.0173,0.0157,0.0152,0.0149,0.0151,0.0168,0.0181,0.0181,0.0186,0.0183,0.0186,0.018,0.016,0.0147,0.0133,0.0136,0.0131
0.3141,0.3113,0.3046,0.2999,0.2989,0.2993,0.3011,0.3054,0.3039,0.2975,0.2941,0.2927,0.2901,0.2863,0.2824,0.2756,0.2675,0.2625,0.2604,0.2548,0.2484,0.2429,0.2365,0.2282,0.2204,0.2157,0.2089,0.204,0.2027,0.197,0.1899,0.1763,0.1621,0.1498,0.1413,0.1327,0.1252,0.1171,0.11,0.1057,0.1002,0.0917,0.0816,0.0772,0.0702,0.0637,0.0615,0.0587,0.0548,0.0485,0.0434,0.0391,0.0373,0.0357,0.0317,0.0294,0.0268,0.0254,0.0243,0.0223,0.0203,0.0165,0.0123,0.0085,0.0073,0.0072,0.0068,0.0065,0.0077,0.0069,0.0064,0.0061,0.0062,0.0058,0.006,0.0064,0.0062,0.0056,0.0042,0.0038,0.0036,0.0033,0.0025,0.0024,0.0017,0.0009,0.0006,0.0004,0.0004,0.0003
0.2328,0.2291,0.2244,0.2187,0.2151,0.2194,0.2201,0.2177,0.2135,0.2101,0.2037,0.1952,0.1892,0.1872,0.1873,0.1859,0.183,0.1784,0.1763,0.1737,0.1695,0.1645,0.158,0.1513,0.1479,0.1468,0.1428,0.1357,0.1265,0.1171,0.1066,0.0998,0.0912,0.0827,0.0764,0.0727,0.0671,0.0626,0.0577,0.0529,0.0493,0.0471,0.0456,0.0406,0.0353,0.0307,0.0268,0.0265,0.0245,0.0228,0.0229,0.0224,0.0212,0.0192,0.017,0.0154,0.0134,0.0125,0.0122,0.012,0.012,0.0117,0.0121,0.0122,0.0121,0.0115,0.0112,0.0111,0.01,0.0093,0.0085,0.0071,0.0069,0.0075,0.0081,0.0089,0.0099,0.011,0.0113,0.0133,0.0142,0.0136,0.0131,0.0131,0.0148,0.0173,0.0189,0.0196,0.0196,0.0202
0.1845,0.1843,0.1822,0.1771,0.1706,0.168,0.1678,0.164,0.1615,0.1561,0.1475,0.1348,0.125,0.121,0.1184,0.1178,0.1177,0.117,0.1143,0.1108,0.1081,0.1049,0.1008,0.0944,0.0886,0.0863,0.0806,0.078,0.0751,0.072,0.0764,0.0789,0.0794,0.0747,0.0675,0.0636,0.0602,0.0595,0.0586,0.0573,0.0565,0.0561,0.0561,0.056,0.0558,0.0556,0.0559,0.0562,0.0565,0.0564,0.0542,0.0524,0.0502,0.0516,0.0522,0.0514,0.0499,0.0502,0.0494,0.0507,0.0512,0.0527,0.0552,0.056,0.0569,0.0558,0.0535,0.0528,0.0532,0.0525,0.0516,0.0511,0.0496,0.0484,0.0489,0.048,0.0498,0.0507,0.0501,0.0487,0.0479,0.0489,0.0506,0.0512,0.0503,0.0474,0.0486,0.0517,0.0521,0.0513
0.1572,0.1551,0.1487,0.1437,0.1347,0.1284,0.1316,0.1315,0.1303,0.1294,0.1264,0.1225,0.1193,0.115,0.1146,0.1158,0.1166,0.116,0.1146,0.1152,0.1114,0.1096,0.1082,0.1086,0.1108,0.1114,0.1122,0.1131,0.1154,0.1142,0.111,0.1075,0.1061,0.1024,0.0975,0.0952,0.0963,0.0982,0.098,0.0961,0.0946,0.0948,0.0942,0.0939,0.093,0.0946,0.0963,0.0965,0.0961,0.0975,0.0966,0.0869,0.071,0.0677,0.0671,0.0653,0.0596,0.0602,0.0606,0.0578,0.0551,0.0527,0.0523,0.0511,0.0486,0.0481,0.0487,0.0488,0.0485,0.0502,0.0522,0.0519,0.0483,0.0489,0.0439,0.0426,0.0414,0.0403,0.0398,0.0416,0.0406,0.0376,0.0386,0.0409,0.0404,0.0432,0.0405,0.0374,0.0359,0.038
0.1806,0.1838,0.1818,0.1795,0.1758,0.169,0.1655,0.1611,0.1568,0.1556,0.1567,0.1572,0.1551,0.1487,0.1453,0.1433,0.1411,0.1388,0.1358,0.1314,0.128,0.1288,0.1304,0.1258,0.1178,0.1135,0.1124,0.1092,0.1046,0.1011,0.0983,0.0977,0.0978,0.0949,0.0927,0.0914,0.0883,0.0855,0.0824,0.0788,0.077,0.0758,0.0758,0.0735,0.07,0.066,0.0614,0.0575,0.0548,0.0503,0.0473,0.0448,0.0417,0.0414,0.0402,0.0375,0.0372,0.0365,0.0339,0.0323,0.0321,0.0318,0.0314,0.0302,0.0292,0.0276,0.0265,0.0245,0.0229,0.025,0.0241,0.023,0.0207,0.0202,0.0207,0.0216,0.0224,0.0203,0.0196,0.0221,0.0232,0.0218,0.0239,0.0248,0.0253,0.0229,0.022,0.0224,0.0212,0.02
0.1385,0.1374,0.1454,0.1493,0.1534,0.1509,0.1439,0.1414,0.1398,0.1354,0.1255,0.1222,0.1202,0.119,0.118,0.1161,0.1154,0.1134,0.1127,0.1103,0.1097,0.1129,0.1103,0.1086,0.1068,0.1017,0.0981,0.0916,0.0841,0.0829,0.0834,0.0803,0.0765,0.0712,0.0743,0.0737,0.0699,0.0658,0.0624,0.0607,0.0567,0.0535,0.0516,0.0498,0.0478,0.0464,0.0432,0.0377,0.0354,0.0354,0.0347,0.032,0.0297,0.0284,0.0281,0.0265,0.0241,0.0243,0.0241,0.025,0.0246,0.0242,0.021,0.0196,0.0189,0.0198,0.0207,0.022,0.0233,0.0239,0.0218,0.0201,0.019,0.0199,0.0193,0.0188,0.0146,0.0154,0.0152,0.0126,0.0093,0.0055,0.0055,0.006,0.0068,0.004,0.003,0.0036,0.0044,0.0047
0.0636,0.0618,0.0616,0.0588,0.0543,0.0514,0.0517,0.0529,0.0531,0.0519,0.0507,0.0488,0.0473,0.048,0.0473,0.0462,0.0455,0.0448,0.0445,0.0438,0.0436,0.0442,0.0444,0.0462,0.0441,0.0438,0.0447,0.0452,0.0464,0.048,0.0464,0.0426,0.0399,0.0362,0.0297,0.0256,0.0245,0.0234,0.0235,0.0235,0.0227,0.0211,0.0192,0.0188,0.0188,0.0182,0.0168,0.0156,0.0156,0.0166,0.0173,0.0169,0.0166,0.0162,0.0173,0.0185,0.0178,0.0182,0.0198,0.0201,0.0205,0.0213,0.0229,0.0258,0.0276,0.0282,0.0273,0.0259,0.0252,0.0251,0.0257,0.0258,0.0275,0.0273,0.0267,0.0254,0.0249,0.0253,0.0257,0.0265,0.0268,0.0271,0.0274,0.0283,0.0285,0.0286,0.0287,0.0307,0.0326,0.0326
0.4446,0.4331,0.4189,0.4081,0.3994,0.395,0.3936,0.3962,0.3952,0.3913,0.3841,0.3773,0.3713,0.3631,0.362,0.3631,0.3679,0.3718,0.3711,0.3721,0.3695,0.3656,0.3647,0.3681,0.3698,0.3692,0.3713,0.3773,0.3807,0.3839,0.3864,0.3836,0.3793,0.3755,0.3625,0.3506,0.3388,0.3282,0.3187,0.3095,0.3036,0.3034,0.3025,0.2994,0.2956,0.292,0.2891,0.289,0.2903,0.2933,0.2974,0.2987,0.2946,0.2907,0.2869,0.2863,0.2842,0.2808,0.2818,0.284,0.2825,0.2812,0.2804,0.2839,0.2862,0.2884,0.2881,0.2853,0.2837,0.2849,0.282,0.2796,0.2803,0.2801,0.2788,0.2772,0.2731,0.2691,0.2657,0.2661,0.2682,0.2704,0.2708,0.2722,0.2737,0.2739,0.2714,0.2714,0.2797,0.281
0.4916,0.488,0.4818,0.4798,0.479,0.4773,0.4735,0.4672,0.4626,0.4588,0.455,0.4505,0.4445,0.4393,0.4331,0.4259,0.4216,0.4163,0.4116,0.4082,0.4068,0.4014,0.3933,0.3873,0.3792,0.3702,0.3592,0.3467,0.3346,0.3234,0.3111,0.3027,0.2963,0.2898,0.2892,0.2899,0.2896,0.2881,0.2865,0.2841,0.2789,0.2708,0.262,0.255,0.2496,0.2439,0.237,0.2262,0.2168,0.2052,0.1945,0.1896,0.1895,0.1874,0.1841,0.1833,0.1811,0.1768,0.1672,0.1601,0.157,0.1532,0.1475,0.1446,0.1436,0.1427,0.1419,0.1408,0.1389,0.1351,0.1311,0.1276,0.1232,0.1211,0.1213,0.1244,0.125,0.1224,0.1204,0.1224,0.1244,0.1258,0.1235,0.1174,0.1096,0.1048,0.1039,0.1011,0.0928,0.0923
0.5248,0.5195,0.5124,0.5059,0.5004,0.4941,0.4876,0.4791,0.4744,0.4728,0.4696,0.4625,0.4558,0.4499,0.4387,0.4251,0.4098,0.3916,0.3778,0.3636,0.3541,0.3434,0.3269,0.3084,0.2971,0.2857,0.2729,0.2608,0.2513,0.2413,0.23,0.2197,0.2102,0.1993,0.1903,0.1829,0.1749,0.17,0.1643,0.1586,0.1505,0.1419,0.1326,0.123,0.1136,0.1044,0.0963,0.0909,0.0847,0.0791,0.0726,0.0666,0.0596,0.054,0.0485,0.0429,0.0399,0.037,0.0332,0.0311,0.0295,0.028,0.0254,0.0226,0.0206,0.0187,0.0167,0.0148,0.0132,0.0115,0.0103,0.009,0.0074,0.0063,0.0051,0.005,0.0047,0.0037,0.003,0.0027,0.0028,0.0034,0.0033,0.0023,0.0017,0.0014,0.0014,0.0012,0.0009,0.0011
0.5112,0.5074,0.5027,0.4941,0.4848,0.4724,0.4594,0.4456,0.4319,0.4169,0.4023,0.3896,0.3752,0.364,0.3512,0.3332,0.314,0.2941,0.2733,0.2553,0.2337,0.2088,0.1924,0.1755,0.1559,0.1365,0.1248,0.1116,0.1008,0.0916,0.0817,0.0733,0.0667,0.0596,0.0529,0.0468,0.043,0.0403,0.0365,0.0323,0.0298,0.0277,0.0254,0.0219,0.0191,0.017,0.0125,0.0099,0.0089,0.0078,0.0068,0.0055,0.0041,0.0031,0.0024,0.0022,0.0021,0.0014,0.0008,0.0005,0.0002,0.0,0.0,0.0,0.0,0.0,0.0,0.0,0.0,0.0,0.0,0.0,0.0,0.0,0.0,0.0,0.0,0.0,0.0,0.0,0.0,0.0,0.0,0.0,0.0,0.0,0.0,0.0,0.0,0.0
0.305,0.3027,0.2968,0.2932,0.2869,0.2784,0.2692,0.2559,0.2434,0.2366,0.2272,0.2147,0.2023,0.1907,0.1802,0.1729,0.1663,0.1576,0.1497,0.1427,0.1374,0.1301,0.1227,0.1132,0.1011,0.0953,0.094,0.0894,0.0851,0.081,0.0778,0.0708,0.063,0.0564,0.0522,0.0477,0.0437,0.0411,0.0372,0.0349,0.0335,0.0307,0.0277,0.0254,0.0208,0.0173,0.0171,0.0177,0.0158,0.0144,0.0134,0.0118,0.0094,0.008,0.0072,0.0056,0.0041,0.0038,0.0058,0.0063,0.0042,0.0039,0.0054,0.0034,0.001,0.0007,0.001,0.0007,0.0005,0.0002,0.0,0.0,0.0,0.0,0.0,0.0,0.0,0.0,0.0,0.0,0.0001,0.001,0.001,0.0011,0.0011,0.0012,0.0017,0.0021,0.0033,0.0037
0.3516,0.346,0.3418,0.3363,0.3267,0.3183,0.3044,0.2905,0.2803,0.2703,0.259,0.2412,0.2253,0.2075,0.1939,0.1845,0.1744,0.1646,0.1519,0.1371,0.1246,0.115,0.1082,0.1003,0.091,0.0786,0.0661,0.056,0.0476,0.0391,0.0325,0.0289,0.026,0.0236,0.0219,0.0203,0.02,0.0201,0.0186,0.0191,0.0214,0.0225,0.0228,0.0238,0.0221,0.0216,0.023,0.0224,0.0195,0.0168,0.0139,0.0103,0.0073,0.0041,0.0018,0.001,0.0007,0.0002,0.0002,0.0002,0.0002,0.0021,0.0041,0.0022,0.002,0.0015,0.0014,0.0003,0.0,0.0,0.0,0.0,0.0003,0.0009,0.0016,0.0026,0.0017,0.002,0.0034,0.0044,0.0052,0.0047,0.0049,0.0052,0.0055,0.0053,0.0048,0.005,0.0072,0.0085
