0.2956,0.2876,0.2806,0.2718,0.2628,0.2515,0.2383,0.2272,0.2152,0.2013,0.1904,0.1766,0.1667,0.1604,0.1593,0.1569,0.154,0.154,0.1491,0.1398,0.1298,0.1242,0.1192,0.1141,0.1118,0.1079,0.1036,0.1014,0.0999,0.0949,0.0882,0.084,0.0791,0.0717,0.0709,0.0718,0.0725,0.0729,0.073,0.0718,0.0701,0.0674,0.0657,0.0632,0.0593,0.0526,0.0476,0.0438,0.0414,0.0416,0.0416,0.0411,0.0407,0.0418,0.0431,0.041,0.0381,0.0372,0.0366,0.0349,0.0343,0.0335,0.0333,0.031,0.0279,0.0276,0.0293,0.0281,0.0285,0.0296,0.0268,0.0245,0.0224,0.0164,0.0131,0.0141,0.0126,0.0119,0.0146,0.017,0.0176,0.0193,0.0201,0.0216,0.0201,0.0224,0.023,0.0202,0.0185,0.0222
0.4357,0.4271,0.4219,0.4167,0.4099,0.3991,0.3872,0.3765,0.3647,0.3535,0.3391,0.3227,0.3043,0.2893,0.28,0.2677,0.2549,0.2413,0.2268,0.2108,0.1977,0.1843,0.1746,0.1641,0.1561,0.1484,0.1386,0.1288,0.1221,0.1119,0.1007,0.0914,0.0824,0.0788,0.0766,0.0767,0.0769,0.0761,0.0756,0.0739,0.0726,0.0729,0.0716,0.0705,0.0687,0.0656,0.0637,0.0643,0.0656,0.0654,0.0652,0.0647,0.0631,0.0603,0.0531,0.043,0.0393,0.0363,0.0354,0.0402,0.0455,0.047,0.0487,0.0495,0.0468,0.0396,0.0371,0.0385,0.0398,0.0405,0.0423,0.0452,0.0463,0.0443,0.0423,0.0407,0.041,0.0378,0.0376,0.0399,0.0429,0.0464,0.0473,0.048,0.0473,0.0433,0.0421,0.0393,0.0382,0.0385
0.4421,0.435,0.4284,0.4215,0.4148,0.4072,0.3987,0.3875,0.3761,0.3617,0.3407,0.3203,0.3043,0.2939,0.2841,0.2729,0.2587,0.2481,0.2438,0.2375,0.2279,0.212,0.2055,0.1987,0.1916,0.1872,0.1844,0.1807,0.1759,0.1728,0.1709,0.167,0.1608,0.1539,0.1481,0.1462,0.1453,0.1431,0.1399,0.1364,0.1332,0.1299,0.1273,0.1246,0.122,0.1193,0.117,0.1147,0.1126,0.1093,0.1061,0.1019,0.0982,0.0948,0.0931,0.093,0.0919,0.09,0.0886,0.0875,0.0861,0.0837,0.0819,0.0809,0.08,0.0765,0.0746,0.073,0.072,0.0699,0.0672,0.0624,0.0598,0.0586,0.0575,0.0572,0.0558,0.0536,0.0539,0.0537,0.0522,0.0509,0.0479,0.042,0.0368,0.0333,0.0288,0.0232,0.0189,0.0149
0.3457,0.3375,0.3266,0.3158,0.3071,0.3008,0.2938,0.2855,0.2821,0.2779,0.2695,0.264,0.2621,0.258,0.2513,0.2433,0.2365,0.2377,0.2414,0.2403,0.2411,0.24,0.2352,0.2284,0.2221,0.2173,0.2105,0.2038,0.1954,0.1838,0.1744,0.1678,0.1654,0.1616,0.1548,0.147,0.1417,0.1371,0.1305,0.1254,0.1217,0.1189,0.1166,0.1112,0.1052,0.1019,0.1002,0.0948,0.0953,0.0923,0.0866,0.0829,0.0819,0.0809,0.0791,0.0768,0.0748,0.0723,0.068,0.0646,0.0624,0.0607,0.0588,0.0581,0.0535,0.0497,0.0466,0.0446,0.0408,0.0372,0.035,0.0328,0.0303,0.0281,0.0273,0.0262,0.026,0.0245,0.025,0.0252,0.024,0.0242,0.0232,0.0229,0.0212,0.0166,0.0136,0.0112,0.011,0.0099
0.2242,0.2177,0.2106,0.2045,0.2038,0.2042,0.2028,0.1993,0.1966,0.1957,0.1928,0.1913,0.1882,0.1847,0.1784,0.1694,0.1603,0.1565,0.1459,0.1358,0.13,0.1271,0.1238,0.1176,0.1097,0.1026,0.0941,0.0872,0.0835,0.0783,0.0768,0.0744,0.0715,0.0692,0.0677,0.0639,0.061,0.0583,0.054,0.0493,0.0445,0.0404,0.0379,0.0329,0.0267,0.0213,0.0182,0.0155,0.0141,0.011,0.0079,0.0063,0.005,0.0036,0.0018,0.0004,0.0,0.0,0.0,0.0,0.0,0.0,0.0,0.0,0.0,0.0,0.0,0.0,0.0,0.0,0.0,0.0,0.0,0.0,0.0,0.0,0.0,0.0,0.0,0.0,0.0,0.0,0.0,0.0,0.0,0.0,0.0,0.0,0.0,0.0
0.1585,0.1571,0.1522,0.1489,0.1473,0.1419,0.1379,0.1333,0.1303,0.1317,0.1301,0.128,0.125,0.119,0.1087,0.0993,0.0929,0.0822,0.0722,0.0686,0.0627,0.0567,0.0527,0.0458,0.0352,0.0288,0.0188,0.0117,0.0086,0.0055,0.0041,0.0035,0.0034,0.003,0.003,0.0029,0.0028,0.0027,0.0023,0.0019,0.0019,0.0012,0.0001,0.0,0.0,0.0,0.0,0.0,0.0,0.0,0.0,0.0,0.0,0.0,0.0,0.0,0.0,0.0,0.0,0.0,0.0,0.0,0.0,0.0,0.0,0.0,0.0,0.0,0.0,0.0,0.0,0.0,0.0,0.0,0.0,0.0,0.0,0.0,0.0,0.0,0.0,0.0,0.0,0.0,0.0,0.0,0.0,0.0,0.0,0.0
0.1363,0.1294,0.1263,0.1217,0.1145,0.1046,0.1006,0.0968,0.0915,0.0896,0.0847,0.0808,0.076,0.0707,0.063,0.0524,0.0465,0.0444,0.0438,0.0395,0.036,0.0321,0.0296,0.0258,0.0223,0.0246,0.0222,0.0199,0.0156,0.0132,0.0103,0.0072,0.0052,0.0033,0.0014,0.0004,0.0002,0.0003,0.0002,0.0,0.0,0.0,0.0,0.0,0.0,0.0,0.0,0.0,0.0,0.0,0.0,0.0,0.0,0.0,0.0,0.0,0.0,0.0,0.0,0.0,0.0,0.0,0.0,0.0,0.0,0.0,0.0,0.0,0.0,0.0,0.0,0.0,0.0,0.0,0.0,0.0,0.0,0.0,0.0,0.0,0.0,0.0,0.0,0.0,0.0,0.0,0.0,0.0,0.0,0.0
0.1619,0.1536,0.1482,0.1449,0.141,0.1359,0.1308,0.1283,0.1233,0.1175,0.1115,0.108,0.1051,0.1007,0.0965,0.0935,0.0896,0.0796,0.0685,0.0614,0.0554,0.0504,0.0449,0.0394,0.0356,0.0324,0.0293,0.0236,0.0154,0.0088,0.0043,0.0025,0.0021,0.0009,0.0001,0.0,0.0,0.0,0.0,0.0,0.0,0.0,0.0,0.0,0.0,0.0,0.0,0.0,0.0,0.0,0.0,0.0,0.0,0.0,0.0,0.0,0.0,0.0,0.0,0.0,0.0,0.0,0.0,0.0,0.0,0.0,0.0,0.0,0.0,0.0,0.0,0.0,0.0,0.0,0.0,0.0,0.0,0.0,0.0,0.0,0.0,0.0,0.0,0.0,0.0,0.0,0.0,0.0,0.0,0.0
0.1058,0.1004,0.0955,0.0907,0.0856,0.0786,0.073,0.0713,0.0666,0.0625,0.0561,0.0515,0.0477,0.0445,0.0413,0.0393,0.0381,0.0328,0.0292,0.025,0.0215,0.017,0.0146,0.0137,0.0119,0.0098,0.0082,0.0061,0.0054,0.0052,0.0043,0.0029,0.0019,0.0014,0.0005,0.0,0.0,0.0,0.0,0.0,0.0,0.0,0.0,0.0,0.0,0.0,0.0,0.0,0.0,0.0,0.0,0.0,0.0,0.0,0.0,0.0,0.0,0.0,0.0,0.0,0.0,0.0,0.0,0.0,0.0,0.0,0.0,0.0,0.0,0.0,0.0,0.0,0.0,0.0,0.0,0.0,0.0,0.0,0.0,0.0,0.0,0.0,0.0,0.0,0.0,0.0,0.0,0.0,0.0,0.0
0.1125,0.1078,0.1039,0.1021,0.097,0.0907,0.0841,0.0788,0.0752,0.0689,0.0615,0.0574,0.0538,0.0527,0.0501,0.0445,0.0384,0.0329,0.0307,0.0296,0.0288,0.026,0.0223,0.0212,0.0189,0.0173,0.0157,0.0138,0.0134,0.0173,0.0197,0.0162,0.0127,0.0137,0.0141,0.0154,0.0175,0.0168,0.0172,0.0154,0.0132,0.0104,0.0084,0.0062,0.0049,0.0032,0.0018,0.0013,0.0012,0.0004,0.0,0.0,0.0,0.0001,0.0005,0.0001,0.0002,0.0004,0.0003,0.0001,0.0001,0.0,0.0,0.0005,0.0001,0.0,0.0,0.0007,0.0015,0.0014,0.001,0.0004,0.0001,0.0,0.0005,0.0017,0.0021,0.0017,0.0005,0.0,0.0,0.0,0.0,0.0,0.0,0.0,0.0,0.0,0.0,0.0
0.0988,0.0973,0.0956,0.0941,0.092,0.0906,0.0901,0.0869,0.083,0.0813,0.0773,0.0729,0.071,0.0679,0.0649,0.0633,0.0626,0.0628,0.0619,0.0595,0.0593,0.0599,0.06,0.0581,0.0556,0.0538,0.0524,0.0502,0.0478,0.0466,0.0422,0.0363,0.0341,0.0311,0.0308,0.0302,0.0298,0.0262,0.0219,0.0155,0.0132,0.012,0.0123,0.0132,0.0123,0.0112,0.0128,0.0139,0.0155,0.0131,0.0136,0.0144,0.0137,0.0134,0.0125,0.0111,0.0132,0.0127,0.0119,0.0115,0.011,0.0099,0.008,0.0067,0.0072,0.0066,0.0052,0.0054,0.0059,0.0055,0.006,0.005,0.0045,0.0041,0.0028,0.0015,0.0014,0.0011,0.0001,0.0,0.0,0.0,0.0,0.0,0.0,0.0,0.0,0.0,0.0,0.0
0.0683,0.0679,0.0672,0.0656,0.065,0.0655,0.0673,0.0619,0.0621,0.0637,0.0643,0.0591,0.0575,0.0565,0.0561,0.0584,0.0572,0.0554,0.0546,0.0527,0.0521,0.0512,0.0521,0.0513,0.0489,0.048,0.0482,0.0472,0.0451,0.0445,0.0436,0.0429,0.0433,0.0427,0.0428,0.0402,0.04,0.0388,0.0368,0.0347,0.0313,0.0292,0.0272,0.0241,0.0219,0.0218,0.0201,0.0191,0.0162,0.0148,0.0103,0.0077,0.0078,0.0081,0.0091,0.0083,0.0083,0.0046,0.0016,0.0003,0.0001,0.0003,0.0008,0.0002,0.0001,0.0,0.0,0.0,0.0,0.0,0.0,0.0,0.0,0.0,0.0,0.0,0.0,0.0,0.0,0.0,0.0,0.0,0.0,0.0,0.0,0.0,0.0,0.0,0.0,0.0
0.071,0.0702,0.0673,0.0652,0.0652,0.0639,0.0612,0.06,0.0621,0.0583,0.0506,0.0448,0.045,0.0445,0.0439,0.0433,0.0432,0.0408,0.0401,0.0384,0.0352,0.0299,0.0244,0.0239,0.0241,0.0193,0.0174,0.0137,0.0117,0.0136,0.0126,0.0098,0.0073,0.0086,0.009,0.007,0.0066,0.0059,0.0053,0.0072,0.0063,0.0038,0.0032,0.0027,0.0019,0.0013,0.0009,0.0004,0.0,0.0,0.0,0.0,0.0,0.0,0.0,0.0,0.0,0.0,0.0,0.0,0.0,0.0,0.0,0.0,0.0,0.0,0.0,0.0,0.0,0.0,0.0,0.0,0.0,0.0,0.0,0.0,0.0,0.0,0.0,0.0,0.0,0.0,0.0,0.0,0.0,0.0,0.0,0.0,0.0,0.0
0.0413,0.0423,0.0429,0.042,0.04,0.0385,0.037,0.0359,0.0338,0.0293,0.0248,0.0169,0.0158,0.019,0.0184,0.0232,0.0259,0.0258,0.0226,0.0194,0.0179,0.0121,0.0037,0.0024,0.003,0.0006,0.0001,0.0024,0.0029,0.0032,0.0033,0.0019,0.0003,0.0,0.0,0.0,0.0,0.0,0.0,0.0,0.0,0.0,0.0,0.0,0.0,0.0,0.0,0.0,0.0,0.0,0.0,0.0,0.0,0.0,0.0,0.0,0.0,0.0,0.0,0.0,0.0,0.0,0.0,0.0,0.0,0.0,0.0,0.0,0.0,0.0,0.0,0.0,0.0,0.0,0.0,0.0,0.0,0.0,0.0,0.0,0.0,0.0,0.0,0.0,0.0,0.0,0.0,0.0,0.0,0.0
0.0508,0.0465,0.0451,0.0421,0.0389,0.036,0.0333,0.0288,0.0241,0.0202,0.0169,0.0169,0.0162,0.0108,0.0095,0.0101,0.0073,0.0052,0.0039,0.0035,0.0034,0.0036,0.0029,0.0036,0.0044,0.0036,0.002,0.0015,0.0015,0.001,0.0007,0.0001,0.0,0.0,0.0,0.0,0.0,0.0,0.0,0.0,0.0,0.0,0.0,0.0,0.0,0.0,0.0,0.0,0.0,0.0,0.0,0.0,0.0,0.0,0.0,0.0,0.0,0.0,0.0,0.0,0.0,0.0,0.0,0.0,0.0,0.0,0.0,0.0,0.0,0.0,0.0,0.0,0.0,0.0,0.0,0.0,0.0,0.0,0.0,0.0,0.0,0.0,0.0,0.0,0.0,0.0,0.0,0.0,0.0,0.0
0.1172,0.1115,0.1061,0.1011,0.0937,0.0872,0.082,0.079,0.0751,0.0668,0.0623,0.0599,0.0577,0.0546,0.048,0.0437,0.04,0.0417,0.04,0.0389,0.0369,0.035,0.0336,0.0301,0.0261,0.023,0.0208,0.0184,0.0147,0.0107,0.0074,0.0059,0.0051,0.0053,0.0069,0.005,0.003,0.004,0.0027,0.0002,0.0002,0.0,0.0,0.0,0.0,0.0,0.0,0.0,0.0,0.0,0.0,0.0,0.0,0.0,0.0,0.0,0.0,0.0,0.0,0.0,0.0,0.0,0.0,0.0,0.0,0.0,0.0,0.0,0.0,0.0,0.0,0.0,0.0,0.0,0.0,0.0,0.0,0.0,0.0,0.0,0.0,0.0,0.0,0.0,0.0,0.0,0.0,0.0,0.0,0.0
0.2433,0.2352,0.2211,0.2126,0.2053,0.1981,0.1918,0.186,0.1786,0.169,0.1621,0.1602,0.1522,0.1487,0.141,0.1365,0.1365,0.1405,0.1402,0.1393,0.1364,0.133,0.1256,0.1203,0.1064,0.0972,0.0941,0.0905,0.0869,0.0739,0.0584,0.0547,0.0561,0.0588,0.0612,0.0612,0.0588,0.0563,0.0543,0.0514,0.0475,0.0412,0.0379,0.0357,0.03,0.0249,0.0222,0.0209,0.0178,0.0138,0.0126,0.0122,0.0122,0.0126,0.0127,0.0106,0.0094,0.0088,0.0078,0.0059,0.0031,0.0021,0.0017,0.001,0.0004,0.0005,0.0001,0.0,0.0,0.0,0.0,0.0,0.0,0.0,0.0,0.0,0.0,0.0,0.0,0.0,0.0,0.0,0.0,0.0,0.0,0.0,0.0,0.0,0.0,0.0
0.3641,0.3579,0.3537,0.3441,0.3386,0.3359,0.3301,0.3236,0.3178,0.3107,0.3044,0.2978,0.2925,0.2882,0.279,0.2687,0.259,0.2578,0.2543,0.2496,0.2461,0.242,0.2367,0.2332,0.2252,0.2129,0.1953,0.1804,0.1679,0.1552,0.1393,0.1262,0.1165,0.1096,0.1055,0.0956,0.0876,0.0817,0.0795,0.071,0.0645,0.0642,0.0605,0.0577,0.0534,0.0481,0.0457,0.0422,0.038,0.0335,0.0265,0.0227,0.0198,0.0166,0.0143,0.0137,0.0098,0.0067,0.0047,0.0027,0.0022,0.0013,0.0005,0.0,0.0,0.0,0.0,0.0,0.0,0.0,0.0,0.0,0.0,0.0,0.0,0.0,0.0,0.0,0.0,0.0,0.0,0.0,0.0,0.0,0.0,0.0,0.0,0.0,0.0,0.0
0.3902,0.3842,0.3772,0.376,0.3604,0.3526,0.3475,0.3404,0.3351,0.3315,0.329,0.3232,0.3166,0.3134,0.3087,0.2996,0.2929,0.2873,0.2811,0.2742,0.2634,0.2544,0.2452,0.2382,0.232,0.2204,0.204,0.1869,0.1734,0.1596,0.1382,0.1182,0.0972,0.0757,0.0667,0.0511,0.0365,0.0249,0.0175,0.0147,0.0137,0.0119,0.0117,0.0112,0.0104,0.0093,0.0082,0.0088,0.0077,0.0056,0.002,0.0005,0.0,0.0,0.0002,0.0008,0.0001,0.0,0.0,0.0,0.0,0.0,0.0,0.0,0.0,0.0,0.0,0.0,0.0,0.0,0.0001,0.0,0.0001,0.0001,0.0,0.0001,0.0007,0.0011,0.0012,0.0008,0.0003,0.0,0.0,0.0,0.0,0.0,0.0,0.0,0.0,0.0003
0.4304,0.4315,0.4294,0.4292,0.4265,0.418,0.4126,0.4092,0.4049,0.4051,0.4016,0.3996,0.3954,0.3926,0.3947,0.3947,0.3876,0.3802,0.3713,0.365,0.3581,0.3501,0.3433,0.3386,0.3351,0.3289,0.3205,0.3102,0.2982,0.2881,0.2754,0.2632,0.253,0.2417,0.234,0.2197,0.2006,0.1829,0.1675,0.1533,0.1373,0.1276,0.1129,0.101,0.0907,0.0791,0.0702,0.0632,0.0571,0.0501,0.0468,0.0443,0.0409,0.0406,0.0412,0.0414,0.042,0.0407,0.0418,0.0435,0.0405,0.0375,0.0362,0.037,0.038,0.0372,0.0365,0.0368,0.0369,0.0354,0.032,0.0268,0.0252,0.0241,0.0201,0.0178,0.0187,0.02,0.023,0.0202,0.0187,0.0172,0.0132,0.01,0.0056,0.0051,0.0057,0.0062,0.0052,0.0034
0.3169,0.3164,0.3156,0.3165,0.3204,0.3175,0.3144,0.3121,0.3078,0.301,0.2984,0.2977,0.2961,0.2923,0.2882,0.286,0.2847,0.2792,0.2734,0.2695,0.2665,0.2606,0.2561,0.2479,0.2448,0.2456,0.2451,0.2422,0.2358,0.2243,0.2211,0.2202,0.2175,0.2158,0.2118,0.2086,0.2095,0.207,0.2044,0.2014,0.1991,0.1931,0.1902,0.1867,0.184,0.1802,0.1742,0.1702,0.1656,0.1609,0.1549,0.1477,0.1399,0.1313,0.1257,0.1192,0.1159,0.1094,0.1008,0.094,0.0876,0.0828,0.0761,0.0706,0.0656,0.0622,0.0577,0.0506,0.0436,0.0381,0.0347,0.0334,0.0307,0.0284,0.0273,0.0259,0.0243,0.0235,0.0225,0.0213,0.0202,0.0194,0.0194,0.0169,0.0132,0.0124,0.0117,0.0124,0.0118,0.0113
0.3483,0.3436,0.3413,0.3418,0.3401,0.334,0.3274,0.3238,0.3208,0.3171,0.3149,0.3125,0.3102,0.3086,0.3077,0.3057,0.3021,0.2979,0.2892,0.2808,0.2762,0.2706,0.2653,0.2584,0.2535,0.2543,0.2557,0.2531,0.2472,0.241,0.2388,0.2361,0.2314,0.2228,0.2142,0.2077,0.2007,0.1869,0.1724,0.1642,0.1563,0.1446,0.1351,0.1254,0.121,0.118,0.1137,0.1091,0.1057,0.1012,0.0962,0.0873,0.0816,0.0747,0.0682,0.0601,0.0528,0.0477,0.0424,0.0356,0.0284,0.0213,0.0165,0.0152,0.0111,0.0078,0.0058,0.0049,0.0032,0.0028,0.0023,0.0019,0.0007,0.0001,0.0003,0.0004,0.0003,0.0001,0.0,0.0,0.0,0.0,0.0,0.0,0.0,0.0,0.0,0.0,0.0,0.0
0.3912,0.3881,0.3833,0.3822,0.3801,0.3769,0.3717,0.3626,0.356,0.3512,0.348,0.3445,0.3371,0.3293,0.3212,0.314,0.3072,0.3006,0.2942,0.2856,0.2787,0.2722,0.2596,0.2517,0.2385,0.2368,0.2364,0.2331,0.2259,0.2145,0.2005,0.1911,0.1808,0.1695,0.1604,0.155,0.1521,0.1459,0.1369,0.1292,0.1209,0.1111,0.1065,0.0958,0.0863,0.076,0.0646,0.0541,0.0494,0.0448,0.0409,0.0363,0.0337,0.0301,0.0262,0.0214,0.016,0.0135,0.0103,0.008,0.006,0.0051,0.0045,0.0047,0.0034,0.002,0.001,0.0003,0.0001,0.0,0.0,0.0,0.0,0.0,0.0,0.0,0.0,0.0,0.0,0.0,0.0,0.0,0.0,0.0,0.0,0.0,0.0,0.0,0.0,0.0
0.3332,0.3321,0.3269,0.321,0.3203,0.3221,0.3233,0.3222,0.3188,0.3153,0.3096,0.3109,0.3107,0.3098,0.3028,0.2944,0.2887,0.2839,0.2798,0.2759,0.2701,0.2647,0.2601,0.2564,0.2493,0.2436,0.2421,0.2358,0.2303,0.226,0.2177,0.2097,0.2021,0.1947,0.1821,0.1691,0.163,0.1562,0.1449,0.1318,0.1153,0.1007,0.0902,0.0774,0.065,0.053,0.0372,0.0255,0.0198,0.0172,0.0158,0.0134,0.0111,0.0086,0.0071,0.007,0.0066,0.006,0.0054,0.005,0.0043,0.0039,0.0038,0.0039,0.0034,0.0034,0.0035,0.0031,0.0027,0.0022,0.0016,0.0014,0.0015,0.0012,0.0008,0.0007,0.0006,0.0006,0.0001,0.0,0.0,0.0,0.0,0.0,0.0,0.0,0.0,0.0,0.0,0.0
0.2389,0.2383,0.2353,0.2293,0.2266,0.2295,0.2283,0.225,0.2226,0.22,0.2191,0.2158,0.2103,0.2054,0.2013,0.1961,0.1909,0.1855,0.1797,0.1781,0.1782,0.1756,0.1745,0.1703,0.163,0.1549,0.1487,0.1426,0.1374,0.1355,0.1311,0.1204,0.1118,0.108,0.0978,0.0883,0.0822,0.0784,0.0742,0.0667,0.0581,0.0513,0.0466,0.0426,0.0379,0.0338,0.0314,0.0302,0.0279,0.0263,0.0252,0.0233,0.023,0.0227,0.0218,0.0195,0.0173,0.0164,0.0153,0.0148,0.0145,0.0137,0.0138,0.0134,0.0135,0.013,0.013,0.0142,0.0152,0.0165,0.018,0.0181,0.0181,0.017,0.0161,0.0173,0.0177,0.0174,0.0189,0.0192,0.0157,0.0141,0.0142,0.0144,0.0139,0.0151,0.0165,0.0172,0.0167,0.0165
0.1801,0.1805,0.1785,0.1764,0.1721,0.1679,0.161,0.1609,0.1593,0.1566,0.1549,0.1484,0.1423,0.1324,0.1243,0.1183,0.1139,0.1103,0.1053,0.102,0.0997,0.0978,0.0973,0.095,0.0904,0.0878,0.0876,0.0869,0.0857,0.0843,0.0823,0.0799,0.0785,0.0785,0.0763,0.0747,0.0749,0.0746,0.0796,0.0827,0.0812,0.0812,0.0811,0.0813,0.0792,0.0789,0.0794,0.0793,0.0798,0.0806,0.081,0.08,0.0796,0.0799,0.0761,0.0715,0.0716,0.0721,0.072,0.0716,0.0717,0.0714,0.0717,0.0724,0.0708,0.0709,0.0706,0.071,0.0729,0.0728,0.0725,0.0754,0.0755,0.0753,0.0764,0.0767,0.0757,0.0742,0.0723,0.0717,0.07,0.0674,0.0681,0.0686,0.069,0.069,0.0684,0.0687,0.0682,0.0673
0.1521,0.1487,0.1457,0.1396,0.1338,0.1291,0.126,0.1235,0.1242,0.1229,0.1204,0.1184,0.1156,0.1142,0.1098,0.1071,0.1051,0.1026,0.1021,0.1011,0.1,0.1,0.1033,0.1036,0.1022,0.1017,0.1016,0.1012,0.1007,0.1002,0.1008,0.1021,0.1009,0.0994,0.0983,0.0974,0.097,0.0959,0.0977,0.0981,0.0963,0.0968,0.0978,0.0993,0.0987,0.0983,0.0971,0.0959,0.0944,0.0937,0.0932,0.0917,0.0906,0.0903,0.0902,0.0893,0.0878,0.0859,0.0831,0.0776,0.0779,0.0775,0.0794,0.0821,0.0805,0.0814,0.0771,0.073,0.0698,0.0696,0.066,0.066,0.0663,0.0643,0.0635,0.0631,0.0602,0.0585,0.0552,0.0528,0.0521,0.0499,0.0484,0.0482,0.0491,0.0484,0.0452,0.0423,0.0388,0.0364
0.1703,0.1661,0.1635,0.1616,0.1566,0.1544,0.1556,0.1561,0.156,0.1541,0.1545,0.1561,0.1536,0.1418,0.1324,0.1287,0.1271,0.1262,0.1266,0.1239,0.1199,0.1191,0.1177,0.115,0.1137,0.1111,0.1069,0.1039,0.1002,0.0965,0.0931,0.09,0.0877,0.0863,0.0856,0.0839,0.0832,0.0821,0.0801,0.0779,0.0757,0.0713,0.0662,0.0622,0.0594,0.0556,0.0523,0.0505,0.0492,0.0481,0.0474,0.0458,0.0449,0.0446,0.0445,0.0438,0.0407,0.0386,0.0381,0.0383,0.0354,0.0344,0.0349,0.0348,0.0322,0.0292,0.0248,0.0214,0.0178,0.0163,0.0154,0.0143,0.0132,0.0131,0.0127,0.0114,0.0088,0.0061,0.0045,0.0035,0.0031,0.0043,0.0057,0.0054,0.0047,0.0042,0.0038,0.0039,0.0046,0.0052
0.1311,0.1294,0.1348,0.1382,0.1401,0.1389,0.1394,0.1383,0.1354,0.1316,0.132,0.1259,0.1208,0.1165,0.1137,0.1089,0.1051,0.1027,0.1017,0.0997,0.0903,0.084,0.0826,0.0815,0.081,0.0795,0.0769,0.0736,0.0707,0.069,0.0655,0.0614,0.0585,0.0543,0.0539,0.0521,0.0499,0.0488,0.0493,0.0479,0.0467,0.0442,0.0429,0.0403,0.0352,0.0315,0.0314,0.0301,0.0284,0.0259,0.0245,0.0224,0.0208,0.0194,0.0181,0.0181,0.0189,0.0194,0.0188,0.0186,0.0177,0.0168,0.0167,0.0165,0.0164,0.0164,0.0157,0.0133,0.0108,0.0107,0.0086,0.007,0.0052,0.0043,0.0039,0.0035,0.0032,0.0028,0.0016,0.0011,0.0021,0.0035,0.0034,0.0032,0.0029,0.0021,0.0014,0.0011,0.001,0.0013
0.0582,0.0543,0.0537,0.0524,0.0534,0.0536,0.0515,0.0531,0.0525,0.0528,0.0536,0.0531,0.0539,0.0537,0.0531,0.0516,0.0505,0.0498,0.0498,0.051,0.05,0.0493,0.05,0.0495,0.0489,0.0495,0.0495,0.0495,0.0505,0.051,0.0508,0.0514,0.0507,0.0504,0.0515,0.0508,0.0503,0.0479,0.0461,0.0456,0.0434,0.0424,0.0409,0.0405,0.0395,0.0389,0.0391,0.0391,0.0389,0.039,0.0393,0.0388,0.0405,0.0422,0.0422,0.042,0.0424,0.0429,0.0426,0.0421,0.0422,0.0425,0.0424,0.0422,0.0414,0.0418,0.0421,0.0414,0.041,0.0418,0.0426,0.0427,0.0421,0.0409,0.0417,0.0423,0.0425,0.0425,0.043,0.0428,0.0429,0.0428,0.0422,0.0425,0.0426,0.0424,0.0425,0.0424,0.0425,0.0426
0.4484,0.4388,0.4336,0.4282,0.4247,0.4233,0.4204,0.414,0.4114,0.4125,0.4106,0.4086,0.4103,0.4124,0.4233,0.4281,0.4287,0.4308,0.4366,0.4323,0.424,0.4201,0.4248,0.4305,0.4346,0.4338,0.4347,0.4385,0.4436,0.4502,0.4567,0.4597,0.4601,0.4589,0.4565,0.4548,0.4551,0.451,0.4404,0.4285,0.4215,0.4102,0.4027,0.4006,0.4021,0.401,0.4012,0.4024,0.3995,0.3993,0.401,0.4029,0.4077,0.4133,0.4206,0.4206,0.4182,0.4153,0.4134,0.4121,0.4113,0.4133,0.4148,0.4143,0.4128,0.4115,0.4127,0.4105,0.4073,0.4067,0.4083,0.4132,0.4145,0.4112,0.4075,0.4077,0.399,0.3971,0.3966,0.3887,0.3863,0.3864,0.3866,0.3862,0.3869,0.3877,0.3889,0.3881,0.3904,0.3903
0.5066,0.5043,0.497,0.4934,0.4984,0.5037,0.4995,0.4942,0.4885,0.4829,0.4799,0.4775,0.4771,0.475,0.4691,0.4632,0.4567,0.4526,0.449,0.4469,0.4422,0.438,0.4351,0.4314,0.4263,0.4226,0.4195,0.4142,0.406,0.3955,0.3837,0.3696,0.3551,0.3422,0.3324,0.3217,0.3087,0.3027,0.2994,0.293,0.2885,0.2862,0.283,0.2769,0.2696,0.2626,0.2558,0.2464,0.237,0.2315,0.2252,0.2133,0.2043,0.1996,0.1895,0.1833,0.1799,0.1784,0.1771,0.174,0.1696,0.1657,0.1648,0.1651,0.1638,0.1583,0.1528,0.1522,0.1519,0.1515,0.1502,0.1409,0.1347,0.1312,0.1281,0.1216,0.1107,0.1082,0.1069,0.1051,0.1057,0.1095,0.1102,0.1091,0.1085,0.1067,0.1061,0.1068,0.1063,0.1027
0.5305,0.5241,0.5171,0.5085,0.5043,0.4997,0.4946,0.4879,0.4792,0.4745,0.4706,0.4676,0.4606,0.4512,0.4387,0.4276,0.4155,0.4028,0.3886,0.3786,0.3662,0.352,0.3381,0.3235,0.3101,0.2975,0.2799,0.2602,0.2384,0.2158,0.1944,0.1755,0.1619,0.1508,0.1388,0.1294,0.1223,0.1148,0.1088,0.1058,0.1018,0.098,0.0913,0.0861,0.082,0.0789,0.0737,0.0692,0.0664,0.063,0.0603,0.0569,0.0521,0.0479,0.0438,0.0413,0.0387,0.0361,0.033,0.0302,0.0284,0.0262,0.0234,0.022,0.0215,0.0208,0.0212,0.022,0.0213,0.0217,0.0216,0.019,0.0167,0.0159,0.0163,0.0157,0.013,0.0106,0.0087,0.0081,0.0085,0.009,0.0089,0.0075,0.0069,0.0063,0.0068,0.0089,0.0091,0.0075
0.5191,0.5121,0.5071,0.4922,0.4725,0.4549,0.4435,0.4359,0.4305,0.4186,0.4026,0.3865,0.367,0.3451,0.3246,0.3024,0.2841,0.2647,0.2439,0.2268,0.2137,0.2017,0.186,0.1635,0.1412,0.1182,0.1039,0.0946,0.0817,0.0712,0.0633,0.0582,0.055,0.0516,0.0477,0.0464,0.0438,0.0431,0.041,0.0363,0.0341,0.0293,0.0278,0.0284,0.0267,0.025,0.0232,0.0211,0.0188,0.0167,0.0144,0.0108,0.0081,0.0076,0.0072,0.0039,0.0014,0.0007,0.0001,0.0,0.0,0.0,0.0,0.0,0.0003,0.0005,0.0002,0.0,0.0001,0.0002,0.0001,0.0002,0.0,0.0,0.0,0.0001,0.0,0.0,0.0,0.0,0.0,0.0,0.0,0.0003,0.0,0.0001,0.0,0.0,0.0,0.0001
0.3223,0.321,0.3123,0.3064,0.3007,0.295,0.2885,0.2792,0.2749,0.2733,0.2722,0.2696,0.262,0.2528,0.2411,0.2291,0.2183,0.2058,0.1917,0.1815,0.173,0.1667,0.1573,0.1464,0.131,0.1202,0.1095,0.0967,0.085,0.0735,0.0652,0.0595,0.0553,0.0505,0.0445,0.0405,0.0351,0.0284,0.0246,0.0224,0.0213,0.02,0.0177,0.016,0.0142,0.0118,0.0112,0.0106,0.0134,0.0137,0.013,0.0133,0.0148,0.0166,0.0173,0.0182,0.0197,0.0195,0.0184,0.0188,0.019,0.0181,0.0155,0.0145,0.0161,0.0178,0.017,0.0145,0.0136,0.0143,0.0138,0.0135,0.0131,0.0112,0.0107,0.0123,0.0106,0.0127,0.0132,0.0115,0.0128,0.0136,0.0138,0.0134,0.0136,0.0158,0.0161,0.0165,0.0174,0.0199
0.3134,0.3067,0.2993,0.2953,0.2843,0.269,0.2543,0.2396,0.2254,0.1984,0.1784,0.1564,0.134,0.1187,0.1054,0.095,0.0822,0.0723,0.0642,0.0602,0.0561,0.0502,0.044,0.0384,0.0382,0.0401,0.038,0.0366,0.0364,0.036,0.0351,0.0339,0.034,0.0348,0.0377,0.0397,0.0416,0.0422,0.0405,0.0449,0.0497,0.0485,0.0486,0.0471,0.0407,0.0315,0.0292,0.0293,0.0305,0.0311,0.0331,0.0343,0.0338,0.0323,0.0311,0.0299,0.0293,0.029,0.0286,0.027,0.0254,0.0259,0.0254,0.023,0.0231,0.0235,0.0254,0.0273,0.0254,0.0223,0.0211,0.0203,0.0197,0.0195,0.0212,0.0232,0.0211,0.018,0.016,0.0192,0.0201,0.0185,0.0177,0.0216,0.0236,0.0236,0.0279,0.029,0.0255,0.0243
