0.2969,0.2912,0.2842,0.276,0.2676,0.2628,0.2573,0.2448,0.2267,0.2136,0.2071,0.2075,0.2085,0.2015,0.1924,0.1851,0.1776,0.1673,0.1627,0.1572,0.1488,0.1423,0.1381,0.1334,0.1304,0.1263,0.1203,0.1123,0.104,0.0949,0.0899,0.0874,0.0835,0.0794,0.0789,0.0792,0.0766,0.0742,0.0713,0.067,0.0626,0.0586,0.0548,0.0517,0.0483,0.0458,0.044,0.0421,0.0415,0.0401,0.0394,0.036,0.0326,0.0297,0.0258,0.0227,0.0231,0.0209,0.0198,0.0192,0.0181,0.0167,0.0151,0.014,0.0142,0.0146,0.0136,0.0133,0.0152,0.0183,0.0182,0.0197,0.022,0.0215,0.0225,0.0242,0.0265,0.0274,0.0299,0.0274,0.0226,0.0213,0.0221,0.0231,0.0236,0.0233,0.0237,0.0225,0.0216,0.0213
0.4362,0.4283,0.4249,0.4206,0.4153,0.4092,0.4023,0.3954,0.3865,0.3705,0.3531,0.3321,0.3187,0.3122,0.3052,0.2975,0.2884,0.2756,0.2625,0.2456,0.2287,0.2175,0.2069,0.1956,0.184,0.171,0.16,0.1491,0.1372,0.1261,0.115,0.1056,0.0977,0.0905,0.0873,0.0822,0.0768,0.0735,0.0716,0.0694,0.0686,0.0684,0.0685,0.0684,0.0685,0.0661,0.0608,0.0578,0.058,0.0588,0.0585,0.0579,0.0574,0.0561,0.0538,0.0527,0.0522,0.0539,0.0534,0.0518,0.0505,0.0505,0.0502,0.0506,0.0517,0.0514,0.0507,0.0523,0.0538,0.0534,0.0534,0.0532,0.0521,0.0518,0.0501,0.0484,0.0467,0.045,0.045,0.045,0.0427,0.0412,0.0405,0.0366,0.0378,0.0389,0.0365,0.0366,0.0374,0.0381
0.4426,0.4361,0.4303,0.4246,0.4208,0.4138,0.4055,0.3951,0.387,0.3751,0.3583,0.3412,0.3182,0.301,0.2951,0.2827,0.2695,0.2598,0.2447,0.2352,0.2191,0.2054,0.1946,0.1885,0.1824,0.1773,0.1747,0.1719,0.1695,0.1679,0.1666,0.1655,0.1641,0.1617,0.1582,0.1537,0.1475,0.1429,0.1399,0.1359,0.1328,0.1315,0.1305,0.1291,0.1282,0.1284,0.1256,0.1185,0.1136,0.111,0.1077,0.104,0.1013,0.0994,0.0973,0.0938,0.0888,0.0832,0.0809,0.0798,0.0788,0.0767,0.0744,0.0715,0.069,0.0668,0.0661,0.0646,0.0589,0.0546,0.0543,0.0544,0.0549,0.0553,0.0551,0.0541,0.0518,0.0504,0.0491,0.0481,0.0463,0.0433,0.0426,0.0422,0.0407,0.0413,0.0384,0.0376,0.0367,0.0387
0.3457,0.3378,0.3279,0.3194,0.3093,0.3007,0.2933,0.2884,0.286,0.2827,0.2795,0.2739,0.2633,0.2485,0.2397,0.2349,0.2335,0.2322,0.2306,0.2286,0.2226,0.2152,0.2106,0.2071,0.2026,0.1914,0.1867,0.1837,0.1796,0.1772,0.1747,0.1709,0.1684,0.1652,0.1628,0.1596,0.1544,0.15,0.1471,0.1442,0.1443,0.1455,0.1435,0.1396,0.1357,0.1336,0.1308,0.1266,0.1221,0.1175,0.1137,0.1115,0.1087,0.1047,0.1009,0.0977,0.0935,0.0918,0.0892,0.0848,0.0814,0.078,0.0737,0.0694,0.0653,0.0625,0.0593,0.0562,0.0524,0.0499,0.0478,0.0444,0.0411,0.0373,0.0356,0.0335,0.033,0.0314,0.0281,0.0269,0.0255,0.0249,0.0226,0.0207,0.0226,0.0233,0.0221,0.0205,0.0185,0.0164
0.2241,0.2173,0.2103,0.2024,0.1943,0.1927,0.1915,0.1877,0.1841,0.1813,0.1764,0.1714,0.1662,0.1588,0.1543,0.1534,0.151,0.1473,0.1442,0.1427,0.1397,0.1347,0.1314,0.1309,0.1292,0.1262,0.125,0.1239,0.1245,0.125,0.1241,0.1224,0.1176,0.1142,0.1118,0.1093,0.1057,0.1002,0.0948,0.0873,0.0803,0.0763,0.0708,0.062,0.0566,0.048,0.0424,0.0361,0.0306,0.0275,0.0239,0.0198,0.0165,0.0146,0.0132,0.012,0.011,0.0089,0.0055,0.0037,0.0026,0.0015,0.0009,0.0005,0.0001,0.0,0.0,0.0,0.0,0.0,0.0,0.0,0.0,0.0,0.0,0.0,0.0,0.0,0.0,0.0,0.0,0.0,0.0,0.0,0.0,0.0,0.0,0.0,0.0,0.0
0.1588,0.1576,0.153,0.1482,0.1452,0.1413,0.1346,0.1296,0.126,0.1245,0.1228,0.1185,0.1156,0.111,0.1061,0.1053,0.1014,0.0938,0.0886,0.0862,0.0802,0.0758,0.0722,0.0691,0.0612,0.0513,0.042,0.0319,0.0224,0.0191,0.0166,0.0162,0.0139,0.0136,0.0124,0.0107,0.0071,0.0021,0.0002,0.0006,0.0022,0.0026,0.0022,0.0014,0.0008,0.0015,0.002,0.0005,0.0,0.0,0.0,0.0,0.0,0.0,0.0,0.0,0.0,0.0,0.0,0.0,0.0,0.0,0.0,0.0,0.0,0.0,0.0,0.0,0.0,0.0,0.0,0.0,0.0,0.0,0.0,0.0,0.0,0.0,0.0,0.0,0.0,0.0,0.0,0.0,0.0,0.0,0.0,0.0,0.0,0.0
0.1364,0.1304,0.1271,0.1228,0.1171,0.1095,0.099,0.0917,0.0873,0.0844,0.0818,0.0782,0.0738,0.07,0.0652,0.0611,0.0585,0.0553,0.0519,0.0499,0.0504,0.0493,0.0487,0.0505,0.0526,0.0529,0.0523,0.0507,0.048,0.0456,0.0411,0.0364,0.0326,0.0272,0.0241,0.0213,0.0147,0.0066,0.004,0.0048,0.0059,0.0036,0.002,0.0011,0.0007,0.0003,0.0003,0.0,0.0,0.0,0.0,0.0,0.0,0.0,0.0,0.0,0.0,0.0,0.0,0.0,0.0,0.0,0.0,0.0,0.0,0.0,0.0,0.0,0.0,0.0,0.0,0.0,0.0,0.0,0.0,0.0,0.0,0.0,0.0,0.0,0.0,0.0,0.0,0.0,0.0,0.0,0.0,0.0,0.0,0.0
0.1618,0.1533,0.149,0.1475,0.1423,0.1366,0.1303,0.1254,0.1201,0.1142,0.1081,0.1029,0.0984,0.0942,0.0926,0.0892,0.0827,0.0751,0.0701,0.0647,0.057,0.0482,0.0403,0.0323,0.025,0.0164,0.0077,0.0039,0.0025,0.0017,0.0008,0.0004,0.0001,0.0,0.0,0.0,0.0,0.0,0.0,0.0,0.0,0.0,0.0,0.0,0.0,0.0,0.0,0.0,0.0,0.0,0.0,0.0,0.0,0.0,0.0,0.0,0.0,0.0,0.0,0.0,0.0,0.0,0.0,0.0,0.0,0.0,0.0,0.0,0.0,0.0,0.0,0.0,0.0,0.0,0.0,0.0,0.0,0.0,0.0,0.0,0.0,0.0,0.0,0.0,0.0,0.0,0.0,0.0,0.0,0.0
0.1059,0.1007,0.0954,0.0912,0.0862,0.0788,0.0728,0.0662,0.0612,0.0553,0.0538,0.0501,0.0435,0.0374,0.0336,0.0289,0.0263,0.0245,0.0215,0.0196,0.0184,0.0176,0.015,0.0132,0.0116,0.0099,0.0085,0.0066,0.0051,0.0039,0.0022,0.0008,0.0,0.0,0.0,0.0,0.0,0.0,0.0,0.0,0.0,0.0,0.0,0.0,0.0,0.0,0.0,0.0,0.0,0.0,0.0,0.0,0.0,0.0,0.0,0.0,0.0,0.0,0.0,0.0,0.0,0.0,0.0,0.0,0.0,0.0,0.0,0.0,0.0,0.0,0.0,0.0,0.0,0.0,0.0,0.0,0.0,0.0,0.0,0.0,0.0,0.0,0.0,0.0,0.0,0.0,0.0,0.0,0.0,0.0
0.1126,0.1079,0.1032,0.1013,0.0982,0.0902,0.0863,0.0813,0.0755,0.0711,0.0686,0.0637,0.0592,0.0537,0.0514,0.0453,0.0376,0.0309,0.0273,0.0257,0.0273,0.0293,0.0285,0.0289,0.0291,0.0286,0.0287,0.0301,0.0286,0.0268,0.0256,0.0246,0.0247,0.026,0.0284,0.0289,0.0281,0.0276,0.0276,0.0273,0.0259,0.0258,0.0259,0.0284,0.0305,0.0306,0.029,0.028,0.0251,0.0241,0.023,0.0206,0.0116,0.0109,0.0118,0.0125,0.0121,0.0121,0.0122,0.0123,0.0123,0.0117,0.0091,0.0073,0.0057,0.0048,0.0032,0.0029,0.0028,0.0031,0.0021,0.0013,0.0008,0.0012,0.0006,0.0015,0.0042,0.0057,0.0059,0.0051,0.0043,0.0048,0.0046,0.0027,0.0007,0.0007,0.0018,0.0013,0.0009,0.0012
0.0989,0.0979,0.0957,0.0946,0.0924,0.0914,0.0903,0.0909,0.0902,0.0857,0.0827,0.0816,0.0769,0.072,0.0706,0.0673,0.0631,0.0608,0.0576,0.0557,0.0549,0.0535,0.053,0.0517,0.0493,0.0468,0.0455,0.045,0.045,0.0453,0.0451,0.0442,0.0431,0.0395,0.038,0.0359,0.0335,0.0319,0.0301,0.0286,0.0282,0.028,0.0278,0.026,0.0257,0.0246,0.0238,0.0231,0.0205,0.0209,0.021,0.0203,0.018,0.0168,0.0147,0.0136,0.013,0.0128,0.0141,0.0148,0.0153,0.0148,0.0143,0.0136,0.014,0.012,0.0117,0.0121,0.0108,0.0096,0.0086,0.0072,0.0057,0.0063,0.0052,0.004,0.0043,0.0047,0.0035,0.0028,0.0014,0.0002,0.0001,0.0,0.0,0.0,0.0001,0.0001,0.0,0.0
0.0684,0.0678,0.0663,0.0649,0.0647,0.064,0.0626,0.0611,0.0639,0.0647,0.0648,0.0636,0.0619,0.0604,0.0596,0.0592,0.0576,0.0571,0.0578,0.0573,0.0553,0.0576,0.0571,0.0537,0.0543,0.0535,0.0521,0.0509,0.0493,0.0488,0.048,0.0472,0.0459,0.0447,0.0436,0.0413,0.0393,0.0374,0.0355,0.0336,0.0328,0.032,0.0307,0.0296,0.0282,0.025,0.0238,0.0242,0.022,0.0218,0.0193,0.0167,0.012,0.0075,0.0057,0.0073,0.0087,0.0082,0.0059,0.0055,0.0036,0.0016,0.0004,0.0,0.0,0.0,0.0,0.0,0.0,0.0,0.0,0.0,0.0,0.0,0.0,0.0,0.0,0.0,0.0,0.0,0.0,0.0,0.0,0.0,0.0,0.0,0.0,0.0,0.0,0.0
0.0709,0.0698,0.0672,0.0652,0.0663,0.0659,0.0639,0.0619,0.0616,0.0624,0.0599,0.0579,0.055,0.0531,0.0541,0.0525,0.0514,0.05,0.0482,0.0471,0.0465,0.0451,0.0376,0.0297,0.0272,0.0249,0.0215,0.0204,0.0189,0.016,0.0113,0.0074,0.0049,0.0035,0.003,0.0027,0.002,0.0011,0.001,0.0009,0.0012,0.0011,0.0006,0.0007,0.0008,0.0004,0.0003,0.0002,0.0001,0.0014,0.0015,0.0009,0.0001,0.0,0.0,0.0,0.0,0.0,0.0,0.0,0.0,0.0,0.0,0.0,0.0,0.0,0.0,0.0,0.0,0.0,0.0,0.0,0.0,0.0,0.0,0.0,0.0,0.0,0.0,0.0,0.0,0.0,0.0,0.0,0.0,0.0,0.0,0.0,0.0,0.0
0.0413,0.0424,0.0434,0.0432,0.0413,0.0383,0.0371,0.0355,0.0336,0.0298,0.0303,0.0316,0.0343,0.0333,0.029,0.0236,0.0232,0.022,0.0196,0.0171,0.0156,0.0138,0.0083,0.0049,0.0035,0.0027,0.0016,0.0014,0.0012,0.0005,0.0,0.0,0.0003,0.0011,0.0013,0.0022,0.0026,0.0023,0.0018,0.0021,0.0028,0.0053,0.0049,0.0039,0.0034,0.0016,0.0008,0.0004,0.0003,0.0002,0.0001,0.0,0.0,0.0,0.0,0.0,0.0,0.0,0.0,0.0,0.0,0.0,0.0,0.0,0.0,0.0,0.0,0.0,0.0,0.0,0.0,0.0,0.0,0.0,0.0,0.0,0.0,0.0,0.0,0.0,0.0,0.0,0.0,0.0,0.0,0.0,0.0,0.0,0.0,0.0
0.051,0.0471,0.0449,0.0427,0.0412,0.0419,0.0391,0.0352,0.0318,0.0296,0.0271,0.0236,0.0207,0.0179,0.0157,0.0162,0.0143,0.0126,0.0132,0.0141,0.016,0.0166,0.0164,0.0167,0.0155,0.0155,0.0152,0.0142,0.013,0.0127,0.0131,0.0139,0.0157,0.0178,0.0173,0.0119,0.0092,0.0077,0.0078,0.008,0.0081,0.0066,0.006,0.0048,0.0028,0.0011,0.0008,0.0002,0.0,0.0,0.0,0.0003,0.0014,0.0016,0.0013,0.0004,0.0011,0.0018,0.0024,0.0013,0.0002,0.0005,0.0005,0.0006,0.0,0.0,0.0,0.0,0.0,0.0,0.0,0.0,0.0,0.0,0.0,0.0,0.0,0.0,0.0,0.0,0.0,0.0,0.0,0.0,0.0,0.0,0.0,0.0,0.0,0.0005
0.1175,0.1123,0.1048,0.1002,0.0979,0.0923,0.0854,0.083,0.078,0.076,0.0758,0.0751,0.0736,0.0707,0.0664,0.0635,0.0592,0.0592,0.0581,0.0558,0.053,0.0514,0.0487,0.0496,0.0499,0.0489,0.0468,0.0441,0.0391,0.0335,0.027,0.0227,0.0208,0.0238,0.0246,0.0247,0.0247,0.0246,0.0245,0.0233,0.0226,0.0224,0.0211,0.0215,0.0214,0.021,0.0212,0.0205,0.0184,0.0194,0.021,0.021,0.0178,0.0166,0.0174,0.0152,0.0139,0.0113,0.0087,0.0088,0.0099,0.0084,0.0047,0.003,0.0022,0.0008,0.0005,0.0002,0.0,0.0,0.0,0.0,0.0002,0.0,0.0,0.0,0.0,0.0,0.0,0.0,0.0,0.0,0.0,0.0,0.0,0.0,0.0,0.0,0.0,0.0
0.2434,0.2355,0.2209,0.2132,0.211,0.2056,0.1942,0.1863,0.1749,0.1639,0.1588,0.1588,0.158,0.1527,0.1464,0.1384,0.1326,0.1255,0.1264,0.1269,0.123,0.1112,0.1039,0.1007,0.1011,0.1001,0.097,0.0982,0.1011,0.098,0.0926,0.0895,0.0846,0.081,0.0758,0.0704,0.0688,0.067,0.0658,0.0647,0.0637,0.0598,0.0561,0.053,0.0506,0.0482,0.0445,0.0403,0.0382,0.0393,0.04,0.0398,0.0392,0.0366,0.0337,0.0304,0.028,0.0261,0.0242,0.0216,0.0196,0.0162,0.0129,0.0095,0.0076,0.0052,0.0039,0.0023,0.0016,0.0011,0.0003,0.0001,0.0,0.0,0.0,0.0,0.0,0.0,0.0,0.0,0.0,0.0,0.0,0.0,0.0,0.0,0.0,0.0,0.0,0.0
0.3642,0.3586,0.3533,0.3439,0.334,0.3366,0.3297,0.3192,0.3114,0.2996,0.2846,0.2776,0.2776,0.2708,0.2648,0.2529,0.2409,0.2329,0.2259,0.217,0.2126,0.2097,0.2054,0.2027,0.1947,0.1855,0.1782,0.17,0.168,0.1646,0.1582,0.1466,0.1375,0.129,0.1231,0.1174,0.1131,0.1075,0.1015,0.0956,0.0874,0.0775,0.0719,0.0641,0.0611,0.0561,0.0489,0.0441,0.0336,0.0265,0.0243,0.0208,0.0174,0.0137,0.0115,0.0109,0.009,0.0063,0.0041,0.0026,0.0026,0.0021,0.0012,0.0004,0.0006,0.0008,0.0003,0.0,0.0,0.0,0.0,0.0,0.0,0.0004,0.0016,0.0026,0.0034,0.0034,0.0025,0.0038,0.004,0.0042,0.0065,0.0095,0.0094,0.0088,0.0107,0.0121,0.0149,0.0186
0.3907,0.3848,0.3789,0.3784,0.371,0.3649,0.3634,0.3547,0.347,0.3434,0.3379,0.3295,0.3227,0.318,0.3139,0.3085,0.3027,0.2988,0.297,0.2939,0.2861,0.2803,0.2775,0.2717,0.2664,0.2606,0.2528,0.2419,0.2323,0.2261,0.2192,0.2104,0.2007,0.185,0.1731,0.1613,0.1524,0.147,0.1405,0.13,0.1186,0.112,0.1076,0.1034,0.1028,0.1057,0.1098,0.1097,0.1066,0.1028,0.103,0.1057,0.1076,0.1065,0.1035,0.104,0.1034,0.1009,0.094,0.087,0.0839,0.0816,0.0773,0.0739,0.0758,0.0748,0.0716,0.0676,0.0669,0.0654,0.0642,0.0643,0.0616,0.0582,0.057,0.0561,0.0525,0.0498,0.0479,0.0461,0.0457,0.0439,0.0398,0.0369,0.0347,0.0327,0.0312,0.0271,0.027,0.0273
0.431,0.4321,0.4294,0.4268,0.423,0.4142,0.4145,0.4113,0.4051,0.4029,0.3981,0.3881,0.3766,0.3669,0.3594,0.3573,0.3533,0.3522,0.3539,0.3534,0.3521,0.3474,0.3406,0.3359,0.3277,0.3172,0.3103,0.3031,0.2964,0.2877,0.2774,0.2696,0.2632,0.2569,0.2477,0.2361,0.2295,0.2276,0.2247,0.2195,0.2088,0.2032,0.1991,0.194,0.1859,0.1774,0.1683,0.157,0.1458,0.136,0.128,0.1209,0.1132,0.1038,0.0946,0.0879,0.0805,0.074,0.0698,0.0663,0.0626,0.0584,0.0553,0.0529,0.0485,0.0448,0.0399,0.0361,0.0335,0.0295,0.0274,0.0255,0.0217,0.0175,0.0126,0.0103,0.0081,0.0061,0.0047,0.0028,0.0019,0.0013,0.001,0.0009,0.0012,0.0013,0.0008,0.0003,0.0,0.0
0.3174,0.3176,0.317,0.3166,0.3165,0.3144,0.3124,0.3151,0.3138,0.3111,0.3106,0.308,0.3019,0.2944,0.287,0.2848,0.2819,0.275,0.2688,0.2638,0.2584,0.2528,0.2472,0.242,0.2375,0.2312,0.2261,0.22,0.211,0.202,0.1934,0.1924,0.1885,0.1804,0.1724,0.1658,0.1523,0.1431,0.1384,0.1349,0.1342,0.1341,0.1338,0.1301,0.1259,0.1148,0.1052,0.0988,0.0917,0.0859,0.0771,0.0734,0.0719,0.0663,0.059,0.0544,0.0498,0.0481,0.0464,0.0435,0.0394,0.0356,0.0305,0.0262,0.0238,0.0246,0.0228,0.0212,0.0212,0.02,0.0178,0.015,0.0114,0.0084,0.0053,0.0041,0.0031,0.0021,0.0008,0.0003,0.0004,0.0003,0.0002,0.0002,0.0,0.0,0.0,0.0,0.0,0.0
0.3488,0.3453,0.343,0.3432,0.3443,0.3415,0.3326,0.3307,0.3294,0.3255,0.3227,0.3175,0.3093,0.3028,0.2973,0.2914,0.2846,0.276,0.2716,0.2659,0.26,0.2547,0.2496,0.2439,0.2397,0.2362,0.2373,0.2389,0.2327,0.2268,0.215,0.2122,0.2089,0.2023,0.1995,0.2017,0.1996,0.1888,0.174,0.1681,0.1642,0.1566,0.147,0.1378,0.1281,0.12,0.1167,0.1142,0.1098,0.1057,0.1004,0.0957,0.0887,0.0786,0.069,0.0635,0.0586,0.0536,0.0513,0.0493,0.046,0.0432,0.0378,0.0318,0.0267,0.0222,0.0184,0.0159,0.0131,0.009,0.007,0.0061,0.0048,0.0028,0.0014,0.0008,0.0001,0.0,0.0,0.0,0.0,0.0,0.0,0.0,0.0,0.0,0.0,0.0,0.0,0.0
0.3907,0.3871,0.3819,0.3802,0.3775,0.3759,0.3673,0.3639,0.3628,0.3579,0.3541,0.3493,0.3416,0.3318,0.3257,0.3173,0.3077,0.2938,0.2791,0.2647,0.252,0.2435,0.2347,0.2269,0.2209,0.2127,0.2082,0.2045,0.1997,0.1934,0.1826,0.1713,0.1663,0.1605,0.1523,0.1427,0.1337,0.1262,0.1194,0.1096,0.1054,0.1005,0.0962,0.0884,0.0801,0.0751,0.067,0.0588,0.0511,0.0446,0.0373,0.0308,0.0266,0.0205,0.013,0.0085,0.0047,0.002,0.0017,0.0014,0.0009,0.0002,0.0,0.0,0.0,0.0,0.0,0.0,0.0,0.0,0.0,0.0,0.0,0.0,0.0,0.0,0.0,0.0,0.0,0.0,0.0,0.0,0.0,0.0,0.0,0.0,0.0,0.0,0.0,0.0
0.3324,0.3308,0.3264,0.32,0.3169,0.3197,0.3227,0.3188,0.3183,0.3185,0.3199,0.3211,0.321,0.3171,0.3129,0.3111,0.3071,0.302,0.2934,0.2845,0.2773,0.2681,0.2618,0.2547,0.2474,0.2411,0.2367,0.2338,0.232,0.2279,0.2233,0.215,0.2061,0.1975,0.1896,0.1832,0.1789,0.1746,0.1677,0.1602,0.1523,0.1435,0.1292,0.1173,0.1065,0.0941,0.0828,0.0756,0.0684,0.0602,0.0538,0.0461,0.0397,0.0351,0.0281,0.0258,0.0234,0.0199,0.0175,0.0154,0.014,0.0116,0.0097,0.0073,0.0076,0.0056,0.0044,0.0041,0.0039,0.0034,0.0037,0.0038,0.0039,0.0035,0.0019,0.0,0.0001,0.0003,0.0001,0.0002,0.0007,0.0014,0.0015,0.0015,0.0013,0.0008,0.0007,0.0005,0.0,0.0
0.2388,0.2384,0.2355,0.2291,0.2237,0.2208,0.2222,0.2168,0.2136,0.2135,0.2114,0.2109,0.2114,0.2116,0.2101,0.2084,0.2072,0.2044,0.1978,0.1956,0.1946,0.1922,0.1907,0.1862,0.1786,0.1711,0.1641,0.1596,0.149,0.1418,0.1349,0.1348,0.1318,0.1212,0.1142,0.1109,0.1033,0.099,0.0972,0.0921,0.0709,0.0683,0.0688,0.0655,0.0574,0.0529,0.0487,0.0445,0.0403,0.0379,0.0358,0.0332,0.0312,0.0306,0.0299,0.0295,0.0287,0.0261,0.0243,0.023,0.0211,0.0193,0.0193,0.0198,0.02,0.0196,0.0188,0.0183,0.0186,0.0192,0.0185,0.018,0.018,0.0158,0.0132,0.0115,0.0125,0.012,0.0094,0.0092,0.0095,0.0108,0.0125,0.0128,0.0117,0.0099,0.0097,0.0104,0.0112,0.0115
0.1807,0.1816,0.1799,0.1774,0.1732,0.1649,0.1587,0.1549,0.1528,0.1525,0.1491,0.1442,0.1415,0.1389,0.1364,0.1344,0.1266,0.1234,0.1229,0.1239,0.1228,0.124,0.1223,0.1154,0.1089,0.1038,0.0984,0.0922,0.0886,0.0847,0.0807,0.0766,0.0721,0.0697,0.0685,0.0653,0.0634,0.0622,0.062,0.0619,0.0593,0.0546,0.0555,0.0582,0.0572,0.0534,0.0499,0.0493,0.0489,0.0491,0.0482,0.0479,0.0477,0.049,0.0477,0.0464,0.045,0.0431,0.0412,0.0388,0.0374,0.0367,0.0361,0.0337,0.0305,0.0286,0.0277,0.0276,0.0274,0.0274,0.0274,0.0276,0.0266,0.0276,0.028,0.0299,0.0303,0.0327,0.0335,0.0337,0.0345,0.0349,0.0358,0.0369,0.0374,0.038,0.0367,0.0349,0.0296,0.0294
0.152,0.1487,0.146,0.1416,0.1346,0.1252,0.1208,0.1183,0.1177,0.1164,0.1137,0.1135,0.1136,0.116,0.1166,0.1118,0.1135,0.1109,0.1079,0.1062,0.1014,0.0986,0.095,0.0943,0.0935,0.0901,0.0924,0.0926,0.0932,0.095,0.0938,0.0916,0.0922,0.0915,0.09,0.0898,0.0897,0.0886,0.0873,0.0838,0.0794,0.0791,0.0801,0.0752,0.071,0.0671,0.0655,0.0643,0.0669,0.0631,0.0584,0.0576,0.0583,0.0605,0.0593,0.0566,0.052,0.048,0.0469,0.0458,0.0457,0.0453,0.0468,0.0436,0.0422,0.0413,0.0409,0.0426,0.0435,0.0431,0.0426,0.0427,0.0414,0.0407,0.0375,0.0347,0.0335,0.0319,0.0311,0.0315,0.0328,0.0338,0.0334,0.0325,0.032,0.0293,0.0246,0.023,0.0248,0.0215
0.1706,0.1662,0.1644,0.1614,0.1572,0.1561,0.1585,0.1574,0.1557,0.1542,0.1542,0.1543,0.1527,0.1521,0.151,0.1492,0.144,0.1397,0.1386,0.1358,0.1345,0.1347,0.135,0.1334,0.1351,0.1359,0.1309,0.1264,0.1221,0.1143,0.1118,0.1081,0.1053,0.1007,0.0983,0.0966,0.0939,0.0917,0.0894,0.0857,0.0809,0.0772,0.0747,0.0718,0.0695,0.0661,0.062,0.0588,0.0577,0.0563,0.0533,0.0504,0.0495,0.0493,0.0499,0.0507,0.0489,0.0448,0.042,0.0399,0.0386,0.0332,0.0307,0.0293,0.0271,0.0268,0.0258,0.0247,0.0248,0.0239,0.0231,0.0226,0.0224,0.0202,0.0178,0.0173,0.0173,0.0176,0.0167,0.0154,0.0137,0.0132,0.012,0.01,0.0081,0.0069,0.0064,0.007,0.0075,0.0045
0.1315,0.1303,0.1349,0.138,0.1407,0.1408,0.1385,0.1365,0.1343,0.1256,0.1201,0.1168,0.1168,0.1151,0.112,0.1114,0.1132,0.1098,0.1072,0.1075,0.1092,0.1084,0.1069,0.1071,0.1062,0.1036,0.1004,0.099,0.0997,0.098,0.0939,0.0917,0.0903,0.0889,0.0876,0.083,0.0772,0.0701,0.0669,0.0671,0.067,0.0671,0.0647,0.061,0.0609,0.0614,0.0606,0.0589,0.0505,0.046,0.0465,0.0471,0.043,0.0419,0.0472,0.0477,0.0479,0.0447,0.043,0.0411,0.0385,0.0376,0.0366,0.0368,0.0333,0.0283,0.0262,0.0254,0.0241,0.0226,0.0211,0.0201,0.0195,0.018,0.0164,0.0157,0.0161,0.0154,0.0143,0.014,0.0133,0.0128,0.012,0.0113,0.011,0.0109,0.0114,0.0117,0.0097,0.0089
0.0584,0.0546,0.0522,0.0501,0.0477,0.0452,0.0439,0.0435,0.0423,0.0413,0.0401,0.04,0.0397,0.039,0.0421,0.0422,0.0392,0.0376,0.0382,0.0408,0.042,0.0433,0.0454,0.0446,0.0454,0.0482,0.0492,0.0503,0.0518,0.0509,0.0511,0.0514,0.051,0.0506,0.0513,0.053,0.0524,0.0517,0.0511,0.0504,0.0496,0.0488,0.0482,0.0478,0.0472,0.0467,0.0459,0.0447,0.0413,0.0371,0.0361,0.0363,0.035,0.0317,0.0318,0.0331,0.0345,0.0334,0.0339,0.0339,0.0328,0.0329,0.0329,0.0328,0.0332,0.0338,0.0342,0.0363,0.0374,0.0371,0.0369,0.0368,0.0366,0.0366,0.0369,0.0372,0.036,0.0316,0.0297,0.0297,0.0293,0.0287,0.0296,0.032,0.0343,0.0353,0.0354,0.0353,0.0352,0.0341
0.4486,0.4389,0.4315,0.4215,0.4141,0.4109,0.407,0.4048,0.4025,0.4016,0.3976,0.3881,0.3836,0.378,0.3736,0.3698,0.3673,0.3662,0.3686,0.3709,0.3721,0.3725,0.3712,0.3718,0.3723,0.3744,0.3799,0.3876,0.3954,0.4027,0.411,0.4168,0.4197,0.4247,0.429,0.4315,0.4305,0.4282,0.4261,0.4242,0.4236,0.4203,0.4157,0.418,0.423,0.4242,0.4196,0.4079,0.3932,0.3873,0.381,0.3746,0.3696,0.3615,0.3588,0.3669,0.3731,0.3703,0.3655,0.3651,0.3612,0.3605,0.3656,0.3713,0.3749,0.3784,0.3814,0.3835,0.386,0.3917,0.3944,0.3956,0.4019,0.4054,0.4084,0.4101,0.4075,0.4007,0.3946,0.3944,0.397,0.3979,0.3991,0.4006,0.4031,0.4072,0.41,0.4099,0.4092,0.4055
0.5065,0.5043,0.4972,0.4924,0.49,0.4879,0.4857,0.4842,0.4835,0.4809,0.4786,0.4717,0.4643,0.4599,0.4535,0.4488,0.444,0.4414,0.4382,0.4383,0.4397,0.4383,0.4323,0.4269,0.4224,0.4133,0.4074,0.3995,0.3919,0.3834,0.3765,0.3681,0.3574,0.3492,0.3419,0.3333,0.3262,0.3199,0.3137,0.3071,0.3008,0.2972,0.2956,0.2895,0.2819,0.2773,0.2741,0.2745,0.2746,0.272,0.2671,0.2621,0.2575,0.2554,0.2504,0.2382,0.2266,0.2247,0.2241,0.2214,0.2199,0.2164,0.2107,0.2067,0.203,0.1949,0.188,0.1803,0.1696,0.1576,0.1475,0.1415,0.1342,0.1309,0.1289,0.1308,0.1391,0.1479,0.15,0.1496,0.1464,0.1417,0.138,0.1323,0.128,0.123,0.1212,0.1238,0.1296,0.1336
0.5304,0.5235,0.5165,0.5117,0.5087,0.5027,0.4953,0.4891,0.4831,0.4771,0.4728,0.4682,0.457,0.4482,0.4334,0.4173,0.4092,0.4051,0.3964,0.385,0.3754,0.3659,0.3541,0.3385,0.3238,0.3106,0.292,0.2699,0.2469,0.2264,0.2065,0.1871,0.1724,0.1587,0.1479,0.1369,0.1271,0.1185,0.1096,0.1034,0.0984,0.097,0.0981,0.095,0.0881,0.0813,0.0779,0.0801,0.0799,0.0746,0.07,0.0686,0.0677,0.0666,0.0625,0.0557,0.0512,0.0497,0.0467,0.0434,0.0437,0.0422,0.0396,0.037,0.032,0.0259,0.0213,0.0164,0.012,0.0085,0.0071,0.0081,0.0095,0.0108,0.0131,0.0158,0.0178,0.0126,0.0105,0.0109,0.0097,0.0069,0.004,0.0026,0.0022,0.0021,0.0027,0.0042,0.0062,0.0085
0.5193,0.5124,0.5081,0.4958,0.4813,0.469,0.4573,0.4479,0.4363,0.4253,0.4182,0.4118,0.4031,0.385,0.3668,0.3438,0.3198,0.2984,0.2697,0.2476,0.2256,0.2072,0.1876,0.1683,0.1511,0.134,0.1126,0.0947,0.0865,0.0765,0.068,0.0587,0.0521,0.0462,0.0392,0.0322,0.028,0.0255,0.0234,0.0207,0.0175,0.0158,0.0159,0.0141,0.0118,0.0125,0.0133,0.0126,0.0123,0.0123,0.0129,0.0144,0.0143,0.0127,0.0131,0.0135,0.0133,0.011,0.0095,0.0081,0.0068,0.0067,0.0084,0.0059,0.0028,0.0007,0.0002,0.0,0.0,0.0,0.0,0.0,0.0,0.0,0.0,0.0,0.0,0.0,0.0,0.0,0.0,0.0,0.0,0.0,0.0,0.0,0.0,0.0,0.0,0.0
0.3226,0.3223,0.3152,0.3113,0.3053,0.2975,0.2877,0.2768,0.2699,0.2648,0.2621,0.2551,0.2447,0.2289,0.2155,0.201,0.188,0.1811,0.1767,0.1717,0.1632,0.1544,0.1457,0.1405,0.1373,0.1288,0.1216,0.115,0.109,0.1036,0.099,0.0918,0.0845,0.0774,0.0725,0.0676,0.0609,0.0561,0.0519,0.045,0.0365,0.0327,0.0298,0.0267,0.0227,0.0159,0.0136,0.0139,0.0146,0.0144,0.0116,0.0092,0.0062,0.0052,0.0051,0.0044,0.0038,0.0023,0.0017,0.0012,0.0001,0.0,0.0,0.0,0.0,0.0,0.0,0.0,0.0,0.0,0.0,0.0,0.0,0.0,0.0,0.0,0.0,0.0,0.0,0.0,0.0,0.0,0.0,0.0,0.0,0.0,0.0,0.0,0.0,0.0
0.3143,0.3091,0.3026,0.2984,0.2939,0.2859,0.2767,0.2669,0.2564,0.2475,0.2392,0.2223,0.21,0.2076,0.1984,0.1839,0.1714,0.1598,0.1471,0.1323,0.1171,0.1046,0.0905,0.0804,0.0712,0.0641,0.0578,0.0522,0.046,0.039,0.0347,0.0312,0.0245,0.0202,0.0198,0.0169,0.0169,0.0163,0.0162,0.0154,0.0151,0.0151,0.0163,0.0177,0.0153,0.0136,0.0139,0.0142,0.017,0.019,0.0177,0.0135,0.0116,0.0123,0.011,0.01,0.0096,0.01,0.0098,0.0089,0.0074,0.0048,0.0047,0.0051,0.0056,0.0057,0.0047,0.0033,0.0019,0.0006,0.0002,0.0002,0.0002,0.0003,0.0001,0.0002,0.0009,0.0007,0.0009,0.0008,0.0004,0.0005,0.0011,0.0005,0.0003,0.0012,0.0024,0.0028,0.0029,0.0029
