0.2961,0.2886,0.2802,0.2725,0.2666,0.2581,0.2458,0.2288,0.2117,0.2042,0.1969,0.187,0.1813,0.1744,0.1703,0.1699,0.1655,0.1569,0.1484,0.141,0.1345,0.1279,0.1198,0.1131,0.1136,0.1117,0.1078,0.1002,0.091,0.0835,0.0754,0.0695,0.0671,0.0649,0.0631,0.0588,0.0519,0.0454,0.043,0.042,0.0409,0.041,0.0414,0.0398,0.039,0.0404,0.0414,0.0417,0.0416,0.042,0.0415,0.0406,0.0394,0.0376,0.0363,0.0353,0.0334,0.0329,0.0339,0.0351,0.0346,0.0331,0.0319,0.0301,0.0289,0.0279,0.0264,0.0273,0.0271,0.0275,0.0311,0.0344,0.0309,0.0275,0.0281,0.0281,0.032,0.035,0.0324,0.0301,0.0286,0.0295,0.0329,0.0376,0.0393,0.0373,0.0351,0.0351,0.0366,0.0369
0.4357,0.426,0.4225,0.4207,0.4126,0.4012,0.3964,0.3905,0.3804,0.3676,0.3533,0.3392,0.3237,0.3087,0.2961,0.2779,0.2634,0.2558,0.2465,0.2321,0.2183,0.2014,0.1857,0.173,0.159,0.1425,0.127,0.1157,0.1069,0.0964,0.086,0.077,0.073,0.0735,0.0739,0.0766,0.0754,0.0741,0.0735,0.0726,0.0714,0.07,0.0689,0.0662,0.0633,0.0644,0.0663,0.0678,0.0691,0.0713,0.071,0.0698,0.0685,0.0681,0.0696,0.0703,0.0701,0.0703,0.0696,0.0695,0.0676,0.0652,0.0655,0.0659,0.0632,0.0641,0.0684,0.071,0.0733,0.0733,0.0727,0.0706,0.0709,0.0744,0.0708,0.0685,0.0698,0.0697,0.0691,0.0675,0.0649,0.0621,0.0589,0.0546,0.0583,0.0621,0.0604,0.0579,0.0569,0.0577
0.4423,0.4352,0.4282,0.4223,0.4147,0.4062,0.4008,0.3928,0.382,0.3683,0.3554,0.3452,0.3315,0.3238,0.3056,0.2855,0.2707,0.2584,0.2464,0.2343,0.2219,0.2107,0.2017,0.1922,0.1804,0.1698,0.165,0.1612,0.1577,0.1551,0.1532,0.1505,0.1487,0.1472,0.1459,0.1439,0.1424,0.138,0.1346,0.1349,0.1333,0.1322,0.1321,0.1308,0.1299,0.1279,0.1217,0.1149,0.1115,0.1101,0.1079,0.1048,0.1006,0.0978,0.0957,0.0944,0.0925,0.0912,0.0917,0.0909,0.0901,0.0886,0.0864,0.0844,0.0824,0.0794,0.0775,0.0767,0.076,0.0741,0.0719,0.0709,0.0705,0.0691,0.0647,0.0605,0.0573,0.0546,0.0541,0.0577,0.0536,0.0472,0.0407,0.033,0.0345,0.0389,0.0396,0.0382,0.0355,0.032
0.346,0.3385,0.3295,0.3199,0.3115,0.3042,0.2969,0.2888,0.2834,0.2793,0.274,0.2726,0.2705,0.2688,0.2613,0.2575,0.2553,0.254,0.2516,0.2465,0.2415,0.2382,0.2357,0.2328,0.2284,0.2246,0.2209,0.2178,0.2144,0.211,0.2099,0.21,0.2062,0.2011,0.1958,0.1908,0.1836,0.179,0.1742,0.1664,0.163,0.159,0.1533,0.1491,0.1456,0.145,0.1438,0.1376,0.1325,0.1296,0.1258,0.1205,0.1128,0.1052,0.0998,0.0948,0.0917,0.0848,0.0763,0.0716,0.0646,0.0598,0.057,0.0537,0.0501,0.0463,0.0435,0.0402,0.0392,0.0376,0.035,0.0326,0.0292,0.0282,0.0257,0.0243,0.0236,0.0209,0.0214,0.0223,0.0227,0.0242,0.0224,0.0225,0.0237,0.0203,0.0191,0.0188,0.0194,0.0189
0.224,0.2174,0.2101,0.2036,0.201,0.1999,0.2009,0.1987,0.1964,0.197,0.1987,0.1966,0.1953,0.1906,0.1843,0.1766,0.1699,0.1631,0.1571,0.1509,0.1488,0.1482,0.1469,0.1437,0.1397,0.1348,0.1293,0.1241,0.1205,0.1179,0.114,0.111,0.1086,0.1042,0.1002,0.0977,0.0953,0.0934,0.0925,0.0889,0.0815,0.0736,0.0651,0.0613,0.0577,0.054,0.0504,0.0451,0.0378,0.0278,0.0219,0.019,0.0146,0.0107,0.0091,0.0083,0.0067,0.0049,0.0044,0.0034,0.0016,0.0002,0.0,0.0,0.0,0.0,0.0,0.0,0.0,0.0,0.0,0.0,0.0,0.0,0.0,0.0,0.0,0.0,0.0,0.0,0.0,0.0,0.0,0.0,0.0,0.0,0.0,0.0,0.0,0.0
0.1586,0.1572,0.1527,0.1473,0.1446,0.1416,0.1394,0.1364,0.1325,0.1326,0.1334,0.1304,0.126,0.1203,0.1124,0.1034,0.0968,0.0883,0.083,0.0784,0.0726,0.0696,0.063,0.0562,0.0495,0.0422,0.0334,0.0262,0.0198,0.0166,0.0143,0.0115,0.0106,0.0099,0.0079,0.0055,0.0049,0.0049,0.005,0.0037,0.0005,0.0,0.0,0.0,0.0,0.0,0.0,0.0,0.0,0.0,0.0,0.0,0.0,0.0,0.0,0.0,0.0,0.0,0.0,0.0,0.0,0.0,0.0,0.0,0.0,0.0,0.0,0.0,0.0,0.0,0.0,0.0,0.0,0.0,0.0,0.0,0.0,0.0,0.0,0.0,0.0,0.0,0.0,0.0,0.0,0.0,0.0,0.0,0.0,0.0
0.1362,0.1307,0.1296,0.1258,0.1203,0.1121,0.1013,0.0925,0.0855,0.0771,0.0718,0.0695,0.0687,0.0679,0.0651,0.0621,0.058,0.0533,0.0522,0.0506,0.0473,0.045,0.0427,0.0404,0.0377,0.0372,0.0355,0.034,0.0319,0.03,0.0268,0.0226,0.0191,0.0157,0.0113,0.007,0.0025,0.0006,0.0,0.0,0.0,0.0,0.0,0.0,0.0,0.0,0.0,0.0,0.0,0.0,0.0,0.0,0.0,0.0,0.0,0.0,0.0,0.0,0.0,0.0,0.0,0.0,0.0,0.0,0.0,0.0,0.0,0.0,0.0,0.0,0.0,0.0,0.0,0.0,0.0,0.0,0.0,0.0,0.0,0.0,0.0,0.0,0.0,0.0,0.0,0.0,0.0,0.0,0.0,0.0
0.1619,0.1533,0.1485,0.1471,0.1431,0.1368,0.1304,0.1252,0.1203,0.1133,0.1089,0.1064,0.1025,0.0999,0.0972,0.0895,0.0812,0.073,0.0666,0.0601,0.0542,0.0453,0.038,0.0306,0.0245,0.0191,0.0126,0.0074,0.0037,0.0016,0.0006,0.0001,0.0,0.0,0.0,0.0,0.0,0.0001,0.0001,0.0,0.0,0.0,0.0,0.0,0.0,0.0,0.0,0.0,0.0,0.0,0.0,0.0,0.0,0.0,0.0,0.0,0.0,0.0,0.0,0.0,0.0,0.0,0.0,0.0,0.0,0.0,0.0,0.0,0.0,0.0,0.0,0.0,0.0,0.0,0.0,0.0,0.0,0.0,0.0,0.0,0.0,0.0,0.0,0.0,0.0,0.0,0.0,0.0,0.0,0.0
0.1058,0.1006,0.0954,0.0908,0.0864,0.0806,0.0746,0.0698,0.0661,0.0611,0.0603,0.0579,0.055,0.0516,0.0468,0.0404,0.0368,0.0366,0.0349,0.0327,0.0311,0.0306,0.028,0.024,0.0216,0.0178,0.0138,0.0084,0.005,0.0035,0.0029,0.0021,0.0021,0.0017,0.0017,0.0016,0.0015,0.0013,0.0005,0.0,0.0001,0.0,0.0,0.0,0.0,0.0,0.0,0.0,0.0,0.0,0.0,0.0,0.0,0.0,0.0,0.0,0.0,0.0,0.0,0.0,0.0,0.0,0.0,0.0,0.0,0.0,0.0,0.0,0.0,0.0,0.0,0.0,0.0,0.0,0.0,0.0,0.0,0.0,0.0,0.0001,0.0003,0.0015,0.0002,0.0,0.0,0.0,0.0,0.0,0.0,0.0
0.1124,0.1075,0.1029,0.1002,0.0955,0.088,0.0825,0.0782,0.0759,0.0719,0.0679,0.0607,0.0565,0.0566,0.0555,0.0522,0.0452,0.0389,0.0357,0.0316,0.0294,0.0287,0.0311,0.0322,0.0305,0.0312,0.0308,0.0306,0.0326,0.0344,0.0348,0.0352,0.033,0.0325,0.033,0.0315,0.03,0.0328,0.0335,0.0357,0.0357,0.0358,0.0365,0.0337,0.0337,0.0339,0.0312,0.028,0.0266,0.0258,0.0245,0.0224,0.0226,0.0232,0.0242,0.024,0.0241,0.0209,0.017,0.017,0.0181,0.0193,0.0181,0.0165,0.016,0.0143,0.0149,0.0169,0.0156,0.0149,0.0174,0.0197,0.0192,0.0165,0.0139,0.0127,0.0138,0.011,0.0044,0.0021,0.0022,0.0019,0.0016,0.0013,0.0014,0.0028,0.0039,0.0042,0.0025,0.0027
0.0989,0.0973,0.0951,0.0933,0.0915,0.0907,0.0894,0.0907,0.0896,0.0869,0.0846,0.0816,0.0775,0.0754,0.0734,0.0697,0.0667,0.0629,0.0618,0.0602,0.0584,0.0525,0.0504,0.0511,0.0485,0.0446,0.0422,0.04,0.0389,0.0401,0.0409,0.0442,0.045,0.0455,0.0441,0.0423,0.0413,0.0387,0.0372,0.0365,0.0359,0.0367,0.0353,0.0316,0.0274,0.0278,0.0266,0.0242,0.0223,0.0212,0.0207,0.0201,0.0202,0.0207,0.0201,0.0195,0.0187,0.0195,0.0191,0.0145,0.0125,0.012,0.0113,0.0112,0.0103,0.0092,0.0091,0.0081,0.008,0.0081,0.0074,0.0073,0.0058,0.0051,0.0053,0.0036,0.0022,0.0008,0.0004,0.0004,0.0002,0.0,0.0,0.0,0.0,0.0,0.0001,0.0,0.0,0.0
0.0683,0.0677,0.0667,0.0654,0.0662,0.0677,0.07,0.0704,0.0715,0.073,0.072,0.0683,0.0632,0.0604,0.0592,0.0584,0.0576,0.0558,0.0557,0.0556,0.0553,0.0533,0.0506,0.0484,0.0455,0.0448,0.0435,0.0434,0.0423,0.0416,0.0396,0.0397,0.0397,0.0394,0.0392,0.0384,0.0361,0.0351,0.0342,0.0322,0.029,0.0264,0.0238,0.022,0.0202,0.0199,0.0192,0.0182,0.0164,0.0163,0.0146,0.0111,0.0107,0.0129,0.0125,0.0107,0.0096,0.0083,0.0033,0.0001,0.0,0.0001,0.0,0.0,0.0,0.0,0.0,0.0,0.0,0.0,0.0,0.0,0.0,0.0,0.0,0.0,0.0,0.0,0.0,0.0,0.0,0.0,0.0,0.0,0.0,0.0,0.0,0.0,0.0,0.0
0.071,0.0702,0.0668,0.0647,0.0659,0.0662,0.0635,0.0607,0.0592,0.0571,0.0544,0.0555,0.053,0.0506,0.0504,0.0484,0.0473,0.0464,0.0453,0.0419,0.0344,0.0236,0.0193,0.0191,0.0185,0.0176,0.0158,0.0153,0.0142,0.0136,0.0138,0.0133,0.0086,0.0067,0.0057,0.0044,0.0032,0.0027,0.0029,0.0025,0.002,0.0026,0.0021,0.0011,0.0005,0.0004,0.0018,0.0021,0.0011,0.0,0.0,0.0,0.0,0.0,0.0,0.0,0.0,0.0,0.0,0.0,0.0,0.0,0.0,0.0,0.0,0.0,0.0,0.0,0.0,0.0,0.0,0.0,0.0,0.0,0.0,0.0,0.0,0.0,0.0,0.0,0.0,0.0,0.0,0.0,0.0,0.0,0.0,0.0,0.0,0.0
0.0413,0.0427,0.0439,0.0435,0.0411,0.0379,0.0374,0.0375,0.0345,0.0294,0.0258,0.0254,0.0223,0.0193,0.0163,0.0131,0.0104,0.0115,0.0101,0.0089,0.0074,0.0056,0.0043,0.0042,0.0043,0.0033,0.0024,0.0019,0.0014,0.0011,0.0014,0.0013,0.0003,0.0001,0.0,0.0,0.0,0.0,0.0,0.0,0.0,0.0,0.0,0.0,0.0,0.0,0.0,0.0,0.0,0.0,0.0,0.0,0.0,0.0,0.0,0.0,0.0,0.0,0.0,0.0,0.0,0.0,0.0,0.0,0.0,0.0,0.0,0.0,0.0,0.0,0.0,0.0,0.0,0.0,0.0,0.0,0.0,0.0,0.0,0.0,0.0,0.0,0.0,0.0,0.0,0.0,0.0,0.0,0.0,0.0
0.0506,0.0464,0.0444,0.0413,0.0379,0.0351,0.032,0.0283,0.0249,0.0216,0.0226,0.0242,0.0248,0.0224,0.0193,0.0182,0.0165,0.0141,0.0101,0.0107,0.0109,0.0112,0.0134,0.0141,0.0132,0.0114,0.0104,0.0096,0.0096,0.0087,0.0063,0.0064,0.0044,0.0041,0.0026,0.0017,0.0013,0.0013,0.0011,0.0009,0.0006,0.0002,0.0,0.0,0.0,0.0,0.0,0.0,0.0,0.0,0.0,0.0,0.0,0.0,0.0,0.0,0.0,0.0,0.0,0.0,0.0,0.0,0.0,0.0,0.0,0.0,0.0,0.0,0.0,0.0,0.0,0.0,0.0,0.0,0.0,0.0,0.0,0.0,0.0,0.0,0.0,0.0,0.0,0.0,0.0,0.0,0.0,0.0,0.0,0.0
0.1176,0.112,0.1069,0.1023,0.097,0.0927,0.087,0.0845,0.0807,0.0825,0.077,0.0763,0.0709,0.0688,0.0662,0.0646,0.0654,0.0634,0.0608,0.0598,0.0575,0.0532,0.0519,0.0474,0.0454,0.0438,0.0424,0.0418,0.0453,0.0437,0.0414,0.0387,0.0366,0.0325,0.0292,0.0257,0.025,0.0248,0.0239,0.0195,0.0181,0.0172,0.0152,0.0137,0.0132,0.0123,0.0112,0.0096,0.0102,0.0105,0.0093,0.0065,0.0058,0.0058,0.0036,0.0025,0.0031,0.0022,0.0019,0.002,0.0007,0.0001,0.0,0.0,0.0,0.0,0.0,0.0,0.0,0.0,0.0,0.0,0.0,0.0,0.0,0.0,0.0,0.0,0.0,0.0,0.0,0.0,0.0,0.0,0.0,0.0,0.0,0.0,0.0,0.0
0.2433,0.2352,0.2207,0.2117,0.2051,0.1985,0.1917,0.1853,0.1764,0.1718,0.167,0.1595,0.1573,0.1548,0.1498,0.145,0.1462,0.1453,0.1395,0.1327,0.1268,0.1203,0.1158,0.1097,0.1006,0.0954,0.0892,0.0852,0.0807,0.0781,0.0761,0.0714,0.067,0.0645,0.0615,0.0632,0.064,0.0615,0.0581,0.0562,0.0524,0.0478,0.045,0.0432,0.0418,0.0427,0.0413,0.0385,0.037,0.037,0.0335,0.0307,0.0291,0.0288,0.0254,0.0208,0.0185,0.015,0.012,0.0091,0.0065,0.0044,0.0029,0.0023,0.0014,0.0004,0.0,0.0,0.0,0.0,0.0,0.0,0.0,0.0,0.0,0.0,0.0,0.0,0.0,0.0,0.0,0.0,0.0,0.0,0.0,0.0,0.0,0.0,0.0,0.0
0.3641,0.3574,0.3523,0.3434,0.3379,0.336,0.3299,0.3232,0.3163,0.3108,0.3049,0.3009,0.2967,0.2945,0.2925,0.2912,0.289,0.2848,0.2809,0.2726,0.2633,0.2549,0.2384,0.227,0.2224,0.2127,0.2062,0.1953,0.186,0.1803,0.1743,0.1653,0.155,0.1461,0.14,0.1323,0.1189,0.1081,0.0953,0.0832,0.0724,0.0657,0.0616,0.0569,0.0521,0.0451,0.0355,0.0315,0.0291,0.0264,0.0231,0.0225,0.0215,0.0171,0.013,0.0111,0.0108,0.0075,0.0067,0.0054,0.0033,0.0008,0.0002,0.0001,0.0,0.0,0.0,0.0,0.0,0.0,0.0,0.0,0.0,0.0,0.0,0.0,0.0,0.0,0.0,0.0,0.0,0.0,0.0,0.0,0.0,0.0,0.0,0.0,0.0,0.0
0.39,0.3843,0.3775,0.3761,0.362,0.3569,0.3527,0.345,0.3423,0.3371,0.3339,0.3294,0.3278,0.3245,0.3204,0.317,0.3184,0.3213,0.3189,0.3112,0.3026,0.2975,0.2869,0.2824,0.2768,0.2652,0.2561,0.2436,0.2299,0.2174,0.2094,0.1991,0.1854,0.1715,0.1648,0.1589,0.1525,0.1464,0.1424,0.1331,0.1213,0.1083,0.0915,0.0773,0.0691,0.065,0.0658,0.0645,0.0584,0.0544,0.0489,0.0401,0.0341,0.0344,0.0308,0.0259,0.0243,0.0222,0.0194,0.0188,0.018,0.0165,0.0114,0.009,0.0098,0.0072,0.0038,0.0023,0.0013,0.0004,0.0001,0.0,0.0,0.0,0.0,0.0,0.0,0.0,0.0,0.0,0.0,0.0,0.0,0.0006,0.0007,0.0004,0.0002,0.0002,0.0001,0.0003
0.4309,0.432,0.4297,0.4287,0.4245,0.4174,0.4153,0.4133,0.4101,0.4076,0.4041,0.4026,0.3981,0.3919,0.3844,0.3798,0.374,0.3679,0.3634,0.3592,0.3556,0.3516,0.3466,0.347,0.352,0.3521,0.3476,0.3415,0.3362,0.3281,0.3165,0.305,0.2924,0.2849,0.2764,0.2685,0.262,0.2538,0.2437,0.2346,0.2242,0.2129,0.2025,0.1963,0.1917,0.1881,0.1842,0.1775,0.1711,0.1623,0.1515,0.1398,0.1289,0.1222,0.114,0.1049,0.0943,0.0858,0.076,0.0732,0.0662,0.0546,0.0459,0.0376,0.0325,0.0265,0.021,0.0163,0.0117,0.0083,0.0065,0.0043,0.0032,0.0028,0.0024,0.0022,0.0027,0.0024,0.0022,0.0025,0.0046,0.0052,0.0022,0.0011,0.0039,0.0048,0.0047,0.0048,0.0037,0.0034
0.317,0.317,0.3164,0.3164,0.3178,0.3156,0.3141,0.314,0.3106,0.3072,0.302,0.2967,0.295,0.2905,0.2831,0.2741,0.2671,0.2606,0.2545,0.2496,0.2468,0.2471,0.246,0.2428,0.2369,0.2329,0.2257,0.2194,0.2158,0.2107,0.2065,0.205,0.1996,0.1939,0.1871,0.1804,0.1747,0.1692,0.1617,0.1544,0.148,0.1437,0.1392,0.1301,0.1269,0.1211,0.1083,0.0898,0.0738,0.0641,0.0569,0.0484,0.0455,0.041,0.0355,0.0299,0.0279,0.026,0.0226,0.019,0.0163,0.0155,0.0155,0.0139,0.0129,0.0123,0.0116,0.0097,0.008,0.0068,0.0073,0.0063,0.0048,0.0043,0.0035,0.0025,0.0024,0.0023,0.0022,0.0019,0.0027,0.0029,0.0023,0.0022,0.0022,0.0022,0.0022,0.0028,0.0031,0.0032
0.3484,0.3444,0.3432,0.3418,0.3403,0.3338,0.3263,0.3233,0.3215,0.3224,0.3189,0.3155,0.3121,0.3096,0.3043,0.2942,0.2849,0.2763,0.2684,0.2618,0.2562,0.2565,0.2572,0.2524,0.2428,0.2391,0.2355,0.2308,0.2264,0.2218,0.217,0.2119,0.209,0.2034,0.1939,0.1825,0.1727,0.1606,0.1491,0.1356,0.1258,0.1182,0.1111,0.0996,0.0902,0.0844,0.0725,0.0607,0.0514,0.0462,0.0434,0.0404,0.0394,0.0396,0.04,0.0373,0.0366,0.034,0.031,0.0295,0.025,0.0253,0.0214,0.0206,0.0188,0.0183,0.0167,0.0154,0.0148,0.0151,0.0142,0.0155,0.0175,0.013,0.012,0.0134,0.0132,0.0137,0.0133,0.0147,0.0143,0.0127,0.0122,0.0127,0.0127,0.0133,0.0135,0.0131,0.0122,0.0102
0.3908,0.3871,0.383,0.3813,0.378,0.374,0.3674,0.3585,0.3495,0.3438,0.3438,0.3304,0.3177,0.3059,0.293,0.2834,0.277,0.2675,0.2577,0.2496,0.2392,0.2292,0.2202,0.2117,0.2026,0.1966,0.1936,0.1895,0.1856,0.1825,0.1761,0.168,0.1602,0.1476,0.1398,0.1332,0.1231,0.1163,0.1076,0.1025,0.1033,0.1037,0.0979,0.0876,0.0748,0.0662,0.0598,0.0546,0.05,0.0462,0.0442,0.0411,0.0399,0.038,0.0358,0.0348,0.0326,0.0298,0.0279,0.0262,0.0249,0.0242,0.0228,0.0209,0.0188,0.0155,0.0139,0.0154,0.017,0.0171,0.0171,0.0154,0.0116,0.0082,0.0072,0.007,0.0066,0.0066,0.0064,0.0072,0.0073,0.0069,0.0062,0.0056,0.0051,0.0044,0.0045,0.0041,0.0037,0.0034
0.3325,0.3305,0.3256,0.3205,0.3212,0.3248,0.3254,0.3252,0.3236,0.3144,0.3128,0.31,0.3012,0.2959,0.2909,0.2905,0.2905,0.2897,0.2857,0.2838,0.2801,0.273,0.2658,0.2599,0.2543,0.247,0.2389,0.2337,0.2288,0.2215,0.2128,0.2049,0.1998,0.1912,0.1784,0.1693,0.1617,0.1544,0.1461,0.1375,0.1297,0.12,0.1083,0.0999,0.0934,0.0827,0.076,0.0687,0.0601,0.0512,0.0455,0.041,0.0365,0.031,0.0269,0.0256,0.0223,0.0195,0.02,0.0195,0.0184,0.0166,0.0158,0.0143,0.0143,0.015,0.0126,0.0084,0.0076,0.0067,0.0061,0.0054,0.0052,0.0048,0.0047,0.0049,0.0053,0.0057,0.0055,0.0053,0.0049,0.0046,0.0041,0.0036,0.0035,0.0034,0.0033,0.0031,0.0036,0.0045
0.2392,0.239,0.2362,0.2298,0.2273,0.2313,0.2309,0.2256,0.2222,0.2188,0.2141,0.2104,0.2079,0.2061,0.2061,0.2061,0.2053,0.2042,0.2009,0.1946,0.1899,0.1857,0.183,0.1795,0.1756,0.1692,0.1603,0.1505,0.1414,0.1332,0.1236,0.1123,0.1036,0.0995,0.0934,0.09,0.0865,0.0817,0.0784,0.0724,0.0649,0.0575,0.0522,0.049,0.0443,0.0378,0.0298,0.0267,0.0261,0.0263,0.0257,0.0255,0.0257,0.0248,0.0244,0.0238,0.0238,0.0245,0.0246,0.0223,0.0197,0.0191,0.0193,0.0175,0.0175,0.0198,0.0191,0.0167,0.0147,0.0132,0.012,0.0134,0.0138,0.0129,0.0129,0.0135,0.014,0.0155,0.015,0.0133,0.012,0.0114,0.0106,0.0087,0.0077,0.0075,0.007,0.0067,0.0072,0.0052
0.1805,0.1811,0.179,0.1772,0.1729,0.1701,0.1623,0.1589,0.1557,0.155,0.1556,0.1519,0.1497,0.1531,0.1535,0.146,0.1382,0.1341,0.1302,0.1241,0.1198,0.118,0.1168,0.1156,0.113,0.1108,0.1067,0.1028,0.0973,0.0936,0.0914,0.0893,0.0883,0.0886,0.0878,0.087,0.082,0.0752,0.0729,0.0721,0.0718,0.0701,0.0688,0.0673,0.0657,0.0649,0.0642,0.0626,0.0623,0.0604,0.06,0.0604,0.0598,0.0589,0.0588,0.0588,0.0594,0.0588,0.0586,0.0587,0.0577,0.0596,0.059,0.0592,0.0605,0.0574,0.058,0.0594,0.059,0.0568,0.0524,0.0503,0.0516,0.0509,0.047,0.0454,0.0441,0.0416,0.0413,0.0425,0.0428,0.0423,0.0413,0.0419,0.044,0.0449,0.043,0.0395,0.0354,0.033
0.152,0.1485,0.1458,0.1404,0.135,0.1305,0.128,0.1277,0.1273,0.1277,0.1257,0.1234,0.1209,0.1159,0.1148,0.119,0.1198,0.1182,0.118,0.1227,0.1212,0.1198,0.1224,0.125,0.1238,0.1219,0.1182,0.1152,0.1145,0.1153,0.1137,0.1116,0.109,0.1058,0.1033,0.1001,0.0961,0.0986,0.0994,0.0999,0.0982,0.0963,0.0965,0.0948,0.0925,0.0869,0.083,0.0783,0.0809,0.0851,0.086,0.0864,0.0855,0.0845,0.0827,0.0795,0.0749,0.0693,0.0629,0.0557,0.0508,0.0487,0.0477,0.0489,0.0518,0.0472,0.0479,0.0499,0.0515,0.0503,0.0469,0.0452,0.0438,0.0437,0.043,0.0419,0.0412,0.0402,0.0412,0.0423,0.0395,0.0349,0.0317,0.0293,0.0285,0.0289,0.0285,0.0265,0.0249,0.0255
0.1705,0.1662,0.1638,0.162,0.1577,0.1524,0.1501,0.1505,0.1506,0.1513,0.1501,0.1489,0.1494,0.1522,0.1513,0.1549,0.1542,0.1506,0.1479,0.1455,0.1435,0.1386,0.136,0.1321,0.1279,0.1202,0.1143,0.1118,0.1066,0.1006,0.0959,0.0902,0.0838,0.0771,0.0722,0.0691,0.0675,0.0668,0.0667,0.0651,0.061,0.0585,0.0554,0.0504,0.0442,0.042,0.0395,0.04,0.0366,0.0345,0.0313,0.0264,0.023,0.0215,0.0199,0.0171,0.0153,0.0136,0.0121,0.0126,0.0106,0.0108,0.0111,0.0101,0.0108,0.0111,0.0102,0.0095,0.0087,0.0079,0.0068,0.0068,0.006,0.0056,0.0053,0.0051,0.0047,0.0044,0.0035,0.0039,0.0045,0.0042,0.0033,0.0028,0.0029,0.003,0.003,0.0036,0.0028,0.0017
0.1307,0.129,0.1348,0.1364,0.1378,0.1391,0.1307,0.1197,0.1144,0.1097,0.1056,0.1032,0.099,0.0987,0.1009,0.0993,0.0958,0.0931,0.0903,0.0886,0.087,0.0828,0.078,0.0775,0.0761,0.0741,0.0704,0.0671,0.0635,0.0568,0.0528,0.052,0.0517,0.0517,0.0513,0.0501,0.0497,0.0498,0.0489,0.0484,0.0487,0.0493,0.0482,0.0459,0.043,0.0408,0.0405,0.0394,0.0387,0.0388,0.0376,0.0352,0.0324,0.0297,0.0268,0.0254,0.0253,0.0272,0.0251,0.0198,0.0195,0.0191,0.0186,0.0177,0.016,0.0162,0.0151,0.0121,0.0105,0.01,0.0102,0.0095,0.0088,0.0107,0.012,0.0104,0.0097,0.0095,0.009,0.009,0.0094,0.0097,0.0103,0.0101,0.0104,0.0108,0.0105,0.0106,0.009,0.0062
0.0582,0.0547,0.0533,0.0514,0.0515,0.0497,0.0519,0.0537,0.0533,0.0519,0.051,0.0505,0.051,0.0532,0.0554,0.0533,0.0525,0.0533,0.054,0.0529,0.0529,0.0526,0.0506,0.0484,0.0477,0.0478,0.0469,0.0458,0.0446,0.044,0.0437,0.0434,0.043,0.0431,0.0433,0.0432,0.0433,0.0432,0.0427,0.0423,0.0424,0.0422,0.0417,0.0418,0.0418,0.0417,0.0422,0.0427,0.0429,0.0427,0.0427,0.0423,0.0424,0.0425,0.0425,0.0424,0.0422,0.0424,0.0424,0.0421,0.0421,0.0422,0.0422,0.0422,0.0422,0.0421,0.0418,0.0417,0.042,0.0421,0.042,0.041,0.0401,0.0402,0.0403,0.0399,0.0393,0.039,0.039,0.039,0.0391,0.0389,0.0372,0.0371,0.0377,0.0381,0.0387,0.0401,0.0397,0.039
0.4486,0.4391,0.4314,0.4244,0.4157,0.4127,0.417,0.4268,0.433,0.4373,0.4421,0.4471,0.454,0.4622,0.4685,0.4721,0.4694,0.4674,0.4683,0.4703,0.4797,0.485,0.4879,0.488,0.4842,0.4843,0.4852,0.4811,0.4766,0.4741,0.4735,0.4743,0.4733,0.4703,0.4642,0.4629,0.4616,0.4601,0.4594,0.4586,0.4583,0.4572,0.4555,0.4555,0.4562,0.4535,0.4471,0.4435,0.4471,0.4524,0.4542,0.4537,0.4549,0.4565,0.4552,0.453,0.4513,0.4516,0.449,0.4452,0.4418,0.4428,0.448,0.4565,0.4613,0.462,0.4614,0.4617,0.4619,0.4587,0.4591,0.4658,0.4696,0.4681,0.4702,0.4732,0.4748,0.4778,0.4792,0.4854,0.4904,0.4948,0.5024,0.5069,0.5091,0.5115,0.5163,0.5185,0.5183,0.5182
0.5066,0.5034,0.4954,0.492,0.4912,0.4934,0.491,0.4867,0.4881,0.4907,0.4908,0.4903,0.4879,0.4827,0.4783,0.4769,0.4767,0.4707,0.4598,0.4506,0.4409,0.4355,0.4298,0.4244,0.4173,0.4103,0.4067,0.405,0.4047,0.4046,0.4006,0.3923,0.385,0.3809,0.3797,0.3776,0.3737,0.3664,0.3595,0.3541,0.3481,0.3437,0.3386,0.3313,0.3258,0.324,0.3225,0.3193,0.3149,0.3088,0.3019,0.2932,0.2828,0.2739,0.2668,0.2606,0.2558,0.2515,0.2485,0.2468,0.2482,0.2493,0.2463,0.2381,0.2312,0.2281,0.2257,0.2257,0.2274,0.2259,0.2224,0.2149,0.2044,0.2048,0.2025,0.1999,0.1997,0.1971,0.1942,0.1877,0.1765,0.1695,0.1675,0.1708,0.1697,0.1674,0.1639,0.1605,0.1609,0.1656
0.5303,0.5231,0.5151,0.5089,0.5037,0.4972,0.4902,0.4811,0.4738,0.4668,0.4589,0.4517,0.4413,0.43,0.4182,0.4065,0.3952,0.3821,0.3687,0.3524,0.3319,0.3097,0.2906,0.2742,0.2569,0.2386,0.2192,0.2011,0.1872,0.1732,0.1579,0.1454,0.1368,0.1306,0.1246,0.1188,0.1125,0.1089,0.1058,0.1035,0.1011,0.099,0.0956,0.092,0.0892,0.0826,0.0766,0.0711,0.0625,0.0542,0.0475,0.0419,0.0363,0.0322,0.0279,0.0249,0.0224,0.0204,0.0197,0.0185,0.0184,0.0195,0.0187,0.0184,0.019,0.0195,0.0201,0.0203,0.0199,0.0192,0.0188,0.0172,0.0142,0.0118,0.0098,0.009,0.0074,0.0063,0.0049,0.0036,0.0023,0.0017,0.0012,0.0012,0.0016,0.0013,0.0007,0.0006,0.0005,0.0014
0.5187,0.511,0.5076,0.4949,0.4802,0.4632,0.4472,0.429,0.4035,0.3807,0.3626,0.3381,0.3165,0.2917,0.2677,0.2449,0.2214,0.1998,0.1825,0.1694,0.1474,0.1235,0.1028,0.087,0.0774,0.0661,0.0586,0.0516,0.0447,0.04,0.0367,0.0338,0.0321,0.0309,0.0297,0.0316,0.0319,0.0326,0.0315,0.0293,0.0287,0.0267,0.0242,0.0234,0.0202,0.0168,0.0141,0.0116,0.0093,0.0086,0.0068,0.0054,0.0042,0.0029,0.0026,0.0028,0.0026,0.0028,0.0028,0.0024,0.0021,0.0017,0.0009,0.0003,0.0,0.0,0.0,0.0,0.0,0.0001,0.0003,0.0,0.0004,0.002,0.0027,0.0029,0.0027,0.0027,0.0046,0.0061,0.0052,0.0043,0.0028,0.0016,0.0011,0.001,0.0026,0.0042,0.0067,0.0073
0.3224,0.3207,0.3125,0.3072,0.3011,0.2939,0.2857,0.2761,0.2682,0.2658,0.2599,0.2509,0.2422,0.2357,0.2282,0.2186,0.2099,0.2012,0.192,0.1827,0.1748,0.1632,0.1531,0.1439,0.137,0.1298,0.1231,0.1148,0.1082,0.1027,0.0927,0.0805,0.0715,0.0648,0.0561,0.0503,0.0443,0.0374,0.0341,0.035,0.0328,0.0299,0.0254,0.0184,0.0149,0.0135,0.0147,0.0187,0.0184,0.0182,0.0182,0.0181,0.0188,0.0195,0.0203,0.0205,0.0192,0.0178,0.0186,0.0218,0.0219,0.0219,0.0227,0.02,0.0164,0.0143,0.0133,0.0144,0.0159,0.019,0.0216,0.0204,0.0167,0.0144,0.0184,0.0187,0.0179,0.0172,0.016,0.0159,0.0179,0.0191,0.0184,0.0174,0.0176,0.0184,0.0194,0.0201,0.0193,0.019
0.3138,0.3091,0.3026,0.2982,0.2884,0.276,0.2604,0.2426,0.2256,0.2085,0.1905,0.1772,0.1651,0.1536,0.1402,0.1238,0.1125,0.1048,0.0938,0.0813,0.0671,0.0571,0.0526,0.0471,0.0424,0.0391,0.0356,0.0322,0.0316,0.0325,0.0334,0.0342,0.035,0.0365,0.0394,0.0421,0.0439,0.0452,0.0454,0.0452,0.0413,0.04,0.0403,0.0365,0.0342,0.0371,0.0375,0.0372,0.037,0.037,0.0369,0.0357,0.0343,0.0333,0.0328,0.0334,0.0342,0.034,0.034,0.0321,0.0314,0.0315,0.0317,0.0302,0.0244,0.0227,0.0235,0.0213,0.0185,0.0169,0.0169,0.0175,0.013,0.0114,0.0138,0.0136,0.0124,0.011,0.0128,0.0133,0.0131,0.0147,0.0148,0.0125,0.0138,0.0136,0.0115,0.0136,0.0172,0.0201
