0.3026,0.2892,0.2772,0.2662,0.2551,0.2404,0.2257,0.2107,0.1982,0.1839,0.1697,0.1593,0.1509,0.1426,0.1353,0.1266,0.1165,0.1114,0.1067,0.1021,0.098,0.0918,0.0856,0.08,0.0735,0.0691,0.0661,0.0635,0.0611,0.0576,0.0536,0.0506,0.0494,0.0475,0.0416,0.0386,0.0362,0.0337,0.0333,0.0312,0.0307,0.0295,0.0264,0.0205,0.0171,0.0158,0.0167,0.019,0.0163,0.0126,0.0095,0.0088,0.009,0.0096,0.0087,0.0087,0.0074,0.0063,0.0072,0.0088,0.009,0.0089,0.0089,0.0089,0.0092,0.0104,0.0116,0.012,0.0121,0.0119,0.012,0.012,0.0115,0.0122,0.0129,0.013,0.0129,0.015,0.0141,0.0142,0.0143,0.0139,0.0141,0.0151,0.0161,0.0185,0.02,0.0225,0.0193,0.0168
0.3872,0.3776,0.3709,0.364,0.3562,0.3462,0.3325,0.3191,0.3056,0.29,0.2755,0.266,0.2647,0.2563,0.2378,0.217,0.198,0.1786,0.1608,0.1449,0.1277,0.1087,0.0919,0.0777,0.0655,0.0569,0.0507,0.0468,0.0446,0.0441,0.044,0.0433,0.0438,0.0451,0.0492,0.0529,0.0554,0.0581,0.0566,0.0577,0.0589,0.0567,0.0558,0.0543,0.0564,0.06,0.0617,0.0608,0.0594,0.0567,0.0546,0.0525,0.0506,0.0518,0.0518,0.0542,0.0567,0.0571,0.0575,0.057,0.0548,0.0518,0.0482,0.0461,0.0448,0.0464,0.0491,0.0501,0.0503,0.05,0.0487,0.0471,0.0461,0.0463,0.0472,0.0469,0.0484,0.0527,0.0561,0.0511,0.0426,0.0371,0.0315,0.0289,0.0282,0.0291,0.0326,0.0365,0.0387,0.0387
0.4526,0.4432,0.4378,0.4337,0.4277,0.42,0.4141,0.4076,0.397,0.3835,0.3701,0.3561,0.345,0.3373,0.3286,0.3173,0.3039,0.289,0.2744,0.2648,0.2558,0.2429,0.2284,0.2219,0.2232,0.2183,0.2069,0.193,0.1784,0.1642,0.1512,0.1407,0.1305,0.1252,0.1241,0.1242,0.1226,0.12,0.1175,0.1153,0.112,0.1071,0.1025,0.1002,0.1007,0.1004,0.0982,0.0961,0.0955,0.0956,0.0941,0.092,0.0908,0.0878,0.0861,0.083,0.0801,0.0793,0.0769,0.0754,0.0732,0.0713,0.0713,0.0701,0.0682,0.0657,0.0619,0.0598,0.0604,0.0608,0.0609,0.0605,0.0593,0.0578,0.0546,0.0513,0.0495,0.0462,0.0432,0.0391,0.0363,0.0352,0.0322,0.0293,0.0277,0.0271,0.0273,0.0278,0.0275,0.0247
0.37,0.3635,0.3528,0.3443,0.3392,0.3338,0.3282,0.3227,0.3217,0.3182,0.3126,0.3051,0.2961,0.2866,0.2757,0.2667,0.2621,0.2633,0.2635,0.2608,0.2561,0.252,0.2487,0.243,0.2361,0.2303,0.2246,0.2167,0.2085,0.2035,0.1994,0.1941,0.1894,0.1834,0.1782,0.1718,0.1634,0.154,0.1459,0.1397,0.1358,0.1317,0.1242,0.1197,0.1224,0.1233,0.1236,0.1256,0.1238,0.1194,0.1162,0.114,0.1109,0.109,0.1064,0.099,0.093,0.0928,0.0903,0.0874,0.0862,0.0841,0.0805,0.0762,0.0753,0.0748,0.0723,0.0693,0.0664,0.0633,0.0607,0.0591,0.0578,0.0554,0.0508,0.0462,0.0418,0.0376,0.0351,0.0319,0.0264,0.0218,0.0185,0.0189,0.0187,0.0183,0.0194,0.0188,0.0174,0.0182
0.2524,0.2474,0.2385,0.2353,0.2388,0.2384,0.2372,0.2332,0.2323,0.2303,0.2271,0.222,0.2161,0.2123,0.21,0.205,0.2042,0.2016,0.1975,0.1988,0.1982,0.1924,0.1882,0.183,0.1691,0.1592,0.1507,0.1464,0.1421,0.1383,0.1358,0.1348,0.1309,0.1238,0.1176,0.1098,0.1034,0.0992,0.0979,0.0914,0.0862,0.0813,0.0771,0.0747,0.0718,0.0651,0.0597,0.0489,0.0452,0.0429,0.0383,0.0336,0.0319,0.0296,0.0269,0.0247,0.0212,0.0165,0.0129,0.0083,0.0062,0.0054,0.0042,0.003,0.0019,0.0011,0.0003,0.0,0.0,0.0,0.0,0.0,0.0,0.0,0.0,0.0,0.0,0.0,0.0,0.0,0.0,0.0,0.0,0.0,0.0,0.0,0.0,0.0,0.0,0.0
0.161,0.1593,0.1557,0.1498,0.1441,0.1367,0.1379,0.1359,0.1291,0.1274,0.1248,0.1231,0.119,0.1124,0.1068,0.1037,0.0975,0.0866,0.079,0.0777,0.0747,0.069,0.0604,0.0545,0.0492,0.0416,0.0374,0.0348,0.0314,0.0282,0.0258,0.02,0.011,0.0048,0.0028,0.0019,0.0016,0.0014,0.0015,0.0008,0.0003,0.0,0.0,0.0,0.0,0.0,0.0,0.0,0.0,0.0,0.0,0.0,0.0,0.0,0.0,0.0,0.0,0.0,0.0,0.0,0.0,0.0,0.0,0.0,0.0,0.0,0.0,0.0,0.0,0.0,0.0,0.0,0.0,0.0,0.0,0.0,0.0,0.0,0.0,0.0,0.0,0.0,0.0,0.0,0.0,0.0,0.0,0.0,0.0,0.0
0.1172,0.113,0.1057,0.1008,0.0932,0.0859,0.0807,0.0759,0.0713,0.0665,0.0621,0.0567,0.054,0.0502,0.0445,0.0408,0.0396,0.0363,0.0336,0.032,0.0313,0.0311,0.0294,0.0269,0.0253,0.027,0.0284,0.0301,0.0291,0.0263,0.024,0.0237,0.0217,0.0206,0.0203,0.019,0.0151,0.0113,0.0096,0.0081,0.0062,0.0042,0.0023,0.0012,0.0001,0.0,0.0,0.0,0.0,0.0,0.0,0.0,0.0,0.0,0.0,0.0,0.0,0.0,0.0,0.0,0.0,0.0,0.0,0.0,0.0,0.0,0.0,0.0,0.0,0.0,0.0,0.0,0.0,0.0,0.0,0.0,0.0,0.0,0.0,0.0,0.0,0.0,0.0,0.0,0.0,0.0,0.0,0.0,0.0,0.0
0.1669,0.1606,0.1544,0.1506,0.1461,0.1409,0.1339,0.1319,0.1257,0.1234,0.1219,0.1174,0.1139,0.1089,0.1047,0.0987,0.0932,0.088,0.0821,0.0757,0.0665,0.0585,0.0534,0.0486,0.0437,0.04,0.0351,0.0282,0.0218,0.0167,0.0125,0.0107,0.0096,0.0086,0.0074,0.0064,0.005,0.0035,0.0019,0.0007,0.0002,0.0,0.0,0.0,0.0,0.0,0.0,0.0,0.0,0.0,0.0,0.0,0.0,0.0,0.0,0.0,0.0,0.0,0.0,0.0,0.0,0.0,0.0,0.0,0.0,0.0,0.0,0.0,0.0,0.0,0.0,0.0,0.0,0.0,0.0,0.0,0.0,0.0,0.0,0.0,0.0,0.0,0.0,0.0,0.0,0.0,0.0,0.0,0.0,0.0
0.0986,0.093,0.0884,0.0847,0.0805,0.0742,0.0687,0.0643,0.0602,0.0583,0.0558,0.0503,0.0454,0.0382,0.0341,0.0309,0.0276,0.025,0.0219,0.0198,0.0195,0.0198,0.0185,0.0158,0.0136,0.0125,0.0114,0.0109,0.0107,0.0103,0.0104,0.0098,0.009,0.0071,0.0059,0.0052,0.0027,0.0007,0.0003,0.0,0.0,0.0,0.0,0.0,0.0,0.0,0.0,0.0,0.0,0.0,0.0,0.0,0.0,0.0,0.0001,0.0001,0.0,0.0,0.0,0.0,0.0,0.0,0.0,0.0,0.0,0.0,0.0,0.0,0.0,0.0,0.0,0.0,0.0,0.0,0.0,0.0,0.0,0.0,0.0,0.0,0.0,0.0,0.0,0.0,0.0,0.0,0.0,0.0,0.0,0.0
0.1277,0.1226,0.1184,0.1162,0.1108,0.1049,0.0983,0.0919,0.0838,0.0795,0.0783,0.0737,0.0695,0.0654,0.0612,0.0571,0.053,0.0493,0.0448,0.039,0.0346,0.0312,0.0271,0.0222,0.0168,0.0159,0.0155,0.0153,0.0149,0.015,0.0155,0.0163,0.0159,0.0185,0.0222,0.0256,0.0267,0.0266,0.0243,0.0224,0.0201,0.0172,0.0117,0.0085,0.0056,0.0025,0.0031,0.0044,0.0042,0.0038,0.0034,0.0022,0.0017,0.0021,0.0017,0.0014,0.0006,0.0003,0.0006,0.001,0.0001,0.0004,0.0017,0.0024,0.0021,0.0018,0.0012,0.0013,0.0015,0.0016,0.0009,0.0002,0.0013,0.0023,0.0033,0.0036,0.0022,0.0014,0.0011,0.0008,0.0003,0.0001,0.0,0.0,0.0,0.0,0.0,0.0,0.0,0.0
0.1126,0.1109,0.1091,0.1075,0.105,0.1031,0.1002,0.0995,0.0966,0.0928,0.0879,0.0846,0.0829,0.0809,0.0789,0.0777,0.0766,0.0747,0.0736,0.0728,0.0712,0.0694,0.0674,0.0665,0.0641,0.0614,0.0573,0.0529,0.0496,0.0474,0.0449,0.042,0.0412,0.0379,0.0336,0.027,0.0246,0.0202,0.0167,0.0151,0.0171,0.0175,0.0166,0.0155,0.0149,0.015,0.0154,0.0144,0.014,0.0148,0.0152,0.0132,0.0132,0.0133,0.0131,0.0122,0.0109,0.0102,0.0095,0.0093,0.0082,0.0071,0.0094,0.0095,0.0072,0.005,0.0024,0.0017,0.0017,0.0016,0.0008,0.0003,0.0008,0.0005,0.0003,0.0,0.0,0.0,0.0,0.0,0.0,0.0,0.0,0.0,0.0,0.0,0.0,0.0,0.0,0.0
0.0674,0.0669,0.0663,0.0641,0.0608,0.0627,0.0618,0.06,0.0602,0.0591,0.058,0.0589,0.0595,0.0597,0.0589,0.0578,0.0586,0.06,0.062,0.0628,0.0645,0.0631,0.0598,0.0555,0.0536,0.0518,0.0504,0.0484,0.0471,0.0454,0.0441,0.0419,0.0394,0.0382,0.0356,0.0311,0.0293,0.0262,0.0222,0.0177,0.017,0.0165,0.0138,0.0122,0.0125,0.0122,0.0122,0.0116,0.0105,0.0076,0.0044,0.001,0.0005,0.0003,0.0002,0.0002,0.0001,0.0002,0.0002,0.0002,0.0002,0.0002,0.0001,0.0001,0.0001,0.0001,0.0001,0.0001,0.0,0.0,0.0,0.0,0.0,0.0,0.0,0.0,0.0,0.0,0.0,0.0,0.0,0.0,0.0,0.0,0.0,0.0,0.0,0.0,0.0,0.0
0.0683,0.0669,0.0661,0.0657,0.064,0.0646,0.0635,0.064,0.0643,0.0635,0.0627,0.0615,0.0574,0.0531,0.0514,0.0503,0.0507,0.048,0.0408,0.0323,0.0278,0.0241,0.0172,0.0156,0.0135,0.0131,0.011,0.0091,0.0083,0.0071,0.0064,0.0061,0.006,0.005,0.0026,0.0016,0.003,0.0032,0.0019,0.0022,0.0021,0.0011,0.0003,0.0,0.0,0.0,0.0,0.0,0.0,0.0,0.0,0.0,0.0,0.0,0.0,0.0,0.0,0.0,0.0,0.0,0.0,0.0,0.0,0.0,0.0,0.0,0.0,0.0,0.0,0.0,0.0,0.0,0.0,0.0,0.0,0.0,0.0,0.0,0.0,0.0,0.0,0.0,0.0,0.0,0.0,0.0,0.0,0.0,0.0,0.0
0.0423,0.0427,0.0441,0.0444,0.04,0.0322,0.0293,0.0284,0.0281,0.0282,0.0274,0.0231,0.0201,0.0184,0.0184,0.0156,0.0128,0.0113,0.0096,0.008,0.0062,0.0029,0.0019,0.0014,0.0002,0.0,0.0001,0.0004,0.0004,0.0002,0.0007,0.0006,0.0,0.0,0.0,0.0,0.0,0.0001,0.0001,0.0002,0.0,0.0,0.0002,0.0011,0.0009,0.0037,0.0054,0.0045,0.0023,0.0015,0.0005,0.0001,0.0002,0.0002,0.0002,0.0001,0.0,0.0,0.0,0.0,0.0,0.0,0.0,0.0,0.0,0.0,0.0,0.0,0.0,0.0,0.0,0.0,0.0,0.0,0.0,0.0,0.0,0.0,0.0,0.0,0.0,0.0,0.0,0.0,0.0,0.0,0.0,0.0,0.0,0.0
0.0526,0.0487,0.0447,0.0406,0.0392,0.0395,0.0368,0.0354,0.0334,0.0327,0.031,0.0285,0.0265,0.026,0.0246,0.0217,0.019,0.0173,0.0163,0.0158,0.0173,0.0167,0.0161,0.0164,0.0168,0.0171,0.0183,0.0192,0.0189,0.0185,0.0172,0.0181,0.019,0.0209,0.0201,0.0179,0.0151,0.0126,0.0109,0.0133,0.0149,0.0158,0.0147,0.0144,0.0141,0.0143,0.0122,0.0105,0.0071,0.0042,0.003,0.0026,0.0008,0.0026,0.0011,0.0001,0.0,0.0013,0.0036,0.0047,0.006,0.0037,0.0015,0.0004,0.0001,0.0,0.0,0.0,0.0001,0.0,0.0,0.0,0.0,0.0,0.0,0.0,0.0,0.0,0.0,0.0,0.0,0.0,0.0,0.0,0.0,0.0,0.0,0.0,0.0,0.0
0.1221,0.1159,0.1139,0.1123,0.1119,0.1045,0.1009,0.0947,0.0906,0.0871,0.0838,0.0789,0.0729,0.0709,0.0675,0.067,0.069,0.0698,0.0698,0.068,0.0699,0.0714,0.0688,0.0681,0.0702,0.0716,0.0724,0.0746,0.0755,0.0768,0.0692,0.065,0.0631,0.0583,0.0487,0.0462,0.0443,0.0424,0.0404,0.0369,0.0347,0.0332,0.0319,0.0286,0.0273,0.0246,0.0203,0.0198,0.018,0.0121,0.0091,0.0093,0.008,0.0077,0.0049,0.0024,0.0005,0.0001,0.0,0.0,0.0,0.0,0.0,0.0,0.0,0.0,0.0,0.0,0.0,0.0,0.0,0.0,0.0,0.0,0.0,0.0,0.0,0.0,0.0,0.0,0.0,0.0,0.0,0.0,0.0,0.0,0.0,0.0,0.0,0.0
0.2417,0.2324,0.2179,0.214,0.2125,0.2045,0.1948,0.1865,0.1775,0.1712,0.1632,0.1605,0.1569,0.1506,0.1434,0.1399,0.1367,0.1327,0.1299,0.127,0.1241,0.129,0.1291,0.1268,0.1223,0.1197,0.1158,0.1102,0.1106,0.107,0.0992,0.0888,0.0809,0.0738,0.0708,0.0662,0.06,0.0541,0.0495,0.0439,0.037,0.0346,0.0298,0.0273,0.0238,0.0174,0.0143,0.011,0.0083,0.0063,0.0051,0.0037,0.003,0.0024,0.0016,0.0009,0.0004,0.0,0.0,0.0,0.0,0.0,0.0,0.0,0.0,0.0,0.0,0.0,0.0,0.0,0.0,0.0,0.0,0.0,0.0,0.0,0.0,0.0,0.0,0.0,0.0,0.0,0.0,0.0,0.0,0.0,0.0,0.0,0.0,0.0
0.344,0.3377,0.3298,0.3175,0.3085,0.3031,0.2945,0.2857,0.2782,0.2696,0.2638,0.258,0.2545,0.2489,0.2391,0.2322,0.2254,0.2178,0.2112,0.2078,0.2012,0.1899,0.1823,0.1773,0.1691,0.1601,0.1531,0.1486,0.1441,0.1385,0.1311,0.1167,0.1075,0.0994,0.0919,0.0842,0.0791,0.0699,0.0581,0.0491,0.0426,0.0388,0.0348,0.0283,0.0244,0.0236,0.0239,0.0213,0.0195,0.0146,0.0091,0.0071,0.0055,0.0048,0.004,0.003,0.0007,0.0,0.0,0.0,0.0,0.0,0.0,0.0,0.0,0.0,0.0,0.0,0.0,0.0,0.0,0.0,0.0,0.0,0.0,0.0,0.0,0.0,0.0,0.0,0.0,0.0,0.0,0.0,0.0,0.0,0.0,0.0,0.0,0.0
0.383,0.3781,0.3717,0.3689,0.3538,0.3473,0.3391,0.3342,0.3301,0.3206,0.3132,0.3085,0.3057,0.3002,0.2923,0.2835,0.2746,0.2669,0.2578,0.2558,0.2542,0.2432,0.2328,0.2263,0.2209,0.21,0.2023,0.201,0.1943,0.1816,0.1706,0.1527,0.1358,0.1182,0.1018,0.093,0.0927,0.0831,0.0684,0.0602,0.0541,0.0582,0.0602,0.0579,0.0542,0.045,0.0358,0.0272,0.0223,0.0221,0.0209,0.0242,0.0262,0.024,0.0224,0.0205,0.0212,0.0214,0.0203,0.0193,0.0184,0.0184,0.0178,0.017,0.0146,0.0123,0.0131,0.0133,0.0117,0.0108,0.01,0.0088,0.0096,0.0108,0.0101,0.0084,0.0084,0.0076,0.0067,0.0066,0.0059,0.0049,0.0044,0.0046,0.0057,0.0067,0.004,0.0022,0.0017,0.0019
0.4381,0.4384,0.4346,0.4292,0.4216,0.4185,0.4165,0.4147,0.4122,0.4077,0.3995,0.3908,0.3878,0.3874,0.3844,0.3804,0.3738,0.3675,0.3605,0.3538,0.3479,0.3437,0.3407,0.3328,0.3264,0.3234,0.3193,0.3164,0.3115,0.3061,0.2999,0.2923,0.2846,0.2746,0.2618,0.2507,0.2433,0.2352,0.2262,0.2191,0.2143,0.2076,0.1976,0.1867,0.1799,0.1744,0.1675,0.158,0.1469,0.137,0.1248,0.1139,0.101,0.092,0.0847,0.0766,0.0709,0.0682,0.0641,0.0599,0.0558,0.0507,0.0472,0.045,0.0433,0.0386,0.0377,0.0383,0.0363,0.033,0.0317,0.0289,0.0275,0.0272,0.0265,0.0246,0.0234,0.0222,0.0222,0.0211,0.0203,0.0188,0.0176,0.0178,0.0179,0.0168,0.0159,0.0163,0.017,0.0158
0.3003,0.2998,0.3008,0.2998,0.3003,0.2982,0.2956,0.2944,0.2897,0.2856,0.2813,0.2771,0.2728,0.2708,0.2685,0.2648,0.2593,0.2498,0.2434,0.2349,0.2276,0.2224,0.2188,0.2128,0.1998,0.188,0.1782,0.1713,0.169,0.1668,0.1694,0.1721,0.1754,0.1789,0.1797,0.1723,0.1637,0.1567,0.1482,0.1435,0.1349,0.1235,0.1112,0.1035,0.0989,0.0994,0.1011,0.1011,0.1004,0.098,0.0939,0.0846,0.0775,0.0713,0.0658,0.0606,0.056,0.0522,0.0487,0.0472,0.0435,0.041,0.0375,0.0353,0.0335,0.0312,0.0293,0.0265,0.0243,0.0219,0.0187,0.0162,0.0142,0.0107,0.0101,0.0104,0.0092,0.0087,0.0082,0.0072,0.0066,0.0053,0.0042,0.0047,0.0042,0.0042,0.0035,0.003,0.0041,0.0033
0.3492,0.3436,0.3402,0.3384,0.3372,0.331,0.3239,0.3099,0.3035,0.2955,0.2843,0.2737,0.2693,0.2619,0.2584,0.2499,0.2421,0.2365,0.2324,0.2283,0.2197,0.2127,0.2029,0.192,0.1826,0.1711,0.1606,0.1551,0.1482,0.1382,0.1312,0.1255,0.1155,0.1061,0.0973,0.0853,0.076,0.0658,0.0602,0.0571,0.0505,0.043,0.0399,0.0413,0.0399,0.0369,0.0331,0.0292,0.0271,0.0241,0.0181,0.0159,0.0149,0.0133,0.0116,0.0108,0.0095,0.0087,0.0095,0.009,0.0071,0.0065,0.0053,0.0039,0.0028,0.0017,0.002,0.0017,0.0011,0.0013,0.0008,0.0003,0.0017,0.0025,0.002,0.0018,0.0021,0.0024,0.0021,0.0012,0.0009,0.0008,0.0016,0.0016,0.0016,0.0027,0.0045,0.0041,0.0035,0.0036
0.3838,0.3774,0.3708,0.369,0.3672,0.3647,0.3573,0.349,0.3407,0.3362,0.3284,0.3196,0.3107,0.3049,0.3015,0.2968,0.2911,0.2843,0.2786,0.2752,0.2674,0.2573,0.2455,0.2371,0.2305,0.2196,0.2088,0.1967,0.1908,0.1854,0.1796,0.1715,0.1656,0.1619,0.1539,0.1427,0.1313,0.1223,0.1166,0.1094,0.1043,0.0986,0.0935,0.0875,0.08,0.0728,0.066,0.059,0.0519,0.0476,0.0431,0.0389,0.039,0.0367,0.0338,0.033,0.0315,0.0286,0.0264,0.0258,0.0269,0.0296,0.0311,0.0307,0.0287,0.0264,0.0256,0.0252,0.0237,0.0223,0.0215,0.0231,0.0248,0.024,0.024,0.0231,0.024,0.0262,0.0262,0.0261,0.0255,0.0244,0.0237,0.0238,0.0245,0.0274,0.0272,0.0217,0.0165,0.0148
0.3141,0.3108,0.3033,0.2967,0.2965,0.302,0.3065,0.306,0.3052,0.3062,0.3067,0.3032,0.2913,0.2815,0.2716,0.2656,0.2604,0.2547,0.2474,0.2415,0.2341,0.2251,0.2186,0.2139,0.2098,0.2056,0.2014,0.1924,0.1841,0.1712,0.1584,0.1497,0.1409,0.1317,0.1247,0.1167,0.1113,0.1107,0.1123,0.1026,0.0945,0.085,0.0794,0.0737,0.0678,0.0623,0.0587,0.0536,0.0488,0.0448,0.0434,0.0422,0.0389,0.0367,0.0357,0.0318,0.0295,0.0289,0.0274,0.0268,0.024,0.019,0.0146,0.0138,0.0128,0.0125,0.0122,0.0122,0.0128,0.013,0.0126,0.0117,0.0083,0.0066,0.0056,0.0055,0.0047,0.0039,0.0029,0.0015,0.0011,0.0006,0.0003,0.0002,0.0002,0.0003,0.0004,0.0001,0.0,0.0
0.2328,0.2292,0.2244,0.2184,0.2154,0.2116,0.2074,0.2038,0.2028,0.1976,0.1963,0.1962,0.1938,0.1836,0.1748,0.1712,0.1667,0.1634,0.1583,0.1512,0.1434,0.138,0.1329,0.1262,0.1196,0.116,0.1143,0.1107,0.1069,0.1022,0.0964,0.0879,0.0821,0.0769,0.0722,0.0662,0.0576,0.0494,0.044,0.0376,0.0311,0.0262,0.0226,0.0167,0.0125,0.0099,0.0086,0.0077,0.0073,0.0069,0.007,0.0068,0.0067,0.0059,0.0051,0.0045,0.0038,0.002,0.001,0.0007,0.0011,0.0018,0.0018,0.0013,0.0015,0.0022,0.0024,0.0022,0.0019,0.0016,0.0016,0.0016,0.0015,0.0016,0.0024,0.0027,0.0024,0.0028,0.0028,0.0029,0.0031,0.0043,0.0047,0.005,0.0045,0.0053,0.0052,0.0049,0.0064,0.0076
0.1843,0.1841,0.182,0.1778,0.1696,0.164,0.166,0.1618,0.1589,0.1551,0.1527,0.1486,0.1462,0.1448,0.1381,0.1282,0.1205,0.1141,0.1098,0.1039,0.096,0.0908,0.0888,0.0866,0.0839,0.0816,0.0801,0.0789,0.0759,0.0731,0.0697,0.066,0.0639,0.0645,0.064,0.0622,0.0624,0.0619,0.059,0.0555,0.0534,0.0516,0.0505,0.0503,0.0513,0.0516,0.0512,0.0514,0.0519,0.052,0.0511,0.0505,0.0509,0.05,0.0491,0.0488,0.0473,0.0424,0.0398,0.0383,0.0397,0.0408,0.039,0.0371,0.0354,0.0346,0.0336,0.0326,0.0321,0.0316,0.0314,0.031,0.031,0.0307,0.0312,0.0324,0.0342,0.0338,0.0352,0.0361,0.035,0.0308,0.0294,0.0283,0.028,0.0265,0.0279,0.0275,0.0234,0.0207
0.1572,0.155,0.1484,0.1424,0.1328,0.1298,0.1271,0.1258,0.1269,0.1237,0.1252,0.1255,0.1213,0.1159,0.1196,0.1168,0.1179,0.1186,0.1202,0.1215,0.1231,0.1238,0.1219,0.1186,0.1156,0.1136,0.1128,0.1084,0.0988,0.0882,0.0837,0.0834,0.0933,0.0966,0.0967,0.0958,0.095,0.0947,0.0918,0.0896,0.0938,0.0908,0.0879,0.0893,0.0892,0.0877,0.0833,0.0795,0.0758,0.0728,0.0701,0.0678,0.0655,0.0644,0.0627,0.0607,0.0583,0.0526,0.0493,0.0471,0.0459,0.0451,0.0448,0.0438,0.042,0.0415,0.0394,0.0371,0.0362,0.035,0.0344,0.0353,0.0348,0.0336,0.0323,0.03,0.0271,0.0255,0.0229,0.0189,0.0127,0.0073,0.0048,0.0037,0.0032,0.0035,0.0053,0.0051,0.0029,0.001
0.1807,0.1849,0.1841,0.1807,0.1742,0.1678,0.1637,0.1591,0.1565,0.154,0.1529,0.1512,0.1484,0.147,0.1472,0.148,0.1512,0.1471,0.1424,0.1399,0.1381,0.1358,0.132,0.128,0.1247,0.1238,0.1238,0.1195,0.1128,0.1066,0.1033,0.1004,0.1003,0.0951,0.0888,0.0845,0.0774,0.0738,0.0685,0.0654,0.0631,0.058,0.0525,0.0489,0.0456,0.0424,0.0384,0.035,0.0304,0.0275,0.0259,0.0234,0.0206,0.0177,0.0155,0.0133,0.0115,0.0103,0.0108,0.0112,0.0104,0.0097,0.0091,0.0082,0.0069,0.0055,0.0053,0.0046,0.0046,0.0045,0.0042,0.004,0.0041,0.0047,0.0052,0.0041,0.0038,0.0031,0.0025,0.0027,0.003,0.0035,0.0029,0.0032,0.0042,0.0046,0.0046,0.0044,0.0034,0.0034
0.1389,0.1383,0.1455,0.1503,0.1536,0.1476,0.143,0.1415,0.1396,0.1366,0.1332,0.1271,0.1268,0.1258,0.1245,0.1228,0.1184,0.1144,0.1131,0.1105,0.1084,0.1071,0.1055,0.1029,0.1003,0.0975,0.0945,0.0907,0.0882,0.0867,0.0851,0.0838,0.0783,0.0731,0.0687,0.0647,0.0607,0.0591,0.0562,0.0518,0.0479,0.0469,0.048,0.0436,0.0377,0.0327,0.034,0.0336,0.0325,0.0305,0.028,0.027,0.0247,0.024,0.0253,0.0261,0.0252,0.0251,0.0251,0.0254,0.0251,0.0246,0.0252,0.0233,0.0201,0.0169,0.0131,0.011,0.0115,0.0116,0.011,0.0111,0.0109,0.0127,0.0125,0.0103,0.0079,0.0092,0.0085,0.0072,0.0045,0.0033,0.0013,0.0002,0.0,0.0008,0.0011,0.0006,0.0012,0.0017
0.0636,0.0614,0.0617,0.0597,0.0573,0.0565,0.0566,0.0567,0.0582,0.058,0.0572,0.0565,0.0561,0.0573,0.0574,0.0566,0.0541,0.053,0.0526,0.0526,0.0525,0.0526,0.0531,0.0535,0.0544,0.0556,0.0555,0.0548,0.0544,0.0542,0.0539,0.0529,0.0524,0.0527,0.0529,0.0533,0.0534,0.0526,0.052,0.0513,0.0506,0.049,0.0473,0.0447,0.0439,0.0428,0.0413,0.0393,0.0389,0.0377,0.0377,0.039,0.0387,0.0397,0.0408,0.0409,0.0408,0.0411,0.0415,0.0416,0.0418,0.0414,0.0407,0.0401,0.0396,0.0394,0.0388,0.0388,0.0397,0.0405,0.0406,0.0398,0.0394,0.039,0.039,0.0381,0.0371,0.0368,0.0372,0.039,0.0399,0.0402,0.0404,0.0402,0.0398,0.0389,0.0384,0.0385,0.0388,0.0398
0.4447,0.4346,0.4224,0.4194,0.4157,0.4115,0.405,0.4056,0.4034,0.398,0.3991,0.401,0.4037,0.4065,0.4093,0.4095,0.4144,0.4258,0.4381,0.4513,0.4573,0.4597,0.4653,0.4726,0.4806,0.4861,0.4916,0.4937,0.4884,0.4859,0.4882,0.4881,0.4853,0.4802,0.4745,0.4659,0.4564,0.449,0.4477,0.4417,0.4406,0.4353,0.4275,0.417,0.407,0.4024,0.3977,0.3901,0.3874,0.3879,0.3866,0.386,0.3847,0.3831,0.377,0.3793,0.379,0.3789,0.3779,0.3745,0.3739,0.3731,0.3706,0.3696,0.3691,0.3686,0.3664,0.3637,0.3652,0.3668,0.3695,0.3717,0.3677,0.3682,0.366,0.3671,0.3682,0.3673,0.3679,0.3694,0.3672,0.3662,0.3644,0.3622,0.3623,0.3601,0.3611,0.3636,0.3606,0.3666
0.4914,0.488,0.4818,0.4769,0.4766,0.4758,0.473,0.4695,0.4664,0.4624,0.4552,0.4471,0.4398,0.4335,0.4286,0.4233,0.4217,0.4205,0.4163,0.4085,0.396,0.3818,0.3684,0.3566,0.342,0.3199,0.2971,0.2677,0.2432,0.2268,0.2143,0.2078,0.2063,0.2001,0.1921,0.1841,0.179,0.1776,0.1763,0.1703,0.1669,0.1659,0.1635,0.1601,0.1542,0.1456,0.1407,0.1373,0.1352,0.1336,0.1328,0.1323,0.1307,0.1291,0.1252,0.1226,0.1218,0.1203,0.1184,0.1158,0.1153,0.1178,0.1188,0.1179,0.1172,0.1174,0.1153,0.1141,0.1122,0.1076,0.1037,0.1023,0.1003,0.0932,0.0875,0.0831,0.081,0.0796,0.0781,0.0772,0.0767,0.0767,0.0771,0.0767,0.0759,0.0755,0.0761,0.0759,0.0757,0.0784
0.5245,0.5188,0.5128,0.5061,0.501,0.496,0.4903,0.4802,0.4723,0.4661,0.4575,0.4462,0.4339,0.4211,0.4047,0.3955,0.3958,0.3824,0.3615,0.3384,0.3163,0.2981,0.283,0.265,0.2448,0.2247,0.2054,0.1876,0.1743,0.1621,0.1479,0.1374,0.13,0.1256,0.1214,0.1175,0.1147,0.1108,0.1042,0.1004,0.097,0.0942,0.0932,0.0928,0.0917,0.088,0.081,0.0744,0.0691,0.0648,0.0596,0.0564,0.054,0.0545,0.0531,0.0487,0.0456,0.0431,0.0412,0.0392,0.0378,0.0376,0.0393,0.0366,0.0343,0.0324,0.0319,0.0319,0.032,0.0303,0.0287,0.0268,0.0255,0.0243,0.0212,0.0178,0.0165,0.0146,0.0145,0.0157,0.0159,0.016,0.0166,0.0158,0.0145,0.0144,0.0152,0.0144,0.0133,0.0119
0.5116,0.5085,0.5025,0.4906,0.476,0.4655,0.4566,0.4453,0.4297,0.4178,0.4058,0.3899,0.372,0.357,0.3428,0.3227,0.2956,0.2666,0.2437,0.2239,0.2062,0.1884,0.1665,0.1482,0.1301,0.1142,0.1021,0.0924,0.0825,0.0749,0.0668,0.0634,0.0606,0.0578,0.0569,0.0518,0.0488,0.0485,0.0472,0.046,0.0442,0.0426,0.0399,0.0383,0.0376,0.0372,0.0365,0.0352,0.0355,0.0378,0.0393,0.0384,0.0359,0.0333,0.0312,0.0288,0.0269,0.0246,0.0221,0.018,0.015,0.0133,0.0123,0.012,0.0106,0.0099,0.0075,0.0058,0.0055,0.0046,0.0035,0.0019,0.0014,0.0011,0.0027,0.0036,0.0019,0.0002,0.0,0.0,0.0,0.0,0.0,0.0,0.0,0.0,0.0,0.0,0.0,0.0
0.3052,0.3026,0.2955,0.2898,0.2804,0.2726,0.2663,0.2547,0.2427,0.2328,0.2229,0.2122,0.2029,0.1957,0.1894,0.184,0.18,0.1738,0.1661,0.1566,0.1523,0.1481,0.1391,0.1285,0.1208,0.1134,0.1043,0.0981,0.0928,0.086,0.08,0.0745,0.0694,0.0636,0.0584,0.0521,0.0468,0.0431,0.0401,0.0376,0.0348,0.0365,0.0317,0.0268,0.0236,0.0218,0.0199,0.0174,0.0139,0.0106,0.0068,0.0037,0.0021,0.0006,0.0,0.0004,0.0005,0.0007,0.0012,0.0013,0.0015,0.0015,0.0013,0.0004,0.0002,0.001,0.0015,0.0018,0.0016,0.0012,0.0008,0.0005,0.0004,0.0002,0.0003,0.0005,0.0005,0.0008,0.001,0.0002,0.0,0.0,0.0,0.0,0.0,0.0,0.0,0.0,0.0,0.0
0.3517,0.346,0.3411,0.3367,0.3262,0.3095,0.2976,0.2866,0.2726,0.2618,0.2533,0.243,0.2312,0.2161,0.2012,0.1891,0.1785,0.1679,0.1522,0.1391,0.1277,0.112,0.0967,0.0876,0.0768,0.066,0.0591,0.0534,0.049,0.0492,0.0463,0.0435,0.0412,0.0381,0.0353,0.0318,0.0281,0.0251,0.0236,0.0243,0.0234,0.022,0.0242,0.0259,0.0255,0.0273,0.0302,0.0314,0.0304,0.0246,0.0215,0.0194,0.017,0.0172,0.0177,0.0169,0.0144,0.0123,0.0116,0.0114,0.0109,0.0099,0.0073,0.0031,0.0015,0.0004,0.0001,0.0002,0.0002,0.0001,0.0001,0.0003,0.0002,0.0001,0.0001,0.0001,0.0001,0.0,0.0,0.0,0.0,0.0,0.0,0.0,0.0,0.0003,0.0007,0.0023,0.0017,0.0007
