0.7327,0.7286,0.7265,0.7278,0.709,0.709,0.7013,0.6695,0.6741,0.67,0.6683,0.6693,0.6711,0.6747,0.671,0.6642,0.6617,0.6577,0.6646,0.6652,0.6677,0.6685,0.6651,0.6649,0.6585,0.6552,0.6562,0.655,0.6575,0.6612,0.6587,0.6452,0.6332,0.6076,0.604,0.6026,0.6007,0.6015,0.5856,0.5767,0.5618,0.5337,0.5105,0.4282,0.427,0.4252,0.425,0.3876,0.3764,0.3751,0.374,0.3629,0.3255,0.3127,0.305,0.2868,0.2864,0.285,0.2788,0.2709,0.2676,0.263,0.2469,0.2466,0.2449,0.2456,0.2442,0.2451,0.2327,0.221,0.2101,0.2062,0.1969,0.1903,0.1828,0.1825,0.1829,0.185,0.1845,0.1826,0.1779,0.1767,0.1745,0.1704,0.1627,0.1593,0.1605,0.1596,0.1568,0.1536
0.6842,0.6871,0.6788,0.6774,0.6724,0.6701,0.6655,0.6423,0.6139,0.6142,0.611,0.612,0.6093,0.6131,0.6094,0.6082,0.6048,0.6007,0.5965,0.5941,0.5936,0.5927,0.5899,0.5787,0.5746,0.5712,0.5635,0.5597,0.5565,0.5597,0.5565,0.5634,0.5344,0.5283,0.5288,0.5275,0.5245,0.5212,0.5185,0.511,0.4982,0.4849,0.4323,0.4296,0.4292,0.426,0.4224,0.3989,0.3573,0.3554,0.3518,0.35,0.3246,0.3201,0.3144,0.2667,0.2627,0.2555,0.2491,0.243,0.2371,0.2341,0.2324,0.2336,0.2351,0.2368,0.2376,0.239,0.2398,0.2376,0.2334,0.2301,0.2275,0.2172,0.2172,0.2182,0.2172,0.2184,0.2142,0.2114,0.2106,0.2088,0.2082,0.2075,0.2049,0.2009,0.1945,0.1927,0.1925,0.1906
0.6156,0.6196,0.6122,0.6133,0.6117,0.6121,0.6166,0.6103,0.5771,0.5686,0.568,0.5702,0.5765,0.5794,0.5807,0.5785,0.5735,0.5698,0.5678,0.5666,0.5662,0.5637,0.5549,0.5514,0.5494,0.5449,0.5252,0.5209,0.5218,0.5208,0.5253,0.5303,0.5279,0.5261,0.5131,0.5132,0.5083,0.5,0.4981,0.4924,0.4855,0.4676,0.4651,0.4597,0.4578,0.4524,0.4358,0.4041,0.3799,0.3658,0.3619,0.3567,0.3444,0.3396,0.3397,0.3005,0.2839,0.2835,0.2842,0.2799,0.2586,0.2571,0.2492,0.2455,0.2456,0.2433,0.2423,0.241,0.2384,0.2334,0.233,0.233,0.2252,0.2194,0.2057,0.2056,0.204,0.199,0.1953,0.1917,0.1809,0.1752,0.1753,0.1743,0.1753,0.1744,0.1683,0.1603,0.1575,0.1592
0.5006,0.5015,0.4983,0.4969,0.5,0.5054,0.5081,0.506,0.5033,0.4837,0.4775,0.481,0.4771,0.4739,0.4745,0.4686,0.4694,0.4658,0.4628,0.4595,0.4561,0.4542,0.4464,0.4424,0.4347,0.4317,0.4255,0.4204,0.4152,0.4036,0.3924,0.3685,0.3533,0.3502,0.3491,0.3465,0.3498,0.3459,0.3397,0.3345,0.3238,0.3047,0.2999,0.2836,0.273,0.2734,0.2635,0.2372,0.2289,0.2264,0.2199,0.2157,0.2003,0.192,0.1891,0.1885,0.1842,0.1874,0.1897,0.1892,0.1861,0.1852,0.1809,0.1753,0.1645,0.1565,0.1538,0.1483,0.1438,0.1387,0.1337,0.1325,0.1152,0.1088,0.1028,0.0929,0.0881,0.0859,0.0749,0.0703,0.0649,0.0596,0.0562,0.0525,0.0511,0.0498,0.0479,0.0438,0.0368,0.0346
0.3764,0.3787,0.3781,0.3711,0.3681,0.3685,0.3707,0.3744,0.3761,0.3719,0.3662,0.3391,0.3329,0.3252,0.3219,0.3225,0.3201,0.3149,0.3136,0.3122,0.3127,0.3099,0.3045,0.2847,0.2788,0.2758,0.2697,0.2703,0.2657,0.247,0.2135,0.1975,0.1911,0.1885,0.1857,0.1842,0.1805,0.1771,0.1757,0.1741,0.1642,0.1394,0.1244,0.1169,0.1128,0.109,0.1072,0.0925,0.0694,0.0543,0.0461,0.0433,0.0317,0.032,0.032,0.0314,0.029,0.0266,0.0237,0.0263,0.0283,0.028,0.025,0.0248,0.0215,0.02,0.0194,0.0194,0.0191,0.0185,0.0188,0.0187,0.0168,0.014,0.012,0.0098,0.0086,0.008,0.0075,0.0068,0.0065,0.0062,0.0059,0.0058,0.0059,0.006,0.006,0.0061,0.006,0.0059
0.3308,0.3337,0.3321,0.3262,0.3221,0.3179,0.3168,0.3185,0.3198,0.3204,0.3177,0.3036,0.2968,0.2955,0.2826,0.2797,0.2783,0.2764,0.274,0.2681,0.2622,0.2497,0.2459,0.2373,0.234,0.2337,0.2158,0.2042,0.1949,0.172,0.1462,0.1399,0.1401,0.1386,0.1372,0.1338,0.1293,0.1218,0.117,0.1149,0.1093,0.1042,0.1004,0.0954,0.0953,0.0919,0.0874,0.0845,0.0757,0.059,0.0501,0.0469,0.0433,0.0422,0.0411,0.038,0.0343,0.0316,0.0282,0.03,0.0286,0.0255,0.0218,0.0211,0.02,0.0163,0.0147,0.0138,0.0128,0.0127,0.0123,0.0108,0.0087,0.0075,0.0073,0.0075,0.0073,0.0078,0.0086,0.0084,0.0083,0.0086,0.0082,0.0074,0.0072,0.007,0.0068,0.0064,0.0062,0.0062
0.3526,0.351,0.3532,0.3497,0.3493,0.3462,0.3362,0.3349,0.3347,0.3364,0.3342,0.3316,0.3207,0.3187,0.304,0.2983,0.2955,0.2923,0.2863,0.2732,0.2649,0.2581,0.2496,0.2355,0.229,0.2225,0.2084,0.1908,0.1666,0.1529,0.1275,0.1178,0.1104,0.1023,0.0958,0.0933,0.0915,0.0863,0.0789,0.0724,0.06,0.0516,0.0342,0.0265,0.0194,0.0163,0.0138,0.0125,0.0116,0.0107,0.0095,0.0088,0.0088,0.0085,0.0082,0.0082,0.0082,0.0081,0.008,0.0078,0.0072,0.0073,0.0073,0.0073,0.0064,0.0028,0.0027,0.0026,0.0024,0.0023,0.0022,0.0022,0.0021,0.0019,0.0018,0.0017,0.0017,0.0016,0.0016,0.0015,0.0014,0.0014,0.0013,0.0013,0.0013,0.0012,0.0012,0.0012,0.0012,0.0011
0.4289,0.4288,0.4289,0.431,0.43,0.4273,0.4252,0.4214,0.4136,0.4028,0.3977,0.3938,0.3817,0.3723,0.3616,0.3516,0.3449,0.3331,0.3226,0.3099,0.2983,0.2868,0.2672,0.2312,0.2115,0.1952,0.1649,0.1397,0.1305,0.1068,0.0879,0.0646,0.0521,0.0388,0.0366,0.0338,0.031,0.0283,0.0272,0.0265,0.0248,0.0228,0.0204,0.0189,0.0174,0.0161,0.0157,0.0155,0.0149,0.0142,0.0132,0.0124,0.0123,0.0117,0.0115,0.0107,0.0101,0.0096,0.0089,0.0087,0.0085,0.0082,0.0075,0.0078,0.0075,0.007,0.0061,0.0052,0.0043,0.004,0.0037,0.0034,0.003,0.0027,0.0026,0.0025,0.0024,0.0024,0.0024,0.0023,0.0016,0.0014,0.0012,0.001,0.001,9e-04,8e-04,9e-04,8e-04,8e-04
0.2839,0.2834,0.2889,0.2938,0.294,0.293,0.2894,0.2852,0.2774,0.2735,0.2672,0.2634,0.2621,0.2519,0.2417,0.225,0.202,0.1901,0.1867,0.171,0.1608,0.1513,0.1342,0.089,0.0444,0.0325,0.0275,0.0234,0.0229,0.0188,0.0155,0.0085,0.007,0.007,0.0059,0.0056,0.0054,0.0053,0.0051,0.0051,0.0049,0.0048,0.0047,0.0047,0.0042,0.004,0.0038,0.0036,0.003,0.0028,0.0026,0.0024,0.0023,0.0023,0.0022,0.0019,0.0011,9e-04,8e-04,6e-04,5e-04,5e-04,4e-04,4e-04,3e-04,3e-04,2e-04,2e-04,2e-04,1e-04,1e-04,1e-04,1e-04,1e-04,1e-04,1e-04,1e-04,1e-04,1e-04,1e-04,1e-04,1e-04,1e-04,1e-04,1e-04,1e-04,1e-04,1e-04,0,0
0.1737,0.1692,0.1604,0.1569,0.1577,0.1552,0.1497,0.1472,0.1432,0.1393,0.1371,0.1359,0.1341,0.1303,0.12,0.1064,0.0914,0.0855,0.0771,0.068,0.046,0.0357,0.0311,0.0168,0.0125,0.0103,0.0085,0.008,0.0075,0.0064,0.0057,0.0055,0.0051,0.0051,0.0049,0.0044,0.0035,0.0026,0.0024,0.0021,0.0016,9e-04,7e-04,6e-04,6e-04,3e-04,2e-04,2e-04,2e-04,2e-04,2e-04,2e-04,2e-04,2e-04,2e-04,2e-04,1e-04,0,0,0,0,0,0,0,0,0,0,0,0,0,0,0,0,0,0,0,0,0,0,0,0,0,0,0,0,0,0,0,0,0
0.1816,0.1806,0.1769,0.1755,0.1739,0.1681,0.1632,0.1611,0.1581,0.1502,0.1409,0.1326,0.1265,0.1206,0.111,0.1008,0.0877,0.0786,0.0702,0.0634,0.0534,0.0356,0.0211,0.0147,0.012,0.0103,0.0084,0.0075,0.0071,0.0071,0.0069,0.0069,0.0069,0.007,0.0069,0.0066,0.0066,0.0051,0.0038,0.0022,9e-04,6e-04,5e-04,5e-04,5e-04,4e-04,4e-04,4e-04,3e-04,3e-04,2e-04,2e-04,2e-04,2e-04,2e-04,2e-04,2e-04,1e-04,1e-04,1e-04,1e-04,1e-04,1e-04,1e-04,1e-04,1e-04,2e-04,2e-04,2e-04,2e-04,2e-04,2e-04,2e-04,2e-04,2e-04,2e-04,2e-04,2e-04,2e-04,1e-04,1e-04,1e-04,1e-04,1e-04,1e-04,1e-04,1e-04,1e-04,1e-04,1e-04
0.1817,0.1808,0.1762,0.1743,0.1732,0.1709,0.1671,0.1642,0.1628,0.1605,0.151,0.1463,0.1387,0.1336,0.1263,0.1129,0.0802,0.0626,0.0432,0.0335,0.0301,0.026,0.0222,0.0187,0.0134,0.008,0.0072,0.0066,0.0058,0.0053,0.0047,0.0045,0.0043,0.0042,0.003,0.0031,0.0031,0.0029,0.0026,6e-04,8e-04,6e-04,5e-04,6e-04,6e-04,5e-04,6e-04,7e-04,6e-04,5e-04,5e-04,6e-04,6e-04,6e-04,7e-04,6e-04,7e-04,6e-04,5e-04,4e-04,4e-04,4e-04,3e-04,3e-04,3e-04,3e-04,3e-04,2e-04,2e-04,2e-04,3e-04,3e-04,3e-04,3e-04,3e-04,3e-04,3e-04,3e-04,3e-04,3e-04,2e-04,1e-04,1e-04,1e-04,1e-04,1e-04,1e-04,1e-04,1e-04,1e-04
0.1495,0.1484,0.138,0.1359,0.1268,0.1186,0.1153,0.1131,0.109,0.1018,0.0921,0.0807,0.073,0.063,0.0542,0.0432,0.0334,0.0225,0.0121,0.0067,0.0047,0.0042,0.0035,0.003,0.0022,0.0018,0.0018,0.0018,0.002,0.0021,0.0022,0.0024,0.0025,0.0021,0.0021,0.0022,0.0021,0.0024,0.0023,0.0011,0.0013,0.0013,9e-04,0.0013,0.0014,0.0011,0.001,0.0011,0.0013,0.001,0.001,9e-04,9e-04,9e-04,9e-04,9e-04,9e-04,9e-04,8e-04,8e-04,8e-04,0.001,9e-04,9e-04,8e-04,7e-04,7e-04,7e-04,7e-04,7e-04,6e-04,6e-04,6e-04,5e-04,5e-04,5e-04,6e-04,7e-04,6e-04,6e-04,6e-04,5e-04,5e-04,6e-04,6e-04,6e-04,6e-04,8e-04,0.0011,9e-04
0.122,0.1159,0.1036,0.101,0.0952,0.0887,0.075,0.066,0.055,0.0483,0.0456,0.0363,0.0324,0.0294,0.0285,0.0262,0.0224,0.0138,0.0134,0.0126,0.0111,0.0101,0.01,0.01,0.0067,0.0044,0.0042,0.004,0.0038,0.0036,0.0037,0.0032,0.003,0.0026,0.0024,0.0023,0.0021,0.0021,0.002,0.0017,0.0013,0.0013,0.0012,0.0011,0.0011,0.001,9e-04,0.001,0.001,0.001,9e-04,0.001,0.001,0.001,0.001,0.001,0.001,9e-04,9e-04,9e-04,8e-04,8e-04,8e-04,9e-04,9e-04,8e-04,9e-04,9e-04,9e-04,9e-04,0.0011,0.0011,0.0011,0.0011,0.0011,0.001,0.0011,0.0012,0.0012,0.0013,0.0013,0.0014,0.0014,0.0015,0.0015,0.0014,0.0013,0.0014,0.0015,0.0017
0.1488,0.1473,0.1463,0.1487,0.1306,0.1107,0.1057,0.0911,0.092,0.0903,0.0901,0.0859,0.0865,0.0879,0.088,0.087,0.087,0.0858,0.0859,0.0836,0.0825,0.0823,0.0824,0.0819,0.0797,0.0756,0.075,0.0752,0.0742,0.0759,0.076,0.0746,0.0725,0.071,0.071,0.0702,0.0686,0.0665,0.0667,0.0638,0.063,0.0653,0.0642,0.063,0.0632,0.0618,0.0584,0.0582,0.0581,0.0567,0.0562,0.0554,0.055,0.0547,0.0528,0.0515,0.0512,0.0517,0.053,0.0528,0.0517,0.0503,0.0526,0.0544,0.0543,0.0493,0.0489,0.052,0.0533,0.0539,0.0552,0.0541,0.0527,0.0555,0.0561,0.0522,0.0557,0.056,0.0555,0.0553,0.0533,0.0498,0.0454,0.0433,0.042,0.041,0.0388,0.0374,0.038,0.039
0.2108,0.1991,0.1986,0.1924,0.1835,0.1716,0.1709,0.163,0.1569,0.1502,0.1463,0.1454,0.1417,0.138,0.1374,0.1387,0.1389,0.1419,0.1436,0.1449,0.1452,0.1443,0.1449,0.1436,0.1404,0.1354,0.1383,0.1361,0.135,0.1341,0.1321,0.1286,0.1274,0.1242,0.1255,0.1271,0.1258,0.1245,0.1229,0.122,0.1185,0.1186,0.1172,0.1137,0.1125,0.1114,0.1064,0.1064,0.1051,0.1037,0.104,0.1029,0.102,0.0997,0.0983,0.0965,0.0933,0.0888,0.0835,0.0828,0.0819,0.0773,0.071,0.065,0.0604,0.0605,0.058,0.0502,0.0517,0.0552,0.057,0.0556,0.0557,0.0535,0.0512,0.0508,0.0482,0.0459,0.0404,0.0357,0.0296,0.0207,0.0209,0.0227,0.0256,0.0293,0.0307,0.0293,0.028,0.0246
0.4016,0.3929,0.3898,0.3884,0.387,0.3784,0.3653,0.3617,0.3493,0.3453,0.3382,0.3338,0.3294,0.3249,0.3208,0.3171,0.3093,0.3011,0.2955,0.3005,0.2925,0.2825,0.2772,0.2662,0.258,0.2528,0.2433,0.2413,0.2248,0.2117,0.2079,0.2056,0.2035,0.2009,0.2026,0.198,0.1916,0.185,0.1823,0.1795,0.1764,0.1732,0.1727,0.1689,0.1625,0.1578,0.1519,0.1476,0.1433,0.1334,0.1308,0.1267,0.1205,0.1159,0.112,0.1033,0.0999,0.1003,0.0986,0.0952,0.0949,0.0922,0.0901,0.0849,0.0843,0.0839,0.0823,0.0804,0.0785,0.0738,0.069,0.0668,0.0658,0.0629,0.0557,0.0533,0.0523,0.0474,0.0442,0.0414,0.0342,0.0313,0.0308,0.0289,0.0266,0.0238,0.0224,0.0229,0.0221,0.0218
0.4814,0.478,0.4679,0.4628,0.4634,0.4594,0.4503,0.4406,0.4316,0.4249,0.4226,0.4181,0.4166,0.4142,0.4127,0.4095,0.4034,0.3884,0.3749,0.3652,0.3606,0.3575,0.3521,0.3523,0.3534,0.3552,0.3517,0.3492,0.338,0.3263,0.3157,0.3112,0.3067,0.3026,0.2989,0.2969,0.2928,0.2861,0.2748,0.2705,0.2723,0.272,0.264,0.2558,0.2518,0.247,0.241,0.2379,0.2353,0.2304,0.2263,0.2212,0.2102,0.1972,0.1905,0.1855,0.1814,0.1753,0.1585,0.1406,0.1344,0.1293,0.1233,0.1175,0.1062,0.1014,0.096,0.0849,0.0755,0.0739,0.0712,0.0679,0.0614,0.0572,0.0504,0.0495,0.0468,0.0433,0.0425,0.0401,0.0383,0.0309,0.0259,0.0249,0.0236,0.0229,0.0212,0.0182,0.0124,0.011
0.4703,0.4694,0.4723,0.4713,0.4741,0.4752,0.464,0.4512,0.4457,0.4348,0.4299,0.426,0.4242,0.4236,0.4227,0.4202,0.4094,0.3957,0.3754,0.3662,0.3629,0.3618,0.3637,0.3635,0.3592,0.3593,0.3568,0.3549,0.347,0.3377,0.3262,0.3197,0.3161,0.3147,0.3163,0.3143,0.3151,0.3119,0.2959,0.2835,0.2813,0.2787,0.2722,0.2672,0.2622,0.2576,0.2553,0.2532,0.2527,0.2486,0.2457,0.2388,0.2286,0.2255,0.2216,0.2171,0.2139,0.2008,0.1873,0.1647,0.1407,0.1134,0.0919,0.0854,0.054,0.0351,0.0257,0.022,0.0178,0.0157,0.0142,0.014,0.0136,0.0134,0.0132,0.0131,0.0131,0.013,0.0129,0.0129,0.013,0.0129,0.0127,0.0127,0.0126,0.0125,0.0125,0.0124,0.0124,0.0127
0.4898,0.4839,0.4876,0.4899,0.491,0.4937,0.4895,0.4771,0.4753,0.4621,0.4522,0.4506,0.4475,0.4473,0.4499,0.4543,0.4608,0.4609,0.4364,0.4146,0.4104,0.4051,0.41,0.4063,0.3955,0.3885,0.3848,0.3783,0.3761,0.3765,0.3631,0.3513,0.3533,0.3579,0.362,0.3601,0.3578,0.3607,0.3555,0.3361,0.3284,0.3287,0.3246,0.3188,0.312,0.3036,0.2966,0.2942,0.2936,0.2892,0.2871,0.2828,0.2711,0.2618,0.2537,0.2434,0.2367,0.2275,0.2178,0.2084,0.1943,0.187,0.1769,0.1704,0.1565,0.1362,0.1247,0.104,0.052,0.049,0.0398,0.0323,0.028,0.0256,0.0259,0.0261,0.0256,0.0206,0.0194,0.0163,0.0141,0.0139,0.0139,0.0137,0.0136,0.0134,0.0131,0.0128,0.0124,0.012
0.5353,0.5248,0.5152,0.5111,0.5099,0.5098,0.5105,0.5107,0.5125,0.5085,0.4981,0.4972,0.4958,0.4911,0.4902,0.4892,0.4915,0.494,0.5004,0.4828,0.4688,0.4596,0.4542,0.4464,0.4436,0.4363,0.4307,0.427,0.4212,0.4194,0.4232,0.4129,0.4043,0.3999,0.3997,0.3982,0.3905,0.3867,0.3874,0.375,0.3573,0.3452,0.3389,0.3331,0.3315,0.3246,0.3224,0.3179,0.3153,0.312,0.3102,0.306,0.2947,0.2794,0.2673,0.2403,0.2265,0.2121,0.1972,0.1883,0.1806,0.167,0.105,0.0915,0.0906,0.0805,0.0751,0.0664,0.0598,0.0454,0.0429,0.0407,0.0412,0.041,0.0407,0.0403,0.0391,0.0345,0.0332,0.0317,0.0286,0.0278,0.0277,0.0274,0.0274,0.0278,0.0274,0.0271,0.0266,0.026
0.5151,0.5083,0.4868,0.4801,0.4765,0.4722,0.4734,0.4716,0.4819,0.4864,0.4813,0.4781,0.4812,0.4826,0.4795,0.4711,0.4651,0.458,0.4528,0.4494,0.4394,0.4301,0.4205,0.4123,0.4086,0.402,0.3962,0.3915,0.3849,0.3793,0.3791,0.3767,0.367,0.3611,0.357,0.3533,0.3522,0.3471,0.3451,0.343,0.3276,0.3067,0.2978,0.2943,0.2938,0.294,0.2944,0.2817,0.2626,0.2515,0.2455,0.2466,0.242,0.2156,0.2055,0.1913,0.1628,0.149,0.1425,0.1336,0.1253,0.1195,0.0748,0.0611,0.0592,0.0563,0.0481,0.0446,0.0448,0.0431,0.0406,0.0396,0.039,0.0386,0.038,0.0374,0.036,0.0291,0.0264,0.0266,0.0264,0.0255,0.0257,0.0255,0.0254,0.0255,0.0258,0.0258,0.0246,0.0225
0.4278,0.4224,0.4109,0.3998,0.3955,0.3985,0.3951,0.3945,0.3936,0.3959,0.3933,0.3932,0.3958,0.3988,0.3997,0.3988,0.3911,0.3828,0.3745,0.3722,0.3687,0.3629,0.3477,0.347,0.3405,0.3376,0.336,0.334,0.3287,0.3259,0.3248,0.3232,0.3208,0.3108,0.3037,0.2956,0.2892,0.2839,0.2788,0.2724,0.2668,0.25,0.2366,0.2326,0.228,0.2204,0.2144,0.2082,0.1856,0.1679,0.1556,0.152,0.1479,0.127,0.1155,0.1035,0.0754,0.0519,0.0481,0.0372,0.0344,0.032,0.0254,0.0226,0.0226,0.0224,0.0219,0.0213,0.0212,0.0209,0.0205,0.0202,0.0199,0.0197,0.0194,0.0191,0.019,0.0182,0.0164,0.0159,0.015,0.0148,0.0147,0.0148,0.0147,0.0147,0.0147,0.0147,0.0148,0.0146
0.3559,0.3521,0.3484,0.3393,0.3309,0.3291,0.3287,0.3344,0.3343,0.3313,0.3308,0.3308,0.3307,0.3322,0.3343,0.3337,0.3298,0.3244,0.3176,0.3164,0.3088,0.3069,0.3029,0.2952,0.2945,0.2922,0.2905,0.2913,0.285,0.2753,0.2729,0.27,0.2669,0.257,0.2436,0.2306,0.2253,0.2228,0.2201,0.2156,0.2116,0.2058,0.1974,0.191,0.1864,0.1813,0.1727,0.1677,0.1618,0.1528,0.1256,0.1108,0.1074,0.1007,0.0894,0.0809,0.0657,0.0466,0.0418,0.0306,0.0241,0.0192,0.017,0.0151,0.0149,0.0142,0.0134,0.0132,0.0131,0.0131,0.0128,0.0129,0.013,0.013,0.013,0.0127,0.0127,0.0128,0.0127,0.0126,0.0107,0.0106,0.0107,0.0108,0.0109,0.0109,0.0109,0.0109,0.011,0.0108
0.3077,0.3032,0.3016,0.2957,0.2889,0.2915,0.2992,0.3015,0.3045,0.2927,0.2927,0.2905,0.2925,0.2886,0.2893,0.2891,0.2835,0.2804,0.2766,0.2707,0.2668,0.2619,0.2597,0.253,0.2507,0.2474,0.2476,0.2478,0.2467,0.2402,0.2358,0.2302,0.2243,0.2184,0.2093,0.2001,0.1916,0.189,0.1846,0.179,0.1744,0.1683,0.1609,0.15,0.1396,0.1337,0.124,0.1159,0.1055,0.097,0.0827,0.0742,0.059,0.054,0.0496,0.0459,0.0383,0.034,0.0304,0.0287,0.0244,0.0225,0.0217,0.0203,0.0188,0.0171,0.0154,0.0139,0.0137,0.0134,0.0132,0.0127,0.0126,0.0125,0.0124,0.0121,0.0118,0.0113,0.0112,0.0111,0.0108,0.0104,0.0103,0.0103,0.0104,0.0105,0.0105,0.0104,0.0103,0.0103
0.2621,0.2604,0.2607,0.2588,0.2505,0.2489,0.2484,0.2505,0.2488,0.2486,0.2453,0.2377,0.2328,0.2238,0.2171,0.2107,0.2073,0.2057,0.2055,0.2047,0.203,0.1975,0.194,0.1934,0.1887,0.1879,0.1894,0.1883,0.1888,0.1852,0.1772,0.1708,0.1658,0.1608,0.1568,0.1516,0.1432,0.1382,0.1336,0.1314,0.1277,0.1247,0.1227,0.1203,0.1163,0.1108,0.1056,0.0972,0.0874,0.0835,0.0781,0.0634,0.0445,0.0419,0.0396,0.0337,0.0295,0.0301,0.0299,0.0292,0.0282,0.0248,0.0245,0.0246,0.025,0.0234,0.0205,0.0193,0.0191,0.0177,0.016,0.0151,0.0147,0.0134,0.0115,0.0093,0.009,0.0092,0.0092,0.0092,0.0092,0.0093,0.0097,0.0101,0.011,0.0119,0.013,0.0145,0.0161,0.0181
0.2187,0.218,0.2188,0.2214,0.2188,0.2101,0.2037,0.2009,0.1965,0.1962,0.1941,0.1897,0.1827,0.1752,0.169,0.1635,0.1623,0.1605,0.1597,0.1575,0.1545,0.1499,0.1454,0.1385,0.1321,0.1305,0.1318,0.1315,0.1313,0.1268,0.1229,0.1185,0.1157,0.1131,0.1122,0.1106,0.1055,0.1019,0.0995,0.0967,0.0961,0.0948,0.0928,0.0911,0.0898,0.0869,0.085,0.0847,0.0843,0.082,0.0788,0.0762,0.0736,0.0725,0.0709,0.0692,0.0691,0.0685,0.0679,0.0664,0.0656,0.0636,0.0614,0.0588,0.0578,0.057,0.057,0.0561,0.0554,0.0539,0.0524,0.0505,0.0503,0.0498,0.049,0.044,0.0421,0.0417,0.0407,0.0407,0.0401,0.0387,0.0374,0.0367,0.0345,0.0311,0.0281,0.0252,0.0227,0.0206
0.2056,0.2081,0.21,0.2096,0.2068,0.2077,0.2011,0.201,0.1983,0.1962,0.1932,0.1889,0.1853,0.1822,0.1757,0.1721,0.1712,0.169,0.1668,0.1662,0.164,0.1618,0.1597,0.1578,0.1572,0.1547,0.1506,0.1494,0.147,0.1422,0.1367,0.1308,0.1265,0.1239,0.1205,0.1185,0.1145,0.108,0.1012,0.0974,0.0954,0.0929,0.0898,0.0861,0.084,0.082,0.0807,0.0795,0.0773,0.0743,0.073,0.0733,0.0688,0.0639,0.0614,0.0602,0.0587,0.056,0.0518,0.0478,0.043,0.0383,0.0286,0.0218,0.0211,0.0212,0.0191,0.0182,0.0179,0.0172,0.017,0.0167,0.0149,0.0139,0.0128,0.0126,0.0106,0.0092,0.0069,0.0054,0.005,0.0051,0.0049,0.0054,0.0043,0.0039,0.0036,0.0035,0.0035,0.0034
0.1846,0.1869,0.1849,0.1822,0.1817,0.1832,0.1832,0.1828,0.1802,0.1757,0.172,0.1693,0.1674,0.1633,0.1588,0.1557,0.1539,0.1529,0.1508,0.1467,0.1444,0.1415,0.1392,0.1366,0.1334,0.1301,0.1222,0.1142,0.1063,0.1008,0.1006,0.0946,0.0886,0.0859,0.0836,0.0814,0.0796,0.0775,0.0722,0.0703,0.0698,0.0692,0.0684,0.0678,0.0668,0.0659,0.0656,0.0654,0.064,0.0618,0.0613,0.0609,0.0599,0.0581,0.0562,0.0554,0.0544,0.053,0.0496,0.0474,0.0424,0.0397,0.0382,0.0362,0.0353,0.0346,0.0325,0.0299,0.0293,0.0288,0.0289,0.0286,0.0285,0.0271,0.0248,0.0233,0.0222,0.0208,0.0187,0.0182,0.0174,0.0161,0.0166,0.0146,0.0122,0.0112,0.0103,0.0092,0.0085,0.0085
0.1101,0.1108,0.1124,0.1112,0.1091,0.1057,0.1054,0.104,0.1003,0.1005,0.1026,0.1037,0.1043,0.1041,0.1034,0.1016,0.1006,0.1009,0.1004,0.1028,0.1034,0.1026,0.1023,0.102,0.1019,0.1019,0.1021,0.0997,0.0875,0.0853,0.085,0.0824,0.0833,0.0839,0.085,0.0868,0.0883,0.0884,0.0903,0.0914,0.092,0.0925,0.0926,0.0924,0.0923,0.0903,0.0889,0.0893,0.089,0.0887,0.0882,0.0879,0.088,0.0869,0.086,0.0846,0.0849,0.0851,0.0847,0.0828,0.0787,0.0725,0.0723,0.0775,0.0776,0.0767,0.0775,0.0774,0.077,0.0765,0.0762,0.076,0.0758,0.0758,0.0732,0.058,0.0555,0.0572,0.0631,0.0661,0.0683,0.0701,0.0718,0.073,0.07,0.0718,0.0731,0.0736,0.0747,0.0747
0.4709,0.4761,0.4873,0.4947,0.4999,0.4974,0.4965,0.4994,0.4964,0.4957,0.506,0.5195,0.5274,0.5294,0.5359,0.5382,0.5348,0.5343,0.5367,0.5377,0.5383,0.5373,0.5364,0.5355,0.5357,0.5364,0.5361,0.5325,0.5233,0.5148,0.516,0.5133,0.5096,0.5107,0.5075,0.5022,0.4992,0.5008,0.5036,0.5015,0.5022,0.5058,0.51,0.5163,0.5238,0.5281,0.5308,0.5296,0.5341,0.5315,0.5259,0.5222,0.5236,0.5237,0.5189,0.5111,0.5105,0.5185,0.5227,0.52,0.5125,0.5072,0.5033,0.5,0.4934,0.4897,0.4923,0.5038,0.5115,0.5141,0.5155,0.5188,0.5213,0.5203,0.5099,0.4977,0.4914,0.4918,0.4933,0.4928,0.4963,0.4987,0.5014,0.4997,0.4979,0.4979,0.4991,0.4971,0.4981,0.5054
0.6226,0.614,0.608,0.6109,0.6138,0.6155,0.6158,0.6197,0.6245,0.6194,0.6139,0.6126,0.6126,0.6116,0.6078,0.6138,0.6103,0.5997,0.5964,0.5961,0.5947,0.5928,0.5926,0.5903,0.5891,0.5885,0.5874,0.5859,0.5885,0.588,0.5858,0.587,0.5879,0.5828,0.5798,0.5766,0.5691,0.5641,0.564,0.564,0.5585,0.5561,0.559,0.5645,0.5669,0.5667,0.5682,0.5671,0.5673,0.5652,0.5619,0.5596,0.5521,0.5323,0.5299,0.5241,0.5001,0.4928,0.4887,0.4843,0.4847,0.4844,0.4823,0.4785,0.4668,0.4596,0.4501,0.44,0.4277,0.4182,0.4129,0.4069,0.3901,0.3848,0.3876,0.39,0.3788,0.374,0.3675,0.358,0.3502,0.3425,0.335,0.3302,0.3186,0.3114,0.2986,0.2916,0.2852,0.2683
0.6895,0.6806,0.6771,0.6732,0.6723,0.6661,0.664,0.6694,0.6773,0.6791,0.677,0.6735,0.6698,0.6674,0.6642,0.6632,0.6653,0.6614,0.6498,0.6418,0.6394,0.6372,0.6332,0.6263,0.6229,0.6136,0.6049,0.5952,0.595,0.5967,0.5909,0.5823,0.5818,0.5849,0.5768,0.5729,0.5703,0.5664,0.5605,0.5546,0.5431,0.5291,0.5105,0.486,0.4681,0.4472,0.4319,0.4122,0.3967,0.3805,0.3459,0.2746,0.2313,0.2007,0.1893,0.1879,0.1807,0.154,0.1376,0.1289,0.1242,0.1207,0.1152,0.1112,0.1116,0.1095,0.0987,0.0822,0.0692,0.0636,0.0597,0.0563,0.0506,0.0432,0.0412,0.043,0.0386,0.0328,0.0311,0.0296,0.0249,0.0232,0.0229,0.0215,0.02,0.018,0.0164,0.0138,0.0131,0.0125
0.6678,0.6637,0.6631,0.6552,0.6456,0.6359,0.6312,0.634,0.6384,0.6401,0.6358,0.6341,0.6286,0.6195,0.6131,0.6098,0.6092,0.609,0.6038,0.5971,0.5896,0.5866,0.5836,0.5816,0.5758,0.5684,0.5588,0.548,0.5444,0.5403,0.5326,0.5213,0.5129,0.4984,0.4803,0.465,0.4577,0.4519,0.4376,0.4077,0.385,0.31,0.229,0.2004,0.1789,0.1509,0.1324,0.1128,0.0944,0.0876,0.0759,0.0624,0.0569,0.0573,0.0565,0.0556,0.0518,0.0487,0.0429,0.0333,0.0309,0.0315,0.0317,0.0315,0.0314,0.0314,0.027,0.0229,0.021,0.0202,0.0193,0.0173,0.0162,0.0145,0.0133,0.0133,0.0136,0.0134,0.0135,0.0139,0.0143,0.0147,0.0151,0.0151,0.0153,0.0155,0.0157,0.0163,0.0167,0.0167
0.6499,0.6525,0.6508,0.6402,0.6265,0.6149,0.6016,0.5937,0.5804,0.5834,0.585,0.5821,0.5755,0.5754,0.5827,0.5872,0.5884,0.5843,0.5739,0.5674,0.5594,0.5544,0.5509,0.5469,0.5423,0.5393,0.5254,0.5136,0.5042,0.4946,0.4853,0.476,0.4556,0.438,0.4198,0.4022,0.3966,0.3873,0.381,0.3555,0.3446,0.3261,0.2614,0.2534,0.2367,0.2303,0.2174,0.205,0.1953,0.1924,0.1613,0.1435,0.1385,0.1381,0.1306,0.1171,0.1075,0.1058,0.1048,0.0997,0.0977,0.0962,0.0965,0.095,0.0958,0.089,0.0789,0.0692,0.0605,0.0583,0.057,0.0506,0.0414,0.0408,0.0357,0.0354,0.035,0.0305,0.0346,0.0347,0.0321,0.0309,0.0276,0.0241,0.0215,0.0237,0.0277,0.031,0.0298,0.0295
0.6771,0.6767,0.6786,0.6771,0.6693,0.6658,0.6463,0.6238,0.6098,0.6045,0.6057,0.6006,0.5966,0.5892,0.5841,0.5798,0.5761,0.5798,0.5819,0.5746,0.5732,0.5742,0.5674,0.5672,0.5662,0.5639,0.5575,0.5529,0.5451,0.5448,0.5428,0.5308,0.5112,0.5064,0.4954,0.4829,0.4737,0.4667,0.4621,0.4361,0.3978,0.3882,0.3093,0.2941,0.2982,0.2988,0.2909,0.2499,0.246,0.2438,0.2384,0.2307,0.2228,0.2169,0.2121,0.2084,0.2065,0.204,0.2016,0.1948,0.1883,0.1853,0.1832,0.1832,0.1816,0.1792,0.1727,0.1592,0.1551,0.1537,0.1518,0.151,0.1395,0.1317,0.1362,0.1376,0.1367,0.1356,0.1369,0.1347,0.1308,0.1295,0.1283,0.1239,0.1169,0.1143,0.1146,0.1151,0.1147,0.1141
