0.7105,0.705,0.7057,0.7057,0.7131,0.7116,0.7021,0.6992,0.69,0.6829,0.6816,0.6815,0.6782,0.6821,0.6809,0.6843,0.6846,0.6821,0.6833,0.6837,0.6888,0.6774,0.6715,0.6686,0.6679,0.666,0.6598,0.6224,0.5774,0.5781,0.5813,0.5758,0.5677,0.5606,0.5557,0.5471,0.5347,0.5321,0.5161,0.5137,0.499,0.4868,0.4776,0.4685,0.4687,0.4629,0.4506,0.4418,0.4212,0.4053,0.3643,0.2807,0.2605,0.2496,0.2459,0.2477,0.2427,0.2233,0.2226,0.2195,0.2113,0.2049,0.2042,0.2027,0.1945,0.1939,0.1908,0.1868,0.1798,0.1513,0.1449,0.1398,0.1401,0.1362,0.1326,0.1326,0.1337,0.133,0.1306,0.1265,0.1242,0.1214,0.1202,0.118,0.1147,0.1082,0.1069,0.1046,0.1048,0.1078
0.6723,0.6628,0.6616,0.6618,0.6608,0.6595,0.6522,0.6533,0.6509,0.6296,0.6268,0.6329,0.6297,0.6291,0.6257,0.6268,0.6253,0.6204,0.6192,0.6225,0.6241,0.6261,0.6243,0.6214,0.6232,0.6195,0.6124,0.593,0.5792,0.5798,0.5767,0.5861,0.5843,0.5834,0.5736,0.5669,0.5542,0.5521,0.5499,0.5476,0.5466,0.5422,0.5366,0.5266,0.5272,0.5268,0.5225,0.5183,0.5075,0.4935,0.471,0.444,0.4367,0.4357,0.4234,0.424,0.3977,0.3877,0.3566,0.3248,0.3134,0.3045,0.2947,0.2786,0.2718,0.2633,0.2613,0.2632,0.2562,0.2244,0.2167,0.2126,0.2141,0.2138,0.2114,0.2121,0.2148,0.213,0.2136,0.2135,0.212,0.2067,0.2069,0.208,0.2078,0.2053,0.2034,0.2037,0.2006,0.1987
0.6157,0.6121,0.6083,0.6035,0.6024,0.6027,0.5966,0.5932,0.5936,0.5935,0.5962,0.5988,0.5976,0.5953,0.5946,0.5891,0.5857,0.5845,0.5831,0.5779,0.5748,0.5765,0.5734,0.5694,0.5689,0.5701,0.5699,0.5604,0.5579,0.5586,0.5514,0.5404,0.5422,0.531,0.5231,0.5188,0.5174,0.5167,0.5151,0.5095,0.5086,0.5068,0.4984,0.4916,0.4894,0.4899,0.4889,0.4745,0.4643,0.4612,0.462,0.4637,0.448,0.4416,0.4394,0.4342,0.434,0.4292,0.4288,0.4243,0.421,0.4107,0.405,0.3724,0.344,0.3465,0.3387,0.3336,0.3303,0.3128,0.309,0.3043,0.3,0.2828,0.2804,0.28,0.2652,0.2429,0.24,0.2389,0.2337,0.2248,0.216,0.2113,0.2088,0.2051,0.2042,0.202,0.2008,0.1973
0.4951,0.4997,0.4982,0.4978,0.4961,0.4958,0.493,0.4916,0.4926,0.492,0.4979,0.497,0.5017,0.4985,0.4961,0.4889,0.4855,0.4869,0.486,0.4877,0.4868,0.4844,0.4869,0.4797,0.4795,0.4799,0.4755,0.4693,0.4676,0.4642,0.4547,0.4127,0.4106,0.4095,0.4072,0.4032,0.4048,0.4065,0.4094,0.4107,0.4089,0.4076,0.4039,0.4009,0.3964,0.3922,0.3831,0.3762,0.3729,0.3695,0.3692,0.3718,0.3481,0.3386,0.3405,0.3412,0.3376,0.3358,0.3339,0.3294,0.3226,0.3135,0.2904,0.277,0.2597,0.2621,0.2623,0.2557,0.2537,0.2506,0.2451,0.2097,0.2067,0.1948,0.1888,0.1869,0.1639,0.1271,0.116,0.1111,0.108,0.0968,0.0825,0.0722,0.0684,0.0683,0.0681,0.0672,0.0666,0.0632
0.3686,0.3504,0.3524,0.354,0.3557,0.3534,0.354,0.3507,0.347,0.348,0.3452,0.3461,0.3492,0.3483,0.3425,0.34,0.3368,0.3359,0.3317,0.3338,0.3358,0.3324,0.3279,0.3298,0.3311,0.3331,0.3333,0.3348,0.3367,0.3384,0.3387,0.3289,0.3041,0.292,0.2958,0.2877,0.2755,0.2724,0.2683,0.2664,0.2643,0.2557,0.2516,0.249,0.2414,0.2384,0.2255,0.2173,0.2158,0.2138,0.2092,0.199,0.1794,0.1325,0.1052,0.098,0.0901,0.0831,0.0639,0.0592,0.0553,0.055,0.0407,0.0374,0.0361,0.034,0.0324,0.0288,0.0302,0.0306,0.0296,0.0235,0.0223,0.0201,0.0164,0.016,0.0141,0.0121,0.0113,0.011,0.011,0.0109,0.0104,0.0102,0.0101,0.0101,0.0101,0.0101,0.0101,0.01
0.3487,0.3201,0.3204,0.3171,0.3128,0.3069,0.3047,0.3007,0.2985,0.2981,0.2971,0.2965,0.2971,0.2851,0.2786,0.2743,0.263,0.2584,0.2489,0.2439,0.2371,0.224,0.2207,0.2281,0.2289,0.2325,0.2322,0.2325,0.2311,0.2288,0.226,0.2157,0.2128,0.2111,0.1965,0.194,0.1876,0.1821,0.1641,0.1516,0.1478,0.1294,0.117,0.1139,0.1133,0.101,0.0843,0.0729,0.0679,0.064,0.0609,0.0565,0.0478,0.0377,0.0305,0.0252,0.022,0.0205,0.0183,0.0163,0.0148,0.0142,0.0128,0.0119,0.0107,0.0099,0.0079,0.0075,0.0079,0.0073,0.0069,0.0064,0.0075,0.007,0.007,0.0064,0.006,0.0061,0.0062,0.0059,0.0058,0.0055,0.0059,0.0067,0.0066,0.0069,0.0069,0.0068,0.0065,0.0062
0.362,0.3384,0.3333,0.3324,0.3316,0.3317,0.33,0.3303,0.3285,0.3257,0.323,0.3203,0.32,0.3093,0.3063,0.3039,0.2932,0.2927,0.2811,0.2696,0.2635,0.2594,0.2443,0.243,0.2404,0.241,0.2399,0.2393,0.2289,0.2258,0.2225,0.2026,0.1975,0.1845,0.1442,0.1119,0.0996,0.0685,0.0496,0.0387,0.0341,0.0282,0.0266,0.0242,0.0245,0.0253,0.0251,0.0228,0.0206,0.0194,0.0184,0.0165,0.0129,0.0118,0.0091,0.0079,0.0075,0.0073,0.0064,0.006,0.006,0.006,0.006,0.006,0.0059,0.0058,0.0057,0.0057,0.0057,0.0051,0.005,0.005,0.0049,0.0049,0.0047,0.0046,0.0044,0.0043,0.0038,0.0036,0.0031,0.0032,0.0032,0.003,0.0028,0.0028,0.0028,0.0028,0.0028,0.0029
0.4349,0.4206,0.4022,0.3962,0.3986,0.3976,0.3944,0.3898,0.3832,0.381,0.3734,0.3653,0.3626,0.3482,0.338,0.3294,0.3204,0.315,0.3119,0.2997,0.2937,0.2962,0.2841,0.2791,0.2742,0.2693,0.2659,0.2557,0.2286,0.2126,0.2012,0.1819,0.1581,0.1368,0.1179,0.0722,0.0514,0.0403,0.0363,0.0347,0.0329,0.0318,0.0295,0.0297,0.0291,0.0288,0.0277,0.0261,0.025,0.0225,0.0204,0.0173,0.0163,0.0161,0.0149,0.0143,0.0141,0.0138,0.0137,0.0128,0.0131,0.0132,0.0119,0.0112,0.0107,0.0101,0.0092,0.0092,0.0089,0.0087,0.0092,0.0084,0.0081,0.0087,0.0085,0.0081,0.007,0.0075,0.0066,0.0062,0.0062,0.0048,0.0041,0.0038,0.0033,0.003,0.0026,0.0023,0.0025,0.0024
0.2964,0.2891,0.2868,0.2878,0.2895,0.2881,0.2838,0.2832,0.2808,0.2796,0.2809,0.2773,0.2766,0.2718,0.2636,0.2591,0.2583,0.2542,0.2432,0.2331,0.2229,0.2232,0.2118,0.2056,0.2077,0.2034,0.2015,0.198,0.1936,0.187,0.177,0.1693,0.1564,0.1396,0.1247,0.0957,0.0523,0.0397,0.0191,0.013,0.0116,0.0111,0.0109,0.0109,0.0102,0.0095,0.009,0.0059,0.0044,0.0037,0.0031,0.0028,0.0026,0.0024,0.0015,9e-04,8e-04,8e-04,8e-04,8e-04,7e-04,6e-04,5e-04,4e-04,3e-04,3e-04,3e-04,3e-04,2e-04,1e-04,1e-04,1e-04,0,0,0,1e-04,0,1e-04,1e-04,1e-04,1e-04,0,0,0,0,0,0,0,0,0
0.1758,0.1759,0.1752,0.177,0.178,0.1759,0.1731,0.1697,0.1663,0.1634,0.1644,0.159,0.1539,0.1517,0.1482,0.1387,0.1353,0.1291,0.1067,0.1043,0.0944,0.0933,0.083,0.0594,0.0522,0.0416,0.0314,0.025,0.024,0.0201,0.0174,0.0157,0.0132,0.01,0.0096,0.0086,0.0085,0.0086,0.0085,0.0084,0.0081,0.007,0.0068,0.0067,0.0058,0.0052,0.0052,0.0015,5e-04,3e-04,2e-04,1e-04,1e-04,1e-04,1e-04,0,0,0,0,0,0,0,0,0,0,0,0,0,0,0,0,0,0,0,0,1e-04,1e-04,1e-04,1e-04,1e-04,1e-04,1e-04,1e-04,2e-04,2e-04,2e-04,2e-04,2e-04,3e-04,3e-04
0.1799,0.1822,0.1804,0.1777,0.1768,0.1732,0.1651,0.1567,0.1546,0.1473,0.1434,0.1448,0.1391,0.1392,0.1391,0.1306,0.1209,0.1019,0.0771,0.0681,0.0473,0.0302,0.0296,0.0226,0.0207,0.017,0.0136,0.0127,0.0117,0.0111,0.0112,0.0114,0.0098,0.0084,0.0082,0.0084,0.0085,0.0085,0.0084,0.0082,0.0083,0.0081,0.0081,0.0081,0.0047,0.0028,0.0026,0.0022,0.0019,0.0018,0.0018,0.0017,0.0019,0.0021,0.002,0.0016,0.0013,0.0016,0.0015,0.0015,0.0013,0.0011,0.0011,0.001,0.001,0.001,0.001,8e-04,7e-04,7e-04,7e-04,7e-04,5e-04,5e-04,5e-04,5e-04,5e-04,5e-04,5e-04,5e-04,6e-04,6e-04,7e-04,7e-04,7e-04,6e-04,6e-04,6e-04,6e-04,6e-04
0.1749,0.176,0.1746,0.1716,0.1684,0.1667,0.1624,0.1568,0.1556,0.1524,0.1483,0.148,0.1385,0.1412,0.1397,0.1363,0.1327,0.1259,0.1069,0.1008,0.0806,0.0683,0.0366,0.0208,0.0129,0.01,0.0105,0.0106,0.0084,0.0061,0.0061,0.0058,0.0049,0.0045,0.0041,0.0041,0.0044,0.0044,0.0038,0.0038,0.0035,0.0035,0.0033,0.003,0.0027,0.0027,0.0025,0.0023,0.0023,0.0023,0.0021,0.0018,0.0018,0.002,0.002,0.0017,0.0014,0.0016,0.0017,0.0018,0.0019,0.0017,0.0014,0.0012,0.0013,0.0011,0.0011,0.0011,9e-04,9e-04,8e-04,8e-04,9e-04,8e-04,7e-04,6e-04,6e-04,7e-04,7e-04,7e-04,6e-04,6e-04,6e-04,6e-04,5e-04,5e-04,5e-04,4e-04,4e-04,4e-04
0.1391,0.1288,0.1233,0.119,0.1102,0.108,0.1024,0.094,0.0839,0.0793,0.074,0.0641,0.0663,0.0643,0.0635,0.0579,0.055,0.0505,0.0405,0.0322,0.0259,0.0206,0.0147,0.0063,0.0061,0.0061,0.0058,0.0053,0.0048,0.0039,0.0037,0.0035,0.0031,0.003,0.0029,0.0036,0.0034,0.0032,0.0026,0.0034,0.004,0.0034,0.0033,0.0033,0.0032,0.0038,0.0031,0.0035,0.0035,0.0036,0.0038,0.0036,0.0034,0.0032,0.0028,0.0024,0.0014,0.0016,0.0018,0.002,0.0021,0.002,0.0021,0.0022,0.0026,0.0014,0.0011,9e-04,9e-04,0.001,0.001,0.001,0.001,0.0011,0.0017,0.0026,0.0016,0.0013,0.0015,0.0019,0.0015,0.0014,0.0013,0.0013,0.0012,0.0014,0.0015,0.0014,0.0015,0.0015
0.1016,0.0958,0.0913,0.0864,0.0735,0.0653,0.0577,0.0418,0.0169,0.0154,0.0134,0.0132,0.0136,0.0115,0.0112,0.0102,0.0099,0.0105,0.0105,0.0122,0.0123,0.0138,0.0151,0.0156,0.0137,0.013,0.0129,0.0121,0.0116,0.0102,0.0106,0.0102,0.0096,0.0097,0.0087,0.008,0.0085,0.0085,0.0082,0.0083,0.0078,0.0072,0.0069,0.0069,0.0063,0.0052,0.004,0.004,0.0039,0.0041,0.0039,0.0038,0.0036,0.0034,0.003,0.0024,0.0013,0.0011,0.0011,0.0013,0.0015,0.0016,0.0016,0.0016,0.0018,0.0018,0.0021,0.0019,0.0017,0.0019,0.0019,0.0019,0.0019,0.0019,0.0021,0.002,0.002,0.002,0.002,0.0021,0.002,0.0023,0.0022,0.0022,0.002,0.0024,0.0027,0.0029,0.0028,0.0027
0.085,0.0791,0.0765,0.0788,0.081,0.0796,0.0745,0.0694,0.0654,0.0553,0.0514,0.0501,0.0466,0.0445,0.0415,0.0404,0.0361,0.0365,0.0329,0.0337,0.0286,0.0325,0.0331,0.0332,0.0331,0.0351,0.0356,0.0349,0.0348,0.0352,0.0351,0.0336,0.0363,0.0365,0.0357,0.0356,0.0352,0.0349,0.0344,0.0337,0.0323,0.0304,0.0315,0.0304,0.0301,0.0296,0.0293,0.0267,0.024,0.0193,0.0171,0.014,0.0119,0.0112,0.0094,0.0077,0.0061,0.0048,0.004,0.0035,0.0037,0.0036,0.0032,0.0029,0.0028,0.0027,0.0027,0.0024,0.0024,0.0024,0.0027,0.0028,0.0029,0.0027,0.0026,0.0027,0.0029,0.0028,0.003,0.0028,0.0026,0.0034,0.0032,0.0029,0.0032,0.0032,0.0029,0.0036,0.003,0.0035
0.1918,0.191,0.1831,0.1838,0.1886,0.188,0.1868,0.1737,0.1673,0.1485,0.1317,0.1279,0.1218,0.1235,0.1206,0.1271,0.1253,0.121,0.1244,0.1137,0.1083,0.1023,0.1084,0.1073,0.1086,0.1067,0.1044,0.1011,0.0981,0.0934,0.0919,0.0896,0.0898,0.0848,0.0761,0.0676,0.0636,0.0553,0.0516,0.0479,0.0403,0.0334,0.0307,0.026,0.0247,0.0225,0.0196,0.0057,0.0059,0.0061,0.0061,0.0063,0.0064,0.0062,0.0057,0.0057,0.0076,0.0055,0.0045,0.0044,0.004,0.0033,0.0033,0.0032,0.003,0.0028,0.0028,0.0021,0.002,0.0022,0.0023,0.0024,0.0024,0.0024,0.0022,0.0021,0.0022,0.0022,0.0021,0.0021,0.0021,0.0022,0.0023,0.0024,0.0027,0.003,0.0032,0.0033,0.0034,0.0035
0.4037,0.3995,0.3961,0.3921,0.392,0.3919,0.3881,0.3835,0.3776,0.3717,0.3578,0.3457,0.3419,0.334,0.3272,0.3234,0.322,0.3126,0.2958,0.2743,0.2692,0.2556,0.2446,0.2357,0.2173,0.2182,0.2193,0.217,0.2042,0.1973,0.1933,0.1922,0.194,0.1887,0.1814,0.1716,0.1585,0.1521,0.1467,0.1371,0.1265,0.1112,0.0987,0.0954,0.0958,0.0951,0.0922,0.0878,0.0895,0.0893,0.0884,0.0874,0.0856,0.0824,0.0795,0.0765,0.0689,0.0553,0.0463,0.0415,0.0367,0.0327,0.0278,0.0271,0.0231,0.0195,0.0166,0.0119,0.011,0.0108,0.0108,0.0114,0.0128,0.0138,0.016,0.0164,0.0146,0.0132,0.0127,0.0122,0.0115,0.0111,0.0106,0.0104,0.0094,0.0093,0.0097,0.0098,0.0097,0.0097
0.4824,0.4759,0.4744,0.4716,0.4636,0.4635,0.4622,0.4596,0.4571,0.4544,0.4475,0.4372,0.4225,0.4175,0.4145,0.4123,0.4124,0.4093,0.4033,0.3937,0.3845,0.3751,0.3689,0.3662,0.357,0.3526,0.345,0.331,0.3185,0.3128,0.3069,0.2978,0.2895,0.2877,0.2822,0.277,0.2675,0.2536,0.2491,0.2408,0.222,0.2133,0.2022,0.1858,0.168,0.1622,0.1565,0.1362,0.1193,0.1066,0.0949,0.0877,0.0847,0.0723,0.0575,0.0475,0.0314,0.0199,0.0157,0.0149,0.0143,0.0124,0.0094,0.0077,0.0079,0.0081,0.0082,0.0082,0.0079,0.0072,0.0069,0.0061,0.0056,0.0053,0.0048,0.0047,0.0046,0.0044,0.0043,0.0043,0.0044,0.0044,0.0045,0.0044,0.0043,0.0041,0.0039,0.0036,0.0035,0.0035
0.4847,0.4832,0.478,0.4743,0.4663,0.4641,0.4651,0.4686,0.4666,0.4659,0.461,0.453,0.4334,0.4295,0.4231,0.4186,0.4155,0.4184,0.4172,0.4078,0.396,0.393,0.3836,0.3805,0.3763,0.3666,0.3451,0.3214,0.3125,0.3094,0.3025,0.2917,0.2775,0.268,0.2626,0.2616,0.2596,0.257,0.2564,0.2491,0.2406,0.2327,0.2247,0.2128,0.1938,0.1855,0.181,0.177,0.1641,0.1576,0.1494,0.1434,0.1378,0.1312,0.12,0.1128,0.1071,0.0925,0.0744,0.063,0.0518,0.0373,0.031,0.0297,0.0224,0.0137,0.0115,0.0079,0.0076,0.0075,0.0075,0.0076,0.0076,0.0077,0.0079,0.0079,0.008,0.0082,0.0081,0.0081,0.0081,0.0081,0.0081,0.0082,0.0084,0.0086,0.0086,0.0086,0.0089,0.0094
0.5045,0.5094,0.5093,0.5141,0.5115,0.5015,0.5016,0.5048,0.5056,0.5058,0.502,0.4988,0.4771,0.4751,0.4736,0.4718,0.4716,0.4732,0.4753,0.4814,0.4749,0.4581,0.447,0.4358,0.4363,0.4324,0.4011,0.3775,0.367,0.3612,0.3558,0.3434,0.3308,0.3261,0.3192,0.3096,0.3078,0.3075,0.3011,0.2997,0.2992,0.2913,0.2875,0.2829,0.2616,0.2369,0.2269,0.2222,0.2164,0.2062,0.2004,0.1913,0.1748,0.1672,0.1577,0.1409,0.1229,0.1109,0.1035,0.0999,0.09,0.074,0.0662,0.0619,0.0527,0.0378,0.0332,0.0231,0.0158,0.0157,0.0158,0.0161,0.0165,0.0167,0.0171,0.0176,0.0184,0.0183,0.0184,0.0194,0.0188,0.0191,0.0201,0.0216,0.0227,0.0229,0.0234,0.0239,0.0242,0.0252
0.5436,0.5385,0.5418,0.5462,0.553,0.5504,0.5555,0.557,0.5593,0.561,0.5596,0.5629,0.5558,0.5557,0.5543,0.55,0.5443,0.5406,0.5408,0.5426,0.5465,0.5406,0.5341,0.5341,0.5361,0.5355,0.5271,0.5079,0.4836,0.4773,0.4754,0.4712,0.4582,0.4425,0.4357,0.4264,0.4234,0.4161,0.4117,0.4122,0.4068,0.4038,0.4044,0.4047,0.3949,0.3735,0.3529,0.3363,0.3306,0.3274,0.3209,0.3171,0.3078,0.3084,0.3058,0.2855,0.2677,0.2547,0.2426,0.2347,0.2313,0.2212,0.2049,0.1913,0.1702,0.1484,0.1282,0.1222,0.1027,0.0891,0.0856,0.0867,0.0843,0.0832,0.0848,0.085,0.0822,0.0806,0.0833,0.0817,0.0779,0.077,0.0781,0.0772,0.0756,0.0727,0.0722,0.0703,0.0681,0.0691
0.5227,0.5149,0.517,0.5118,0.5121,0.5104,0.5089,0.507,0.5054,0.506,0.5054,0.5018,0.5023,0.4995,0.5007,0.5004,0.4985,0.4906,0.4867,0.4815,0.4874,0.4882,0.4847,0.4836,0.4833,0.483,0.4837,0.478,0.4644,0.4522,0.4494,0.4512,0.4482,0.4405,0.4345,0.4265,0.4221,0.4176,0.413,0.4012,0.394,0.3918,0.3924,0.3912,0.3871,0.3826,0.374,0.3606,0.3364,0.3367,0.3364,0.3359,0.3352,0.3322,0.3284,0.318,0.3136,0.3077,0.3009,0.2592,0.2396,0.2252,0.2142,0.212,0.2103,0.2024,0.1932,0.1915,0.1872,0.1765,0.164,0.157,0.1591,0.1552,0.1516,0.1459,0.1398,0.1315,0.1297,0.1152,0.1026,0.0923,0.0885,0.0837,0.0802,0.0777,0.0745,0.07,0.0666,0.06
0.4302,0.4247,0.4234,0.4197,0.4171,0.4165,0.416,0.4136,0.4115,0.4073,0.3966,0.3846,0.3849,0.3854,0.385,0.3845,0.3879,0.3863,0.3741,0.3689,0.3674,0.3707,0.37,0.364,0.3557,0.3497,0.3486,0.3437,0.3308,0.3249,0.3222,0.3223,0.3188,0.3139,0.3059,0.3017,0.3005,0.301,0.3015,0.2914,0.2908,0.2898,0.2868,0.2848,0.2803,0.2695,0.2568,0.2516,0.2375,0.2329,0.2352,0.2357,0.2327,0.2291,0.2257,0.2224,0.2182,0.2142,0.2071,0.2018,0.1932,0.1889,0.185,0.183,0.1849,0.1822,0.1819,0.1785,0.1716,0.1691,0.1529,0.1353,0.1288,0.1257,0.1255,0.1191,0.1141,0.1165,0.1142,0.0963,0.083,0.0804,0.0785,0.0753,0.066,0.0611,0.0604,0.0582,0.0562,0.0481
0.3378,0.3364,0.3375,0.3355,0.335,0.3294,0.323,0.3246,0.3249,0.323,0.3132,0.3079,0.3101,0.3074,0.3057,0.3024,0.2954,0.293,0.2769,0.2707,0.268,0.2538,0.2528,0.2516,0.2445,0.2387,0.2361,0.2282,0.2214,0.2158,0.2136,0.214,0.2144,0.2126,0.2144,0.2109,0.2109,0.2079,0.2064,0.2,0.1956,0.1951,0.1913,0.1871,0.1865,0.1818,0.1787,0.1784,0.1739,0.1701,0.1677,0.1661,0.1638,0.1549,0.143,0.1359,0.1314,0.13,0.1229,0.1173,0.1102,0.0998,0.0837,0.0765,0.071,0.0659,0.0669,0.0662,0.0576,0.0488,0.0459,0.0306,0.0198,0.0185,0.0186,0.0181,0.0188,0.019,0.017,0.0165,0.0173,0.0177,0.0169,0.0144,0.0135,0.0126,0.0124,0.0124,0.0125,0.012
0.3166,0.3069,0.3042,0.3005,0.2931,0.2805,0.2695,0.2628,0.2612,0.2612,0.2601,0.2579,0.2568,0.2563,0.2532,0.2517,0.2477,0.2437,0.2352,0.2254,0.2164,0.2091,0.2073,0.2057,0.2022,0.1969,0.1904,0.1826,0.1776,0.1741,0.1699,0.165,0.1646,0.1578,0.1523,0.1436,0.1361,0.1271,0.1253,0.1152,0.1049,0.0966,0.0778,0.0611,0.0497,0.0458,0.0399,0.035,0.0319,0.0305,0.0293,0.0282,0.0275,0.0235,0.0211,0.0201,0.0188,0.0181,0.0177,0.0177,0.0179,0.0167,0.0161,0.0132,0.0114,0.0083,0.0084,0.008,0.0064,0.0025,0.0022,0.0024,0.0023,9e-04,4e-04,5e-04,6e-04,7e-04,5e-04,5e-04,4e-04,5e-04,4e-04,4e-04,3e-04,3e-04,2e-04,3e-04,4e-04,4e-04
0.2793,0.2712,0.2643,0.2648,0.2643,0.2644,0.2588,0.248,0.2396,0.2363,0.2331,0.227,0.2206,0.2189,0.2177,0.2129,0.2048,0.2002,0.1944,0.1885,0.1799,0.1737,0.1682,0.1647,0.1633,0.16,0.157,0.1545,0.1522,0.1471,0.1455,0.1442,0.1415,0.1342,0.1298,0.1236,0.1187,0.1126,0.1114,0.1026,0.0811,0.0666,0.0351,0.0284,0.0265,0.0252,0.024,0.022,0.0211,0.0203,0.0197,0.0198,0.0201,0.0197,0.0192,0.0182,0.0175,0.017,0.017,0.017,0.0172,0.0169,0.014,0.0135,0.0127,0.0093,0.008,0.0076,0.0063,0.005,0.0054,0.0055,0.0055,0.0052,0.0056,0.006,0.0062,0.0064,0.0069,0.007,0.0069,0.0067,0.0052,0.003,0.0025,0.0021,0.0019,0.0018,0.0017,0.0017
0.2195,0.2154,0.2135,0.2118,0.207,0.2054,0.2045,0.199,0.1919,0.1913,0.1929,0.1938,0.1905,0.1905,0.1903,0.1887,0.183,0.1836,0.1831,0.1783,0.1685,0.1684,0.1653,0.1639,0.16,0.1562,0.1523,0.1461,0.1441,0.1409,0.1388,0.139,0.1368,0.1285,0.1172,0.12,0.1174,0.1158,0.1166,0.1052,0.0793,0.0742,0.0628,0.0565,0.0521,0.0487,0.0508,0.0487,0.0428,0.04,0.0371,0.0368,0.0351,0.0341,0.0334,0.0314,0.0263,0.0254,0.0255,0.0252,0.0246,0.0239,0.023,0.0213,0.0203,0.0193,0.0186,0.0174,0.0108,0.007,0.0048,0.0039,0.0035,0.003,0.0022,0.0018,0.0014,0.001,5e-04,4e-04,3e-04,2e-04,2e-04,2e-04,2e-04,2e-04,3e-04,3e-04,4e-04,5e-04
0.2185,0.2129,0.2132,0.2133,0.2138,0.216,0.2156,0.218,0.2111,0.2,0.196,0.1938,0.1921,0.1897,0.1899,0.1878,0.1779,0.1736,0.1692,0.1672,0.1619,0.1598,0.1567,0.152,0.1473,0.1431,0.1408,0.1389,0.1342,0.1305,0.1258,0.1264,0.1232,0.1214,0.112,0.1072,0.101,0.1012,0.0982,0.0938,0.0896,0.0851,0.0747,0.0618,0.0508,0.043,0.0365,0.0305,0.0244,0.0213,0.0182,0.0172,0.0159,0.0157,0.0157,0.0135,0.011,0.0093,0.0075,0.0071,0.0068,0.0064,0.0065,0.0063,0.0063,0.0065,0.0067,0.0067,0.0042,0.0014,0.0013,0.0014,0.0013,0.0011,0.001,0.0012,0.0012,0.0011,0.001,0.0011,0.001,0.0011,0.0011,0.0013,0.0015,0.0026,0.0023,0.0029,0.0027,0.0035
0.1936,0.196,0.1947,0.1936,0.1951,0.1943,0.1938,0.1955,0.1911,0.1869,0.178,0.1734,0.168,0.1667,0.1648,0.1602,0.1574,0.149,0.1437,0.1433,0.1449,0.1408,0.1406,0.1397,0.1392,0.1393,0.1393,0.1388,0.1363,0.1346,0.1348,0.132,0.1272,0.127,0.1306,0.1272,0.1199,0.1142,0.1108,0.1057,0.1015,0.1004,0.097,0.0852,0.0764,0.0729,0.0718,0.0701,0.0672,0.066,0.0647,0.0623,0.0591,0.0576,0.0565,0.0533,0.0484,0.0449,0.0435,0.0429,0.0425,0.0421,0.04,0.0393,0.0385,0.0388,0.0388,0.0373,0.0359,0.0324,0.0306,0.0299,0.0292,0.0287,0.0273,0.0259,0.0256,0.0255,0.0244,0.0235,0.0225,0.0219,0.0214,0.0211,0.0196,0.0187,0.0175,0.0178,0.0183,0.0183
0.1021,0.1081,0.1154,0.118,0.1186,0.119,0.113,0.1113,0.1087,0.1058,0.1017,0.0959,0.0944,0.0902,0.0892,0.0889,0.0876,0.0804,0.0792,0.079,0.0796,0.0804,0.0811,0.0802,0.0773,0.0794,0.0801,0.0802,0.0788,0.0775,0.0751,0.0706,0.074,0.0734,0.0724,0.0724,0.0731,0.0742,0.0758,0.0752,0.0735,0.073,0.072,0.0671,0.0656,0.0628,0.0636,0.0663,0.0682,0.0693,0.0704,0.0721,0.0737,0.0754,0.0747,0.0729,0.073,0.0709,0.0718,0.0726,0.0741,0.0742,0.0744,0.0737,0.0726,0.0714,0.0716,0.07,0.0653,0.0686,0.0662,0.0685,0.0703,0.07,0.0707,0.0712,0.072,0.0718,0.072,0.0712,0.0713,0.0719,0.0729,0.0743,0.0751,0.0739,0.0713,0.0623,0.0613,0.0615
0.4203,0.4192,0.4184,0.4159,0.4165,0.4185,0.4224,0.4252,0.4246,0.4205,0.4224,0.4249,0.4227,0.4171,0.4094,0.4105,0.4044,0.399,0.394,0.3949,0.4002,0.4063,0.4121,0.408,0.3978,0.395,0.3984,0.4037,0.4065,0.3981,0.3907,0.3841,0.3985,0.403,0.4042,0.4005,0.3976,0.4056,0.4124,0.4216,0.4242,0.4281,0.4252,0.4167,0.4129,0.4103,0.4123,0.4178,0.4245,0.4307,0.4371,0.447,0.4496,0.4482,0.4444,0.4372,0.4282,0.4294,0.4305,0.4342,0.4327,0.4298,0.4294,0.4329,0.437,0.4378,0.4327,0.4272,0.4214,0.4157,0.4115,0.4067,0.4044,0.4083,0.4141,0.416,0.42,0.4235,0.4257,0.4237,0.4233,0.4247,0.4262,0.4272,0.4324,0.4375,0.441,0.4404,0.4303,0.427
0.644,0.6402,0.6279,0.6168,0.618,0.6165,0.6143,0.6104,0.6072,0.6033,0.599,0.5992,0.5983,0.5989,0.5909,0.5795,0.5777,0.5759,0.5764,0.5669,0.5622,0.5587,0.5571,0.5547,0.5512,0.5411,0.5313,0.5269,0.5247,0.5216,0.5198,0.5154,0.5043,0.5043,0.5059,0.5029,0.4975,0.4941,0.4916,0.4907,0.49,0.4918,0.4978,0.5025,0.5,0.4966,0.4927,0.4865,0.4758,0.4545,0.445,0.4338,0.42,0.4139,0.4103,0.408,0.3936,0.3597,0.3369,0.3217,0.3033,0.2881,0.2776,0.2624,0.2533,0.2406,0.2334,0.2228,0.2205,0.2195,0.2199,0.2164,0.2081,0.1945,0.1849,0.178,0.1657,0.1524,0.1461,0.1449,0.1425,0.1375,0.137,0.1363,0.1248,0.1165,0.1155,0.1162,0.1185,0.1174
0.7325,0.7334,0.7288,0.7195,0.7107,0.7093,0.706,0.7043,0.6977,0.6912,0.682,0.6801,0.6788,0.6792,0.6766,0.6711,0.6715,0.6616,0.6533,0.6497,0.6388,0.6305,0.6242,0.6201,0.6167,0.6084,0.5976,0.5889,0.5723,0.5623,0.5569,0.5557,0.5478,0.5379,0.5382,0.5321,0.5226,0.5118,0.4976,0.4743,0.456,0.4472,0.4398,0.4331,0.4287,0.4204,0.4086,0.3945,0.3727,0.3247,0.2836,0.2574,0.2409,0.2351,0.2301,0.2253,0.2145,0.1921,0.168,0.1524,0.1321,0.1125,0.092,0.0848,0.0668,0.0474,0.0425,0.0405,0.0359,0.0347,0.0339,0.0337,0.0335,0.0238,0.0171,0.014,0.0126,0.0122,0.0118,0.0114,0.0112,0.0103,0.0103,0.0105,0.0105,0.0104,0.0094,0.0089,0.0086,0.0083
0.709,0.7155,0.7129,0.7059,0.6928,0.6849,0.6821,0.6799,0.6834,0.6837,0.6724,0.6648,0.6616,0.6586,0.6545,0.6508,0.6488,0.6451,0.6355,0.6233,0.6192,0.6175,0.6097,0.5988,0.5905,0.5819,0.5695,0.5595,0.5506,0.5468,0.5424,0.5366,0.5271,0.5182,0.5136,0.5059,0.495,0.4761,0.4461,0.4051,0.3759,0.3446,0.3223,0.3088,0.2935,0.2817,0.2712,0.2627,0.2495,0.2105,0.1923,0.1776,0.1607,0.1496,0.1441,0.1373,0.1337,0.1297,0.1247,0.1207,0.1198,0.1142,0.0954,0.0815,0.0759,0.0685,0.0481,0.0439,0.0356,0.0331,0.0299,0.0279,0.0275,0.0277,0.0275,0.0273,0.0272,0.0269,0.0271,0.0265,0.0265,0.0228,0.0208,0.021,0.0215,0.0216,0.022,0.0223,0.0222,0.0227
0.6518,0.661,0.6641,0.6598,0.6512,0.6522,0.6555,0.6521,0.6496,0.6455,0.64,0.6249,0.6234,0.6192,0.6144,0.6058,0.5979,0.5904,0.5815,0.5699,0.5594,0.5566,0.5618,0.5614,0.5559,0.5489,0.5299,0.5193,0.5181,0.5142,0.5085,0.4777,0.4531,0.4263,0.3991,0.3796,0.36,0.3321,0.3074,0.2903,0.277,0.2725,0.2635,0.2621,0.2578,0.2481,0.2372,0.2309,0.2232,0.1732,0.1201,0.0891,0.0736,0.0734,0.0679,0.067,0.0631,0.0579,0.0566,0.0462,0.0438,0.0438,0.0455,0.0467,0.0429,0.0369,0.0341,0.0339,0.0327,0.0309,0.0303,0.0303,0.0299,0.0309,0.0312,0.0315,0.0318,0.0306,0.0248,0.024,0.023,0.0234,0.0228,0.0236,0.0243,0.0238,0.0236,0.0247,0.0238,0.0251
0.6507,0.6465,0.6426,0.6399,0.6376,0.6337,0.6183,0.6143,0.6092,0.6089,0.6112,0.6048,0.6037,0.6032,0.6058,0.6101,0.6082,0.6038,0.5989,0.594,0.5918,0.5872,0.5896,0.5932,0.5935,0.5854,0.5778,0.552,0.5463,0.5433,0.542,0.5301,0.527,0.5171,0.508,0.4987,0.4792,0.4685,0.4589,0.4496,0.4339,0.4235,0.4197,0.4151,0.4085,0.406,0.3981,0.3951,0.3977,0.3939,0.372,0.3267,0.3026,0.294,0.2799,0.2699,0.2567,0.2076,0.2004,0.1944,0.1747,0.1719,0.1707,0.1698,0.1542,0.1379,0.1352,0.1341,0.1271,0.1224,0.1209,0.1191,0.1195,0.1176,0.116,0.1145,0.1118,0.1083,0.0988,0.0957,0.0951,0.0956,0.093,0.09,0.0899,0.0891,0.0868,0.0867,0.0858,0.0832
