0.7309,0.733,0.7346,0.732,0.7347,0.7318,0.69,0.6762,0.6718,0.6682,0.6719,0.6739,0.6744,0.6779,0.6796,0.6801,0.6704,0.6766,0.6803,0.6553,0.6521,0.6508,0.6472,0.6423,0.6388,0.6392,0.6327,0.6295,0.6299,0.6225,0.6197,0.6146,0.6093,0.6116,0.6091,0.607,0.6047,0.5989,0.5911,0.5948,0.594,0.5902,0.5837,0.5691,0.5486,0.5399,0.5287,0.5054,0.4948,0.4627,0.4187,0.4078,0.3831,0.3296,0.3164,0.3058,0.2938,0.2557,0.2306,0.2243,0.2089,0.1952,0.1802,0.176,0.1752,0.1605,0.1445,0.135,0.1291,0.1272,0.1181,0.1107,0.1058,0.1019,0.093,0.0838,0.0768,0.0714,0.0706,0.0689,0.0629,0.0596,0.0583,0.057,0.0535,0.0447,0.0425,0.0399,0.0367,0.0361
0.6824,0.689,0.6892,0.6896,0.6885,0.6902,0.6639,0.6355,0.6321,0.6302,0.627,0.6344,0.6349,0.6361,0.6372,0.6359,0.6278,0.6264,0.6329,0.6316,0.6314,0.6303,0.6276,0.6205,0.6129,0.6148,0.606,0.5905,0.5974,0.5946,0.5907,0.5877,0.5785,0.5567,0.5533,0.5528,0.556,0.5543,0.5445,0.5395,0.538,0.5317,0.5276,0.5179,0.5108,0.4918,0.4508,0.4326,0.415,0.4,0.3654,0.3338,0.3249,0.3106,0.3002,0.2917,0.2664,0.2187,0.1968,0.1759,0.1522,0.1384,0.1179,0.1096,0.1083,0.0913,0.0806,0.0741,0.0686,0.0605,0.0548,0.0352,0.0312,0.0304,0.0299,0.0286,0.0289,0.0281,0.0278,0.0272,0.0271,0.0265,0.0236,0.0203,0.0202,0.0208,0.0204,0.0195,0.0187,0.0187
0.6131,0.6177,0.6174,0.6179,0.6151,0.6159,0.6092,0.5905,0.5766,0.5709,0.5635,0.5646,0.5668,0.5721,0.5724,0.5694,0.5693,0.5683,0.5636,0.5676,0.5646,0.5605,0.5552,0.5506,0.5399,0.5373,0.5385,0.5328,0.5309,0.5323,0.5323,0.5275,0.5221,0.5146,0.5097,0.5086,0.5087,0.5078,0.5009,0.4951,0.4851,0.4751,0.4686,0.4503,0.4366,0.4131,0.3748,0.3447,0.3328,0.3156,0.2824,0.2228,0.211,0.207,0.204,0.199,0.1935,0.1823,0.1417,0.1089,0.0861,0.074,0.0539,0.0487,0.0473,0.0451,0.0428,0.0342,0.0305,0.027,0.0259,0.0243,0.022,0.0209,0.0211,0.0213,0.0208,0.021,0.0215,0.0215,0.0214,0.0211,0.0206,0.0206,0.0204,0.0199,0.0211,0.0185,0.0143,0.014
0.5008,0.4962,0.4998,0.4994,0.5046,0.5036,0.5015,0.4964,0.4931,0.4679,0.4685,0.4656,0.465,0.4674,0.4688,0.4709,0.4741,0.4773,0.4756,0.4741,0.4752,0.4698,0.4639,0.4563,0.4413,0.4347,0.4281,0.4254,0.4222,0.4208,0.4215,0.4161,0.4206,0.3989,0.393,0.3855,0.3783,0.3708,0.3631,0.3448,0.3225,0.3037,0.2903,0.2614,0.2163,0.198,0.1874,0.1801,0.1708,0.1532,0.1312,0.0856,0.0746,0.071,0.0671,0.0648,0.0593,0.0569,0.0492,0.0419,0.0363,0.0341,0.0332,0.0309,0.0294,0.0285,0.0272,0.0235,0.0226,0.0224,0.0213,0.0209,0.0244,0.0218,0.0197,0.0195,0.0215,0.0241,0.022,0.0181,0.0157,0.0138,0.0137,0.0137,0.0129,0.012,0.0107,0.0092,0.0073,0.0068
0.3774,0.3783,0.3726,0.3704,0.373,0.3769,0.3795,0.3814,0.3826,0.3764,0.3711,0.3665,0.3631,0.3638,0.3514,0.3475,0.3408,0.3388,0.3372,0.3345,0.3343,0.3314,0.3265,0.3261,0.3204,0.3037,0.3011,0.2952,0.2848,0.2762,0.2586,0.2468,0.2486,0.2462,0.2207,0.2066,0.1955,0.1758,0.1709,0.1607,0.1453,0.1204,0.1035,0.0852,0.0599,0.0548,0.0519,0.0477,0.0471,0.0422,0.0347,0.0316,0.0294,0.0285,0.0284,0.0283,0.0279,0.0275,0.027,0.0244,0.0218,0.0204,0.019,0.0193,0.0185,0.018,0.0181,0.0182,0.0176,0.0177,0.0176,0.0173,0.0177,0.0182,0.0184,0.0172,0.0167,0.0164,0.0158,0.0149,0.0131,0.0124,0.0119,0.0115,0.0111,0.0108,0.0107,0.0106,0.0105,0.0105
0.3335,0.3369,0.336,0.3319,0.3268,0.327,0.3295,0.3335,0.3377,0.3369,0.3359,0.3314,0.3305,0.3274,0.317,0.3147,0.3116,0.3066,0.3003,0.298,0.2865,0.2878,0.2904,0.2913,0.2909,0.285,0.2758,0.2723,0.2543,0.2517,0.2468,0.2356,0.2349,0.2256,0.2128,0.2006,0.1961,0.1796,0.1758,0.1747,0.1688,0.1497,0.1322,0.1258,0.1056,0.0961,0.0962,0.0923,0.0916,0.0903,0.0848,0.0809,0.0774,0.0724,0.0666,0.0639,0.0622,0.0595,0.0557,0.0498,0.0433,0.0374,0.0339,0.0349,0.0324,0.0291,0.0274,0.0253,0.0203,0.0186,0.0176,0.0157,0.014,0.0127,0.0116,0.0105,0.01,0.0105,0.0111,0.0118,0.0114,0.0106,0.0101,0.0097,0.0091,0.0086,0.0082,0.008,0.008,0.0081
0.35,0.3462,0.3504,0.3503,0.3457,0.3381,0.3383,0.3391,0.3417,0.3414,0.3387,0.3352,0.3267,0.3202,0.3055,0.2947,0.2885,0.2831,0.2767,0.2693,0.2602,0.257,0.2563,0.2532,0.2542,0.2489,0.2327,0.2046,0.1999,0.1909,0.1868,0.1816,0.1819,0.1763,0.1714,0.1645,0.1542,0.1521,0.1466,0.1341,0.1088,0.0943,0.0797,0.0727,0.0623,0.0531,0.0418,0.0317,0.0241,0.0202,0.0177,0.0162,0.0123,0.0104,0.0103,0.01,0.0099,0.01,0.0096,0.0073,0.0056,0.0052,0.005,0.0047,0.0041,0.0039,0.0037,0.0034,0.0039,0.0044,0.0035,0.0033,0.0041,0.0049,0.0041,0.0034,0.0033,0.0032,0.0032,0.0031,0.0031,0.0026,0.0024,0.0021,0.0021,0.002,0.0019,0.0019,0.0019,0.0018
0.4278,0.4282,0.4325,0.432,0.4329,0.43,0.4201,0.4152,0.403,0.3933,0.392,0.3907,0.3803,0.3641,0.3589,0.3512,0.3477,0.3445,0.335,0.3193,0.3166,0.3049,0.2895,0.2774,0.2728,0.2628,0.238,0.2024,0.192,0.1803,0.1703,0.159,0.1545,0.1465,0.1417,0.122,0.0985,0.0864,0.0766,0.0638,0.0541,0.0442,0.0381,0.0347,0.0322,0.0284,0.0265,0.0242,0.0225,0.0215,0.0201,0.0192,0.0188,0.018,0.0169,0.0154,0.0147,0.0133,0.0128,0.0123,0.0114,0.0108,0.0105,0.0101,0.0108,0.0102,0.0103,0.01,0.0094,0.0083,0.0071,0.0081,0.0076,0.0071,0.006,0.0041,0.0031,0.0026,0.0024,0.0021,0.0017,0.0015,0.0014,0.0012,0.001,9e-04,8e-04,7e-04,7e-04,6e-04
0.285,0.2903,0.2902,0.2834,0.2842,0.2844,0.2799,0.277,0.2698,0.265,0.2608,0.2561,0.2468,0.2114,0.2005,0.1983,0.187,0.1771,0.1706,0.1433,0.1306,0.1178,0.1123,0.0999,0.085,0.0785,0.0677,0.0562,0.0521,0.053,0.0457,0.0329,0.0308,0.0261,0.02,0.0156,0.0064,0.0049,0.0039,0.0035,0.0028,0.0022,0.0019,0.0017,0.0017,0.0016,0.0015,0.001,8e-04,5e-04,5e-04,4e-04,4e-04,4e-04,3e-04,3e-04,2e-04,2e-04,2e-04,2e-04,2e-04,2e-04,1e-04,1e-04,1e-04,1e-04,1e-04,1e-04,1e-04,1e-04,1e-04,1e-04,1e-04,1e-04,1e-04,1e-04,1e-04,1e-04,1e-04,1e-04,1e-04,1e-04,1e-04,1e-04,1e-04,1e-04,1e-04,1e-04,1e-04,1e-04
0.173,0.1682,0.1641,0.1622,0.1611,0.1593,0.1566,0.1514,0.1513,0.1472,0.1435,0.1399,0.1287,0.117,0.1076,0.1046,0.0978,0.092,0.0847,0.0763,0.0656,0.056,0.0487,0.0329,0.0196,0.0158,0.0135,0.0115,0.0097,0.0087,0.0069,0.0063,0.0062,0.0063,0.0063,0.006,0.0037,0.0033,0.003,0.0024,0.0018,6e-04,2e-04,2e-04,2e-04,1e-04,1e-04,1e-04,1e-04,1e-04,1e-04,1e-04,1e-04,1e-04,1e-04,1e-04,1e-04,0,0,0,0,0,0,0,0,0,0,0,0,0,0,0,0,0,0,0,0,0,0,0,0,0,0,0,0,0,0,0,0,0
0.1815,0.1803,0.1744,0.172,0.1712,0.1703,0.1676,0.1622,0.1556,0.1546,0.1526,0.1485,0.1401,0.1351,0.1291,0.1188,0.1052,0.0989,0.0915,0.0843,0.0664,0.0387,0.0209,0.0131,0.0104,0.0089,0.0084,0.008,0.0065,0.006,0.0059,0.0059,0.006,0.006,0.0054,0.0037,0.0031,0.0027,0.0024,0.002,0.0018,0.001,5e-04,2e-04,2e-04,3e-04,3e-04,3e-04,3e-04,2e-04,1e-04,1e-04,1e-04,1e-04,1e-04,0,0,0,0,0,0,0,0,0,0,0,0,0,0,0,0,0,0,0,0,0,0,0,0,0,1e-04,1e-04,1e-04,1e-04,1e-04,1e-04,0,0,0,0
0.1815,0.1806,0.175,0.1739,0.1729,0.1716,0.1695,0.1655,0.1625,0.1586,0.1482,0.1419,0.1374,0.1317,0.1268,0.1167,0.0894,0.0761,0.0663,0.0571,0.0499,0.039,0.0309,0.0253,0.0196,0.0135,0.0094,0.0094,0.0084,0.0069,0.0062,0.0058,0.0059,0.006,0.0052,0.0028,0.0024,0.0015,6e-04,3e-04,3e-04,3e-04,3e-04,3e-04,3e-04,4e-04,4e-04,4e-04,4e-04,3e-04,1e-04,1e-04,1e-04,1e-04,1e-04,1e-04,1e-04,1e-04,0,0,0,0,0,0,1e-04,1e-04,1e-04,1e-04,1e-04,1e-04,1e-04,1e-04,0,0,0,0,0,0,0,0,0,0,0,0,0,0,0,0,0,0
0.1497,0.1483,0.1374,0.1351,0.1265,0.1201,0.1142,0.1094,0.1023,0.0965,0.0807,0.0753,0.0628,0.0514,0.0475,0.0429,0.0365,0.0259,0.0178,0.011,0.0065,0.0051,0.0047,0.0046,0.0043,0.0043,0.0044,0.0044,0.004,0.004,0.004,0.0041,0.0037,0.0037,0.0036,0.0029,0.003,0.003,0.0023,0.0011,0.0013,0.0013,0.0015,0.0016,7e-04,9e-04,0.0012,0.0011,0.001,0.001,5e-04,5e-04,5e-04,4e-04,4e-04,3e-04,3e-04,3e-04,3e-04,3e-04,3e-04,3e-04,3e-04,3e-04,4e-04,5e-04,7e-04,0.0011,7e-04,6e-04,5e-04,5e-04,5e-04,5e-04,5e-04,8e-04,0.0013,0.0013,9e-04,9e-04,9e-04,0.001,0.0011,0.002,0.0027,0.0017,0.0015,0.0018,0.0018,0.0016
0.1229,0.1161,0.1043,0.1019,0.0912,0.0873,0.0755,0.062,0.0468,0.0244,0.0145,0.0113,0.0084,0.0086,0.0085,0.0085,0.0085,0.0088,0.0083,0.008,0.0081,0.0086,0.0085,0.0084,0.0093,0.0096,0.01,0.0098,0.0102,0.0103,0.0096,0.0097,0.0071,0.0066,0.0055,0.0055,0.0056,0.005,0.0024,0.0021,0.0019,0.0019,0.002,0.002,0.0019,0.0019,0.0019,0.0019,0.0019,0.0019,0.0015,0.0014,0.0014,0.0015,0.0016,0.0017,0.0019,0.002,0.0021,0.0022,0.0023,0.0017,0.0018,0.0018,0.002,0.0022,0.0025,0.0015,0.0015,0.0017,0.0018,0.0019,0.002,0.0019,0.0021,0.0022,0.0022,0.0022,0.0021,0.0021,0.0023,0.0022,0.0024,0.0026,0.0026,0.0029,0.0029,0.0033,0.0038,0.0044
0.1486,0.1501,0.1547,0.157,0.1472,0.1377,0.1241,0.1138,0.1029,0.0832,0.0754,0.0743,0.0738,0.0763,0.0796,0.0826,0.0834,0.0839,0.0845,0.0867,0.0878,0.0897,0.092,0.0909,0.0904,0.0889,0.088,0.0872,0.0872,0.087,0.086,0.0836,0.0819,0.0802,0.0771,0.0739,0.0722,0.0692,0.0673,0.0652,0.0614,0.0595,0.0581,0.0575,0.0579,0.0582,0.0575,0.0566,0.0564,0.0563,0.0555,0.0546,0.0543,0.0539,0.0536,0.0536,0.0534,0.053,0.0528,0.0519,0.0512,0.0503,0.0494,0.0488,0.0495,0.0492,0.0487,0.0476,0.0459,0.0468,0.0482,0.0481,0.0479,0.0478,0.0467,0.0473,0.0466,0.0478,0.0453,0.0447,0.0452,0.0461,0.0453,0.0441,0.0435,0.0471,0.044,0.0426,0.0455,0.0452
0.2103,0.2,0.2001,0.1902,0.1856,0.1768,0.1722,0.1693,0.1642,0.1494,0.1429,0.142,0.1433,0.1451,0.1464,0.1451,0.1442,0.1428,0.1412,0.1346,0.1314,0.13,0.127,0.1258,0.1276,0.1298,0.1289,0.1257,0.1246,0.1248,0.1227,0.1226,0.1201,0.118,0.1172,0.1123,0.1083,0.1067,0.1023,0.0974,0.0975,0.0976,0.0961,0.0984,0.0975,0.098,0.0967,0.0951,0.0944,0.0942,0.0942,0.0925,0.0903,0.088,0.0878,0.0843,0.0842,0.0844,0.0838,0.0842,0.0852,0.0857,0.0856,0.0833,0.0808,0.0793,0.0759,0.0634,0.0623,0.071,0.0697,0.0687,0.0687,0.0689,0.067,0.0649,0.0654,0.0658,0.0665,0.0659,0.0658,0.0674,0.0657,0.0625,0.0574,0.0577,0.057,0.0481,0.0446,0.0425
0.402,0.3945,0.3866,0.3823,0.3797,0.3754,0.3661,0.3626,0.3574,0.3475,0.3384,0.3335,0.3334,0.3399,0.34,0.3355,0.3263,0.322,0.3116,0.2962,0.2951,0.2788,0.2786,0.2755,0.2636,0.2515,0.2446,0.2343,0.2305,0.2266,0.2224,0.217,0.2176,0.2142,0.2118,0.2096,0.1997,0.1938,0.1875,0.1807,0.1723,0.1717,0.1705,0.1736,0.1759,0.1772,0.1735,0.1692,0.1617,0.1585,0.1554,0.1515,0.1462,0.1401,0.1445,0.1429,0.1408,0.136,0.1329,0.1271,0.1216,0.1193,0.1177,0.1147,0.1076,0.1036,0.0991,0.0884,0.0879,0.0862,0.0782,0.0701,0.0576,0.052,0.049,0.0454,0.0424,0.0396,0.0361,0.0317,0.0302,0.0281,0.0272,0.0266,0.0263,0.0218,0.0139,0.0113,0.0105,0.0097
0.4825,0.4799,0.4719,0.4684,0.4684,0.4659,0.4573,0.4466,0.442,0.4402,0.4305,0.4255,0.4186,0.4093,0.4096,0.4082,0.4032,0.4011,0.398,0.3875,0.3865,0.3798,0.3725,0.3707,0.369,0.3671,0.363,0.3584,0.3544,0.3513,0.3443,0.3396,0.3334,0.3307,0.3283,0.3283,0.3226,0.3084,0.2952,0.2915,0.2731,0.2646,0.2519,0.2425,0.2262,0.2174,0.2114,0.2081,0.2017,0.1878,0.1802,0.176,0.1713,0.1649,0.1512,0.1486,0.1459,0.1399,0.136,0.1345,0.1322,0.1283,0.1249,0.1225,0.1158,0.1023,0.0887,0.0853,0.0801,0.0735,0.0615,0.0498,0.0337,0.0268,0.023,0.0212,0.0168,0.0119,0.0106,0.0103,0.0091,0.0076,0.0075,0.0073,0.0072,0.0071,0.0069,0.0068,0.0066,0.0065
0.4692,0.4697,0.4742,0.4765,0.4793,0.4805,0.4839,0.4797,0.4724,0.4732,0.4771,0.4745,0.4733,0.4622,0.4539,0.4578,0.455,0.4516,0.4463,0.4343,0.4246,0.4239,0.407,0.3997,0.3922,0.3873,0.3804,0.3728,0.3673,0.3634,0.3639,0.349,0.3409,0.3381,0.3384,0.3371,0.3292,0.3221,0.3092,0.3062,0.3023,0.2949,0.2826,0.2726,0.2565,0.2495,0.2447,0.2399,0.2379,0.2255,0.2254,0.2229,0.2173,0.2118,0.1968,0.1929,0.1896,0.1841,0.1764,0.176,0.1736,0.1671,0.1541,0.1428,0.1329,0.1073,0.0765,0.0655,0.0571,0.0514,0.0434,0.0386,0.0329,0.032,0.0303,0.0285,0.0279,0.022,0.0155,0.0122,0.0119,0.0117,0.0115,0.0113,0.0114,0.0115,0.0115,0.0116,0.0117,0.0117
0.4888,0.4816,0.4858,0.4845,0.4828,0.4832,0.4925,0.5012,0.5014,0.4928,0.4943,0.501,0.5065,0.5028,0.4927,0.4859,0.4851,0.4864,0.4858,0.4837,0.4635,0.4628,0.4586,0.4559,0.4443,0.4339,0.4292,0.4165,0.3998,0.3985,0.3977,0.3931,0.3859,0.3844,0.3869,0.3839,0.3768,0.3734,0.3696,0.3718,0.3697,0.3615,0.3351,0.3269,0.3122,0.3061,0.3006,0.2954,0.2955,0.291,0.281,0.278,0.2757,0.2671,0.2482,0.235,0.2325,0.2285,0.2204,0.2083,0.1988,0.1939,0.1916,0.1887,0.1842,0.1752,0.1662,0.1681,0.1676,0.1653,0.1641,0.1612,0.1547,0.1474,0.1423,0.1409,0.1298,0.1129,0.0687,0.0638,0.0592,0.0393,0.038,0.0369,0.0365,0.0358,0.0353,0.035,0.0349,0.0337
0.5342,0.5185,0.5069,0.5049,0.5027,0.5035,0.5113,0.516,0.5098,0.5067,0.5055,0.5129,0.521,0.5219,0.5217,0.5185,0.5172,0.5132,0.5177,0.514,0.5048,0.4977,0.4877,0.4789,0.4751,0.4678,0.4599,0.4583,0.4516,0.4468,0.4413,0.4394,0.4332,0.4252,0.4209,0.4182,0.4215,0.4222,0.4194,0.4175,0.4164,0.4091,0.4019,0.3965,0.3842,0.3802,0.379,0.3741,0.3693,0.3613,0.3384,0.3164,0.3144,0.3105,0.3006,0.281,0.2785,0.2781,0.2761,0.2626,0.2519,0.2451,0.2404,0.2389,0.2395,0.2381,0.23,0.2257,0.2287,0.227,0.2205,0.2097,0.2013,0.1865,0.1699,0.1555,0.1125,0.1,0.0864,0.0689,0.057,0.0504,0.0502,0.0505,0.0505,0.0506,0.0506,0.0502,0.0494,0.0497
0.5135,0.5066,0.4829,0.4765,0.4727,0.4689,0.4674,0.46,0.4601,0.4583,0.4499,0.4402,0.4397,0.4392,0.4412,0.4406,0.4392,0.434,0.4267,0.4243,0.4188,0.4062,0.4002,0.3978,0.3975,0.3964,0.3883,0.3847,0.3804,0.3787,0.3768,0.3717,0.369,0.3551,0.3497,0.3419,0.3402,0.3389,0.3401,0.3398,0.3381,0.3345,0.3297,0.3211,0.3156,0.3028,0.2871,0.2736,0.2642,0.2539,0.2429,0.2293,0.2241,0.221,0.2161,0.2129,0.2101,0.2047,0.1973,0.1916,0.174,0.1673,0.1383,0.1065,0.0939,0.0931,0.0897,0.0821,0.0782,0.0736,0.0648,0.0522,0.0455,0.0432,0.0401,0.0297,0.0192,0.0162,0.0159,0.0166,0.0173,0.018,0.0183,0.0183,0.0184,0.0181,0.018,0.018,0.0178,0.0171
0.4274,0.4221,0.4142,0.4057,0.3998,0.3986,0.3943,0.3965,0.3961,0.4029,0.4,0.3827,0.3695,0.3665,0.3674,0.3666,0.3639,0.3608,0.3537,0.3465,0.3443,0.3362,0.3274,0.3189,0.3127,0.3102,0.3071,0.3033,0.2993,0.2953,0.2951,0.2905,0.2821,0.2739,0.2552,0.2462,0.2368,0.228,0.2247,0.2217,0.2169,0.2113,0.2075,0.1976,0.1869,0.1795,0.1659,0.1567,0.1393,0.1219,0.1063,0.1003,0.0927,0.0736,0.0614,0.0544,0.0493,0.0446,0.0419,0.0401,0.0363,0.0338,0.0281,0.0169,0.008,0.0067,0.0059,0.005,0.0036,0.0032,0.0026,0.0021,0.0021,0.0021,0.0021,0.0021,0.0022,0.002,0.002,0.002,0.0021,0.0021,0.002,0.002,0.002,0.002,0.0019,0.0019,0.0018,0.0019
0.3556,0.349,0.3482,0.3399,0.3363,0.3333,0.3324,0.3335,0.3324,0.3346,0.3389,0.3346,0.3256,0.3237,0.3242,0.3224,0.3163,0.3133,0.3081,0.2994,0.2985,0.2974,0.2945,0.2852,0.2752,0.2728,0.2705,0.265,0.2646,0.2619,0.258,0.2542,0.2519,0.2409,0.2315,0.2243,0.2184,0.2119,0.2076,0.2037,0.2021,0.1978,0.1944,0.1887,0.1809,0.1696,0.1598,0.1466,0.1157,0.0904,0.0772,0.0676,0.0498,0.0451,0.0432,0.0414,0.0384,0.0363,0.0331,0.029,0.0264,0.0245,0.0235,0.0227,0.021,0.0172,0.0142,0.0131,0.0114,0.0096,0.0069,0.0051,0.005,0.0049,0.0048,0.0048,0.0047,0.0043,0.0042,0.0043,0.0043,0.0043,0.0043,0.0043,0.0042,0.0041,0.004,0.0039,0.0039,0.003
0.3073,0.3062,0.3057,0.2988,0.2979,0.301,0.3013,0.2998,0.3046,0.3118,0.3115,0.3146,0.3129,0.3073,0.3034,0.299,0.2959,0.2929,0.2894,0.2832,0.2814,0.2786,0.2743,0.2687,0.2627,0.2572,0.2534,0.2492,0.2464,0.2413,0.2406,0.2343,0.2271,0.2163,0.2068,0.2017,0.1923,0.1831,0.1745,0.1671,0.1579,0.1409,0.1302,0.1178,0.0978,0.0863,0.0703,0.0439,0.0371,0.0335,0.0304,0.0303,0.0287,0.0271,0.0263,0.0257,0.025,0.0234,0.0223,0.0222,0.0213,0.0208,0.0185,0.0142,0.0095,0.0041,0.0017,0.0014,0.001,4e-04,2e-04,2e-04,1e-04,1e-04,1e-04,1e-04,1e-04,1e-04,1e-04,0,0,0,0,0,0,0,0,0,0,0
0.2621,0.2624,0.2637,0.2604,0.2547,0.256,0.2554,0.2453,0.2425,0.2386,0.2377,0.2353,0.23,0.2243,0.2192,0.2126,0.2082,0.2017,0.1984,0.1933,0.1878,0.1841,0.1819,0.1794,0.1782,0.174,0.1701,0.1676,0.1657,0.1635,0.1572,0.1512,0.1467,0.1437,0.1422,0.1407,0.1367,0.131,0.1236,0.115,0.104,0.0952,0.091,0.0859,0.0832,0.0825,0.0741,0.0437,0.0362,0.0377,0.0386,0.0398,0.0407,0.0407,0.0413,0.0416,0.0413,0.04,0.0383,0.0372,0.0366,0.0361,0.0337,0.0305,0.0281,0.0256,0.0215,0.0179,0.0159,0.0155,0.0153,0.0157,0.0162,0.0165,0.017,0.0171,0.0173,0.0172,0.0169,0.0167,0.0163,0.016,0.0155,0.015,0.0143,0.0126,0.0133,0.0137,0.0137,0.0133
0.2197,0.2202,0.2208,0.2218,0.2191,0.2116,0.2046,0.1994,0.1919,0.188,0.1873,0.1857,0.1835,0.1794,0.1747,0.1729,0.1696,0.1639,0.1536,0.1469,0.1439,0.1438,0.1429,0.1398,0.137,0.1355,0.1352,0.1336,0.1324,0.1309,0.1273,0.1245,0.1231,0.1156,0.1086,0.1068,0.1067,0.106,0.1052,0.102,0.0966,0.0952,0.0931,0.0919,0.0913,0.0914,0.0881,0.0856,0.0836,0.0822,0.0811,0.0801,0.0789,0.0777,0.076,0.0751,0.0748,0.0736,0.0705,0.0684,0.0679,0.0668,0.0641,0.0601,0.0576,0.0549,0.0504,0.045,0.0406,0.0389,0.0388,0.0367,0.0356,0.0349,0.0341,0.033,0.0319,0.0314,0.0307,0.0298,0.0289,0.0276,0.0259,0.0246,0.0222,0.0183,0.0173,0.0169,0.0143,0.0098
0.204,0.2046,0.2031,0.2032,0.1995,0.1995,0.1922,0.187,0.179,0.1773,0.1772,0.174,0.1708,0.1677,0.1654,0.1632,0.1618,0.1599,0.1567,0.1511,0.1484,0.1451,0.1437,0.1426,0.1405,0.1405,0.1388,0.1377,0.135,0.1311,0.128,0.1253,0.1212,0.1193,0.1177,0.1152,0.1103,0.106,0.0987,0.0886,0.08,0.0738,0.068,0.0639,0.0603,0.0575,0.0553,0.0464,0.0416,0.0377,0.0346,0.0312,0.0288,0.0268,0.0252,0.0227,0.0209,0.0202,0.0171,0.0157,0.015,0.0141,0.0127,0.0116,0.0103,0.0094,0.0082,0.0086,0.0082,0.0082,0.0068,0.0052,0.0041,0.0037,0.0038,0.0037,0.0036,0.0036,0.0036,0.0038,0.004,0.0046,0.005,0.0045,0.0036,0.0027,0.0025,0.0022,0.0024,0.0026
0.1818,0.1841,0.1841,0.1839,0.1834,0.1842,0.1848,0.1817,0.1771,0.174,0.171,0.167,0.1644,0.161,0.156,0.1517,0.1494,0.1481,0.1452,0.1412,0.1381,0.131,0.127,0.1219,0.1176,0.1127,0.1093,0.1065,0.1035,0.098,0.0949,0.0879,0.0855,0.0846,0.0834,0.0808,0.0765,0.0748,0.0726,0.0682,0.0627,0.0601,0.058,0.0543,0.0513,0.0472,0.0447,0.041,0.0383,0.0364,0.0351,0.0336,0.0328,0.0304,0.0288,0.0273,0.0267,0.0262,0.0249,0.0242,0.0236,0.0236,0.0234,0.0228,0.0228,0.0226,0.0216,0.0212,0.0195,0.0174,0.0164,0.0154,0.0142,0.012,0.0106,0.0105,0.01,0.0102,0.0095,0.009,0.0094,0.0093,0.0087,0.0095,0.0094,0.0092,0.0072,0.0068,0.0053,0.0051
0.1088,0.1102,0.11,0.106,0.1022,0.1009,0.1006,0.1003,0.1001,0.096,0.0925,0.0916,0.0925,0.0931,0.0926,0.0913,0.0891,0.0868,0.0846,0.0845,0.0826,0.0778,0.0757,0.0798,0.0794,0.0795,0.0773,0.0758,0.0758,0.0748,0.0676,0.068,0.0712,0.0721,0.0737,0.0754,0.0804,0.0823,0.0857,0.0865,0.0858,0.0884,0.0899,0.0912,0.0917,0.0917,0.0917,0.0914,0.0906,0.0898,0.0881,0.0886,0.0865,0.0796,0.0808,0.0835,0.0861,0.085,0.0838,0.0794,0.0765,0.0759,0.0824,0.0848,0.0838,0.0836,0.0815,0.0797,0.0776,0.0766,0.0756,0.0761,0.0749,0.0737,0.0734,0.0741,0.0736,0.0739,0.0737,0.0728,0.0748,0.0766,0.0763,0.0759,0.0759,0.0761,0.0672,0.0499,0.0496,0.0557
0.4687,0.4703,0.4781,0.4877,0.4926,0.4963,0.4967,0.4989,0.4964,0.4908,0.4886,0.4819,0.4815,0.487,0.4919,0.4961,0.4988,0.4908,0.4894,0.4902,0.4906,0.4845,0.4776,0.4742,0.478,0.4745,0.4642,0.4581,0.461,0.4653,0.4633,0.4539,0.4483,0.4559,0.4685,0.4746,0.4805,0.4866,0.4905,0.4933,0.4982,0.5025,0.5075,0.5045,0.504,0.5031,0.5082,0.5067,0.4983,0.4943,0.495,0.4991,0.4981,0.494,0.4938,0.4984,0.5026,0.5044,0.5045,0.4978,0.4927,0.4868,0.4851,0.493,0.499,0.5003,0.4973,0.4894,0.4806,0.4843,0.4841,0.4799,0.4776,0.4754,0.4728,0.474,0.472,0.4688,0.4698,0.4673,0.4626,0.4637,0.4638,0.4661,0.4669,0.4667,0.4654,0.4588,0.453,0.4511
0.6237,0.6154,0.6103,0.6138,0.6157,0.6185,0.6202,0.621,0.6164,0.6193,0.6232,0.6123,0.603,0.5967,0.5911,0.5902,0.5937,0.589,0.5928,0.5918,0.5868,0.5862,0.5794,0.5646,0.5511,0.5446,0.5364,0.532,0.537,0.5375,0.5382,0.5339,0.5273,0.5201,0.5178,0.5162,0.5123,0.508,0.5014,0.4956,0.4995,0.497,0.492,0.4846,0.4739,0.4688,0.464,0.4637,0.4621,0.4383,0.4251,0.4135,0.4039,0.3923,0.3771,0.3603,0.34,0.3165,0.2898,0.2841,0.2825,0.2829,0.2533,0.2307,0.2153,0.2082,0.2026,0.1988,0.1989,0.1948,0.1883,0.1847,0.1756,0.1649,0.1622,0.1576,0.1552,0.1528,0.1477,0.1458,0.1457,0.1354,0.1256,0.116,0.111,0.1126,0.1173,0.1245,0.1277,0.1328
0.6927,0.6829,0.6841,0.6849,0.6804,0.6805,0.6836,0.6859,0.6783,0.6851,0.6859,0.6842,0.6788,0.6682,0.6577,0.6452,0.6412,0.63,0.6259,0.6309,0.6227,0.6185,0.6203,0.6095,0.5931,0.5817,0.5736,0.57,0.569,0.5694,0.5685,0.571,0.5661,0.5572,0.5484,0.5439,0.5379,0.5317,0.5268,0.5217,0.514,0.5028,0.497,0.4974,0.4831,0.4745,0.4629,0.4451,0.4382,0.4206,0.3784,0.3673,0.3519,0.331,0.3125,0.2918,0.2681,0.2317,0.215,0.2061,0.2056,0.2047,0.1888,0.144,0.1352,0.1315,0.1302,0.1282,0.1276,0.1253,0.1236,0.1226,0.1199,0.1095,0.1054,0.0983,0.0946,0.0928,0.0931,0.0928,0.089,0.0857,0.0812,0.0765,0.0732,0.0699,0.0666,0.0646,0.0637,0.0598
0.6707,0.6641,0.6611,0.6533,0.6431,0.6342,0.6326,0.6323,0.6259,0.6215,0.6175,0.6155,0.6151,0.6022,0.5984,0.5908,0.5878,0.5867,0.5852,0.5825,0.5817,0.5811,0.587,0.5886,0.5825,0.5806,0.579,0.5685,0.5589,0.5574,0.5616,0.5621,0.5592,0.5501,0.543,0.536,0.5363,0.537,0.5339,0.5284,0.5237,0.5132,0.4908,0.4774,0.4747,0.4525,0.4308,0.4032,0.387,0.371,0.3022,0.2621,0.2551,0.2554,0.2544,0.2509,0.2469,0.2346,0.2257,0.222,0.2222,0.2224,0.2222,0.2149,0.1917,0.1832,0.1788,0.1775,0.1783,0.1747,0.166,0.1619,0.1603,0.1575,0.1576,0.1537,0.1524,0.1513,0.1507,0.1504,0.1502,0.1477,0.1465,0.1451,0.1414,0.1407,0.1344,0.1309,0.1298,0.1257
0.6502,0.6507,0.6442,0.6262,0.6082,0.5987,0.5909,0.5773,0.5635,0.5634,0.5582,0.552,0.5493,0.5418,0.5419,0.543,0.5322,0.5356,0.5332,0.5244,0.5194,0.5174,0.5198,0.5297,0.5327,0.5293,0.5332,0.5313,0.5233,0.5179,0.5175,0.5186,0.5184,0.5155,0.5112,0.5023,0.4938,0.4869,0.4845,0.4844,0.4813,0.4766,0.4476,0.4409,0.4402,0.4372,0.4316,0.4146,0.4104,0.4028,0.3907,0.3411,0.3154,0.2954,0.2895,0.2763,0.2402,0.2255,0.2238,0.2229,0.2179,0.2173,0.2159,0.212,0.1738,0.1664,0.1606,0.1606,0.1617,0.1579,0.1408,0.1307,0.1297,0.1273,0.1229,0.1225,0.1232,0.1214,0.1197,0.1152,0.1139,0.1081,0.1042,0.1055,0.1068,0.1063,0.1012,0.0987,0.0998,0.1011
0.6793,0.6744,0.6714,0.6612,0.6488,0.6238,0.6042,0.6007,0.5945,0.5956,0.5919,0.586,0.585,0.5824,0.5786,0.576,0.5576,0.5592,0.5527,0.5476,0.538,0.5359,0.5346,0.5324,0.5346,0.5325,0.5253,0.5223,0.5133,0.5096,0.5027,0.496,0.494,0.495,0.4907,0.4851,0.4764,0.4685,0.4768,0.4758,0.4695,0.467,0.4569,0.4555,0.4516,0.4505,0.449,0.4334,0.422,0.4132,0.4133,0.4132,0.3901,0.3525,0.35,0.3442,0.2969,0.2612,0.2554,0.2497,0.2235,0.2188,0.2171,0.2146,0.1955,0.1837,0.175,0.1732,0.1723,0.167,0.1437,0.1327,0.1324,0.1315,0.1251,0.1208,0.1182,0.1177,0.118,0.1184,0.1156,0.1145,0.1082,0.1037,0.1003,0.0983,0.0951,0.094,0.093,0.0935
