0.7131,0.7174,0.72,0.7234,0.7238,0.7225,0.7206,0.714,0.7102,0.7192,0.7209,0.7189,0.709,0.709,0.697,0.6954,0.692,0.6975,0.6977,0.6996,0.7012,0.6993,0.6927,0.6769,0.6801,0.6807,0.6816,0.6709,0.6739,0.6789,0.6746,0.6767,0.6785,0.6646,0.6615,0.6583,0.6373,0.6345,0.6169,0.6053,0.5674,0.5501,0.5474,0.5478,0.5406,0.5289,0.4869,0.4824,0.4792,0.4776,0.4126,0.3808,0.3618,0.3153,0.2507,0.2461,0.2323,0.2321,0.2403,0.2432,0.2457,0.2418,0.2368,0.2356,0.2369,0.2363,0.2305,0.2271,0.2256,0.2183,0.2159,0.2121,0.2067,0.203,0.2018,0.2,0.2007,0.1977,0.1839,0.1789,0.1734,0.1694,0.1685,0.1618,0.1553,0.155,0.1515,0.1508,0.1484,0.1463
0.6821,0.6845,0.6818,0.6903,0.685,0.6862,0.6814,0.676,0.6766,0.6764,0.6795,0.6751,0.6709,0.6661,0.6592,0.6519,0.6478,0.6494,0.651,0.6535,0.6538,0.6537,0.6505,0.6403,0.6402,0.6361,0.6348,0.6197,0.6178,0.6157,0.6145,0.615,0.6118,0.6011,0.5939,0.5929,0.5939,0.5922,0.5726,0.5555,0.5528,0.5494,0.5424,0.5392,0.5304,0.5262,0.5126,0.477,0.4635,0.4579,0.4565,0.4475,0.4449,0.4048,0.3396,0.3357,0.3277,0.3247,0.319,0.3157,0.3121,0.2856,0.2802,0.2732,0.2709,0.2716,0.2696,0.2685,0.2627,0.2594,0.2555,0.2472,0.2385,0.2356,0.2334,0.2281,0.225,0.2201,0.213,0.2064,0.1986,0.198,0.2003,0.1984,0.1969,0.1961,0.1958,0.1963,0.1955,0.1943
0.6152,0.6101,0.603,0.6058,0.6053,0.6025,0.5985,0.5948,0.5986,0.5989,0.5979,0.5954,0.5967,0.5982,0.5961,0.5899,0.5867,0.5835,0.5865,0.5836,0.583,0.582,0.5841,0.5826,0.5735,0.569,0.5673,0.5649,0.5624,0.5601,0.5546,0.552,0.5505,0.5513,0.5348,0.5278,0.5202,0.5189,0.5198,0.5025,0.4917,0.4844,0.4764,0.4706,0.4537,0.4402,0.4301,0.4069,0.3777,0.3689,0.3642,0.3573,0.3493,0.3368,0.3201,0.323,0.3135,0.3115,0.3088,0.3032,0.2942,0.2832,0.2766,0.2731,0.2701,0.2689,0.268,0.2659,0.2579,0.2509,0.2496,0.2472,0.2454,0.2381,0.2361,0.2342,0.2319,0.2295,0.2206,0.2153,0.1998,0.1925,0.1875,0.1822,0.1763,0.1695,0.1634,0.1589,0.152,0.1491
0.4974,0.4953,0.4935,0.4923,0.4933,0.4894,0.4854,0.4861,0.486,0.4875,0.4818,0.4808,0.4805,0.4813,0.4827,0.4817,0.4824,0.4792,0.4823,0.482,0.4787,0.4722,0.4706,0.4708,0.4694,0.4599,0.4562,0.4591,0.4591,0.4518,0.444,0.4354,0.4318,0.4289,0.4063,0.3891,0.3807,0.3782,0.375,0.3711,0.3498,0.3336,0.3247,0.3134,0.3014,0.2912,0.2893,0.2867,0.2815,0.2593,0.246,0.233,0.224,0.2122,0.2066,0.2113,0.2077,0.2045,0.198,0.1888,0.1771,0.1711,0.1654,0.1575,0.1519,0.1411,0.1349,0.1281,0.1235,0.1126,0.1052,0.1042,0.1039,0.1001,0.0949,0.0919,0.0892,0.087,0.0771,0.0764,0.0697,0.0601,0.052,0.0485,0.044,0.0384,0.0326,0.0268,0.0225,0.0197
0.3742,0.3726,0.3717,0.3656,0.3649,0.3654,0.3604,0.3553,0.3533,0.3533,0.3506,0.3463,0.3468,0.3422,0.3451,0.3464,0.3422,0.3414,0.3414,0.3439,0.3424,0.3395,0.3374,0.3351,0.3365,0.3285,0.3247,0.3054,0.2931,0.2858,0.2834,0.284,0.2811,0.278,0.2555,0.2351,0.2169,0.2058,0.1998,0.1959,0.1882,0.1623,0.1342,0.1193,0.1011,0.091,0.0811,0.0767,0.0659,0.0583,0.0495,0.0348,0.0269,0.0218,0.0186,0.0154,0.0128,0.0104,0.0088,0.0085,0.008,0.0067,0.0067,0.0058,0.0054,0.0034,0.003,0.0029,0.0029,0.0027,0.0026,0.0026,0.0025,0.0024,0.0024,0.0024,0.0024,0.0023,0.0022,0.0022,0.0021,0.002,0.002,0.002,0.002,0.0019,0.0018,0.0017,0.0016,0.0015
0.348,0.3427,0.3287,0.3212,0.3235,0.317,0.2994,0.2886,0.2891,0.2858,0.2828,0.2766,0.2841,0.2782,0.2791,0.2794,0.2759,0.2769,0.2738,0.2749,0.2731,0.2769,0.2741,0.2726,0.2709,0.2614,0.2552,0.2377,0.2191,0.2164,0.2137,0.2044,0.2024,0.2011,0.1807,0.1393,0.1107,0.0997,0.0863,0.0763,0.0643,0.0602,0.0543,0.0458,0.0396,0.0366,0.0251,0.0179,0.0149,0.0126,0.0097,0.0074,0.0057,0.0051,0.0047,0.0032,0.0017,0.0018,0.0018,0.0016,0.0014,0.0012,0.0011,9e-04,9e-04,8e-04,8e-04,8e-04,9e-04,9e-04,0.001,0.0011,0.0012,0.0013,0.0013,0.0013,0.0013,0.0013,0.0013,0.0013,0.0012,0.0013,0.0012,0.0015,0.0015,0.0015,0.0015,0.0014,0.0015,0.0015
0.3709,0.3663,0.3528,0.3513,0.3461,0.3437,0.3399,0.3254,0.324,0.3207,0.3205,0.3127,0.3055,0.3021,0.2976,0.2959,0.2958,0.2952,0.297,0.2991,0.2941,0.2845,0.2769,0.2763,0.28,0.2721,0.2645,0.2609,0.2466,0.2405,0.2224,0.2074,0.1968,0.1764,0.1533,0.1233,0.0843,0.0698,0.0546,0.0434,0.0377,0.0314,0.0265,0.0202,0.0191,0.0136,0.0108,0.0106,0.0103,0.0097,0.0091,0.009,0.0085,0.0073,0.0065,0.0021,0.0017,0.0014,8e-04,8e-04,8e-04,8e-04,8e-04,8e-04,8e-04,8e-04,8e-04,9e-04,9e-04,9e-04,8e-04,9e-04,8e-04,8e-04,8e-04,8e-04,8e-04,8e-04,8e-04,8e-04,8e-04,8e-04,8e-04,8e-04,8e-04,9e-04,9e-04,0.001,0.001,0.001
0.4486,0.4418,0.4349,0.4265,0.4217,0.4205,0.4138,0.3977,0.3934,0.3884,0.385,0.3743,0.3584,0.3627,0.3557,0.3512,0.3504,0.3436,0.3426,0.3346,0.3276,0.3087,0.293,0.286,0.2806,0.2809,0.281,0.2775,0.2665,0.256,0.2463,0.2379,0.2311,0.1857,0.1312,0.1088,0.0656,0.0425,0.0377,0.0351,0.0328,0.0322,0.031,0.0278,0.0242,0.0223,0.02,0.0188,0.0181,0.0178,0.0171,0.0156,0.0125,0.0118,0.0113,0.0097,0.0093,0.0095,0.0079,0.0075,0.0067,0.0064,0.0061,0.0061,0.0061,0.0058,0.0056,0.0061,0.0059,0.0056,0.0048,0.0044,0.0042,0.0042,0.0036,0.0031,0.003,0.0028,0.0026,0.0024,0.0019,0.0018,0.0016,0.0015,0.0014,0.0012,0.0012,0.001,8e-04,8e-04
0.316,0.3049,0.3064,0.3009,0.304,0.3053,0.303,0.2947,0.2891,0.2871,0.2877,0.2866,0.2797,0.279,0.2765,0.27,0.2721,0.2689,0.2662,0.2597,0.2483,0.2317,0.2186,0.2157,0.1981,0.1909,0.1891,0.1841,0.1768,0.15,0.1359,0.1212,0.1124,0.0664,0.0359,0.026,0.0123,0.0105,0.0096,0.0084,0.0072,0.0051,0.0041,0.0037,0.0032,0.0029,0.0019,0.0016,0.0014,0.0013,0.0012,0.0011,0.0011,0.0011,0.001,8e-04,7e-04,4e-04,2e-04,1e-04,1e-04,1e-04,1e-04,1e-04,1e-04,1e-04,1e-04,1e-04,1e-04,1e-04,1e-04,0,0,0,0,0,0,0,0,0,0,0,0,0,0,0,0,0,0,0
0.1679,0.1608,0.1578,0.1595,0.1598,0.1545,0.1526,0.1476,0.1439,0.1404,0.1361,0.1327,0.1296,0.1238,0.1228,0.1138,0.1103,0.1104,0.1058,0.1,0.0901,0.0812,0.0776,0.0729,0.0557,0.0442,0.042,0.0228,0.0119,0.0096,0.0097,0.0094,0.0093,0.0096,0.0052,0.0039,0.003,0.003,0.0029,0.0029,0.0027,0.0025,0.0025,0.0025,0.0025,0.002,0.0019,0.0015,0.0012,0.0011,7e-04,3e-04,1e-04,0,0,0,0,0,0,0,0,0,0,0,0,0,0,0,0,0,0,0,0,0,0,0,0,0,0,0,0,0,0,0,0,0,0,0,0,0
0.1741,0.1724,0.1693,0.1667,0.1648,0.1645,0.1629,0.1527,0.1458,0.1429,0.1399,0.1335,0.1303,0.1262,0.115,0.1009,0.0913,0.0908,0.0861,0.0768,0.0716,0.061,0.052,0.0468,0.0292,0.0187,0.0188,0.0171,0.015,0.0116,0.0111,0.0091,0.0079,0.0075,0.0067,0.005,0.0031,0.0029,0.0028,0.002,9e-04,8e-04,8e-04,8e-04,8e-04,8e-04,6e-04,5e-04,1e-04,1e-04,1e-04,1e-04,1e-04,0,0,0,0,0,1e-04,1e-04,1e-04,1e-04,1e-04,0,0,0,0,0,0,0,0,0,0,0,0,0,0,0,0,0,0,0,0,0,0,0,0,0,0,0
0.1718,0.1684,0.1698,0.1642,0.1611,0.1636,0.1625,0.1585,0.1543,0.1546,0.1516,0.1456,0.1442,0.1316,0.1156,0.1019,0.0936,0.0739,0.0707,0.044,0.0376,0.025,0.0145,0.0079,0.0054,0.005,0.0048,0.0044,0.0043,0.0043,0.0043,0.0038,0.004,0.0032,0.0036,0.0024,0.0015,0.0013,0.0014,0.0014,8e-04,0.001,0.001,0.001,0.001,9e-04,8e-04,8e-04,7e-04,7e-04,5e-04,3e-04,2e-04,1e-04,1e-04,1e-04,1e-04,1e-04,1e-04,1e-04,1e-04,0,0,0,0,0,0,0,0,0,0,0,1e-04,1e-04,1e-04,0,0,0,0,0,0,0,0,0,0,0,0,0,0,0
0.1397,0.1303,0.1285,0.1196,0.1097,0.1046,0.0988,0.0923,0.0866,0.0826,0.0785,0.0729,0.0639,0.0545,0.0501,0.0469,0.0418,0.0366,0.0293,0.0145,0.0071,0.0057,0.0051,0.0048,0.0043,0.004,0.0042,0.0043,0.0044,0.002,0.0018,0.0018,0.0019,0.0021,0.0031,0.0025,0.0021,0.0012,0.0014,0.0014,0.0013,0.0013,0.0014,0.0012,0.0012,9e-04,8e-04,7e-04,6e-04,4e-04,3e-04,2e-04,2e-04,2e-04,2e-04,2e-04,1e-04,1e-04,1e-04,1e-04,1e-04,1e-04,1e-04,1e-04,1e-04,1e-04,1e-04,1e-04,1e-04,1e-04,1e-04,1e-04,1e-04,0,0,0,0,1e-04,1e-04,1e-04,1e-04,2e-04,2e-04,2e-04,2e-04,2e-04,2e-04,2e-04,3e-04,3e-04
0.1069,0.1076,0.1022,0.0803,0.0635,0.058,0.0459,0.0393,0.029,0.0234,0.0229,0.0221,0.0148,0.0134,0.0136,0.0139,0.0133,0.0134,0.0135,0.0141,0.0127,0.0147,0.0162,0.0161,0.0151,0.0127,0.0115,0.0103,0.0086,0.0083,0.0084,0.0083,0.0081,0.0077,0.0074,0.0064,0.0048,0.0045,0.0044,0.0047,0.005,0.005,0.004,0.0025,0.0025,0.0024,0.0022,0.0017,1e-04,2e-04,2e-04,2e-04,2e-04,2e-04,2e-04,3e-04,3e-04,4e-04,3e-04,4e-04,4e-04,4e-04,4e-04,4e-04,4e-04,5e-04,5e-04,6e-04,7e-04,8e-04,8e-04,9e-04,9e-04,8e-04,8e-04,8e-04,7e-04,6e-04,7e-04,7e-04,8e-04,9e-04,0.001,0.001,0.001,0.001,0.0011,0.0013,0.0014,0.0015
0.1264,0.1088,0.0903,0.0853,0.0787,0.0759,0.0671,0.0655,0.0646,0.0596,0.0563,0.0564,0.0524,0.0476,0.0485,0.0517,0.0541,0.0553,0.0551,0.0538,0.0492,0.0485,0.0449,0.0411,0.039,0.0394,0.0416,0.043,0.0444,0.0467,0.0482,0.0495,0.0495,0.0486,0.0475,0.0433,0.043,0.0416,0.0404,0.0428,0.0421,0.0402,0.0377,0.0373,0.0392,0.0391,0.0381,0.0368,0.0363,0.0333,0.0296,0.0266,0.0239,0.0223,0.0212,0.0193,0.0169,0.0152,0.0139,0.0133,0.013,0.0128,0.0124,0.012,0.0118,0.0115,0.011,0.0112,0.0099,0.009,0.0081,0.007,0.0065,0.0061,0.0031,0.0029,0.0024,0.002,0.0019,0.0019,0.0022,0.0021,0.0019,0.0023,0.0023,0.0022,0.0021,0.0021,0.0028,0.0024
0.2208,0.2044,0.1871,0.1873,0.192,0.1855,0.1737,0.1697,0.1682,0.1594,0.1524,0.1523,0.1504,0.145,0.136,0.1389,0.1401,0.1431,0.1471,0.1444,0.1349,0.1288,0.128,0.1162,0.1091,0.1091,0.1151,0.1163,0.123,0.1247,0.1227,0.1218,0.1206,0.1184,0.1073,0.1026,0.1024,0.1001,0.1011,0.0999,0.0988,0.0933,0.0852,0.0771,0.074,0.0705,0.0677,0.0653,0.0585,0.0497,0.0491,0.0486,0.0458,0.0413,0.0343,0.0164,0.0099,0.0093,0.0057,0.0053,0.0051,0.0049,0.0051,0.0042,0.0035,0.0037,0.0034,0.0034,0.0033,0.0035,0.0038,0.0036,0.0033,0.0033,0.0034,0.0031,0.0029,0.0027,0.0026,0.0026,0.0025,0.0026,0.0026,0.0025,0.0026,0.0027,0.0027,0.0028,0.0027,0.0028
0.3994,0.4053,0.4027,0.3945,0.3957,0.3923,0.3849,0.376,0.3767,0.3692,0.3613,0.3565,0.3548,0.3455,0.3344,0.3223,0.3217,0.3192,0.3184,0.3188,0.3124,0.2989,0.2881,0.2693,0.2582,0.2522,0.2456,0.2332,0.2288,0.226,0.2162,0.1972,0.1978,0.1908,0.1755,0.1705,0.1626,0.1564,0.1531,0.1477,0.1427,0.1307,0.1124,0.1,0.0794,0.0566,0.0517,0.0494,0.0421,0.0353,0.0307,0.0269,0.0228,0.0198,0.0187,0.0176,0.0164,0.0158,0.0147,0.0139,0.0122,0.0119,0.0109,0.0084,0.0045,0.0037,0.0034,0.0029,0.0027,0.0026,0.0024,0.0022,0.0021,0.002,0.002,0.002,0.002,0.002,0.002,0.002,0.0021,0.002,0.0019,0.0018,0.0018,0.0018,0.0018,0.0018,0.0018,0.0017
0.481,0.4775,0.4773,0.4657,0.4568,0.4574,0.4525,0.4458,0.4427,0.4393,0.4337,0.4252,0.4233,0.4207,0.4157,0.4082,0.401,0.3977,0.3927,0.3946,0.3942,0.3863,0.3842,0.3755,0.3622,0.3548,0.3481,0.3418,0.3334,0.3236,0.3184,0.3004,0.2823,0.2721,0.2663,0.2537,0.2289,0.2203,0.2112,0.202,0.1926,0.1763,0.1374,0.1224,0.1062,0.0899,0.0812,0.0739,0.0677,0.0562,0.0484,0.0414,0.0313,0.0283,0.025,0.0214,0.0198,0.0179,0.0137,0.0096,0.008,0.0079,0.0079,0.0061,0.0022,0.0012,0.0011,0.001,0.001,0.001,0.0011,0.0011,0.0011,0.0011,0.0011,0.0012,0.0011,0.0012,0.0012,0.0012,0.0012,0.0013,0.0013,0.0013,0.0013,0.0013,0.0012,0.0012,0.0013,0.0013
0.4956,0.4896,0.4899,0.4842,0.4676,0.4681,0.4654,0.4613,0.4616,0.4631,0.453,0.4498,0.4418,0.442,0.4409,0.4391,0.43,0.4228,0.4103,0.395,0.3927,0.3903,0.3808,0.3757,0.3691,0.3616,0.354,0.3488,0.3373,0.3253,0.3196,0.3061,0.2872,0.2787,0.2797,0.273,0.2679,0.2647,0.2609,0.2541,0.2501,0.2394,0.2175,0.2096,0.2061,0.2034,0.1969,0.1926,0.1871,0.181,0.1732,0.1649,0.1534,0.1458,0.1405,0.1355,0.1274,0.1113,0.1046,0.095,0.0887,0.0812,0.0751,0.068,0.0604,0.0516,0.0405,0.027,0.0262,0.0153,0.0045,0.0044,0.004,0.0035,0.0034,0.0031,0.0029,0.0029,0.0029,0.0028,0.0027,0.0027,0.0027,0.0027,0.0027,0.0028,0.0028,0.0025,0.0024,0.0023
0.5245,0.5237,0.5246,0.5231,0.4977,0.4908,0.4925,0.4902,0.4892,0.4978,0.4987,0.4956,0.4898,0.4867,0.4918,0.4936,0.4894,0.4822,0.4652,0.4357,0.4269,0.4261,0.4203,0.4179,0.4111,0.4023,0.3961,0.3935,0.3788,0.3645,0.3517,0.3444,0.3266,0.3184,0.3186,0.3184,0.3173,0.3176,0.3076,0.3078,0.3068,0.3,0.2863,0.2733,0.271,0.2666,0.2598,0.2565,0.2551,0.2549,0.2519,0.2487,0.2418,0.2293,0.2226,0.2147,0.208,0.2003,0.1886,0.1757,0.1631,0.1583,0.1408,0.1197,0.0917,0.0712,0.0666,0.063,0.0587,0.0518,0.0329,0.0115,0.0092,0.0089,0.0078,0.0067,0.0063,0.006,0.0059,0.0063,0.0066,0.0059,0.0055,0.005,0.0053,0.0052,0.0051,0.005,0.005,0.0053
0.5681,0.5677,0.5668,0.5648,0.5492,0.54,0.5398,0.5443,0.5394,0.5432,0.5531,0.5518,0.5523,0.5501,0.5494,0.5565,0.5531,0.5453,0.5339,0.52,0.5162,0.5103,0.5113,0.5135,0.5098,0.5085,0.5076,0.5083,0.5026,0.4945,0.4873,0.4811,0.4783,0.4584,0.455,0.4569,0.4543,0.4571,0.4537,0.447,0.4423,0.4387,0.4266,0.4068,0.3917,0.3794,0.3762,0.3745,0.3742,0.3735,0.3658,0.3546,0.3387,0.3357,0.3275,0.3125,0.2998,0.2747,0.2496,0.2392,0.2316,0.2329,0.2241,0.2032,0.1883,0.1572,0.1192,0.087,0.0723,0.0573,0.0466,0.038,0.0384,0.0378,0.0328,0.0265,0.0237,0.0224,0.0223,0.0144,0.0136,0.0133,0.015,0.0159,0.0142,0.0115,0.0105,0.0114,0.0127,0.0134
0.531,0.5286,0.5232,0.5204,0.5123,0.5126,0.5133,0.5132,0.5091,0.5062,0.506,0.5058,0.5114,0.5106,0.504,0.4963,0.5028,0.5035,0.4992,0.4979,0.4975,0.4967,0.4988,0.4991,0.4957,0.4939,0.494,0.4916,0.4909,0.4906,0.4896,0.4873,0.4829,0.4836,0.484,0.4819,0.4758,0.4658,0.4592,0.4491,0.438,0.4253,0.4313,0.4313,0.4192,0.406,0.396,0.3915,0.385,0.3715,0.3494,0.3317,0.3164,0.3006,0.2827,0.2636,0.2474,0.222,0.194,0.1747,0.1613,0.1549,0.1371,0.1257,0.1072,0.0861,0.07,0.0571,0.0483,0.0405,0.0316,0.0253,0.0234,0.0225,0.0213,0.0215,0.021,0.0206,0.021,0.0109,0.0048,0.0042,0.0044,0.0043,0.0042,0.0041,0.0041,0.0044,0.0046,0.0045
0.425,0.4238,0.4243,0.4203,0.4188,0.4131,0.4115,0.4117,0.4114,0.4064,0.4034,0.4032,0.3968,0.398,0.3924,0.376,0.3671,0.3755,0.3822,0.3803,0.3802,0.379,0.3774,0.3772,0.3774,0.3769,0.3672,0.3662,0.3664,0.3626,0.3591,0.3534,0.3449,0.341,0.3395,0.3326,0.3264,0.3175,0.3091,0.2986,0.2863,0.2698,0.2585,0.2496,0.241,0.2293,0.214,0.2025,0.1915,0.172,0.1001,0.0661,0.0561,0.0482,0.0424,0.038,0.0359,0.0323,0.0298,0.0279,0.0259,0.0248,0.024,0.0173,0.0129,0.0119,0.0097,0.0062,0.0055,0.0053,0.0048,0.0042,0.0041,0.0039,0.0037,0.0034,0.0024,0.0019,0.002,0.0019,0.0019,0.0012,0.001,9e-04,8e-04,8e-04,8e-04,8e-04,0.0011,0.0011
0.3296,0.3291,0.3276,0.3265,0.327,0.3273,0.323,0.3263,0.3281,0.3254,0.3244,0.326,0.3162,0.3174,0.3163,0.311,0.2981,0.2976,0.3007,0.3013,0.3005,0.2964,0.2911,0.2875,0.2834,0.2828,0.2791,0.2742,0.2694,0.2652,0.2631,0.2577,0.249,0.2449,0.2406,0.2258,0.2145,0.1982,0.1747,0.1521,0.1362,0.1195,0.1081,0.0977,0.09,0.0803,0.0719,0.0619,0.0555,0.0489,0.0388,0.0323,0.0272,0.0204,0.0182,0.0169,0.0165,0.0156,0.0141,0.0128,0.0114,0.0109,0.0107,0.011,0.0058,0.0055,0.0053,0.0052,0.0048,0.0047,0.0047,0.0043,0.0038,0.0036,0.0019,0.0015,0.0012,0.0011,0.0011,0.0011,0.0011,9e-04,5e-04,5e-04,4e-04,4e-04,3e-04,3e-04,3e-04,3e-04
0.3124,0.3125,0.3067,0.3041,0.3067,0.3006,0.3007,0.3021,0.3057,0.304,0.3012,0.3008,0.3,0.2872,0.2855,0.2755,0.2684,0.2635,0.2602,0.261,0.258,0.2515,0.2383,0.2283,0.2223,0.2273,0.2171,0.2085,0.2011,0.1956,0.192,0.1817,0.1686,0.161,0.1344,0.0942,0.0664,0.0309,0.024,0.0221,0.0215,0.0214,0.0209,0.0194,0.0186,0.0184,0.0184,0.0182,0.0183,0.0182,0.0181,0.0178,0.0161,0.0143,0.0124,0.0107,0.0105,0.0105,0.0102,0.0099,0.0092,0.0091,0.0089,0.0079,0.0022,0.0016,0.0015,0.0015,0.0015,0.0015,0.0014,0.0014,0.0014,0.0014,0.0013,8e-04,7e-04,9e-04,8e-04,7e-04,6e-04,6e-04,7e-04,8e-04,7e-04,9e-04,6e-04,6e-04,6e-04,8e-04
0.2726,0.2699,0.2606,0.2593,0.2578,0.2475,0.2436,0.2398,0.2367,0.2338,0.2276,0.2226,0.2182,0.2155,0.2152,0.2133,0.2111,0.2031,0.1963,0.194,0.1917,0.1883,0.1849,0.1808,0.1706,0.1607,0.1536,0.1457,0.1425,0.1395,0.1351,0.1279,0.1195,0.1152,0.096,0.0699,0.0554,0.0407,0.0368,0.0367,0.0374,0.0378,0.0381,0.037,0.0365,0.0368,0.0375,0.0381,0.0388,0.0387,0.0381,0.0376,0.0362,0.0338,0.0311,0.0288,0.028,0.0263,0.0244,0.0231,0.0225,0.0222,0.0202,0.0173,0.0144,0.0125,0.0104,0.0094,0.0095,0.0097,0.0093,0.0089,0.0089,0.0087,0.0083,0.0069,0.0073,0.0077,0.008,0.0086,0.0086,0.0083,0.0084,0.0083,0.0073,0.0068,0.0066,0.0066,0.0067,0.0068
0.2169,0.2209,0.2181,0.2164,0.2187,0.2208,0.2187,0.2171,0.216,0.2126,0.2098,0.2091,0.2061,0.1984,0.1942,0.1964,0.1927,0.1855,0.179,0.1764,0.1757,0.174,0.1677,0.162,0.1516,0.1498,0.149,0.146,0.1452,0.1431,0.1404,0.1371,0.1335,0.1315,0.1313,0.1265,0.1186,0.1081,0.1036,0.1029,0.1029,0.1008,0.1019,0.1009,0.1004,0.1003,0.1003,0.1003,0.0998,0.0987,0.0989,0.0974,0.0945,0.092,0.0878,0.0852,0.0842,0.0847,0.084,0.0832,0.082,0.0809,0.0788,0.0746,0.0678,0.0609,0.0568,0.054,0.0511,0.0472,0.0456,0.0417,0.0386,0.0351,0.0336,0.0322,0.0313,0.031,0.03,0.0292,0.0277,0.0261,0.0246,0.0206,0.0178,0.0167,0.016,0.0156,0.0151,0.0146
0.2072,0.2096,0.2089,0.2063,0.2072,0.213,0.2184,0.2201,0.2218,0.2201,0.2185,0.2138,0.2119,0.2084,0.2052,0.2066,0.2051,0.2001,0.1933,0.191,0.1887,0.187,0.1848,0.1824,0.179,0.1695,0.168,0.1651,0.1601,0.1571,0.153,0.1481,0.1428,0.1392,0.1353,0.1325,0.1299,0.1249,0.1161,0.108,0.1053,0.1051,0.0958,0.0863,0.0798,0.072,0.0659,0.0587,0.0527,0.0503,0.0462,0.0429,0.0423,0.0406,0.0395,0.0386,0.0364,0.0332,0.0303,0.0282,0.0255,0.0222,0.02,0.0195,0.0176,0.0153,0.014,0.0129,0.0106,0.0081,0.0061,0.0054,0.0056,0.0053,0.0053,0.0051,0.0047,0.004,0.0034,0.0033,0.0033,0.0034,0.0033,0.0034,0.0034,0.0033,0.0032,0.003,0.0029,0.0029
0.1891,0.1832,0.1783,0.1806,0.1771,0.1719,0.1704,0.1711,0.1703,0.171,0.1696,0.1643,0.1637,0.1629,0.1639,0.1589,0.1552,0.157,0.1564,0.1554,0.1523,0.1512,0.1531,0.1541,0.1526,0.1468,0.1362,0.1322,0.1289,0.1246,0.1227,0.1167,0.1135,0.1073,0.1054,0.1026,0.0993,0.0961,0.0866,0.0745,0.0689,0.0674,0.0619,0.0578,0.0547,0.0509,0.0478,0.0447,0.0425,0.0409,0.0399,0.0385,0.0364,0.0354,0.0336,0.0315,0.0308,0.0305,0.0296,0.0288,0.0275,0.027,0.0267,0.0264,0.0259,0.0257,0.0254,0.0253,0.0235,0.022,0.02,0.019,0.0182,0.0167,0.0152,0.0147,0.0147,0.0149,0.0155,0.0161,0.0167,0.0166,0.0163,0.0159,0.0153,0.014,0.0136,0.0136,0.0128,0.0125
0.0946,0.0965,0.1041,0.1059,0.1075,0.1058,0.107,0.1076,0.107,0.1037,0.1036,0.0998,0.0948,0.0933,0.0912,0.0857,0.0835,0.0865,0.0879,0.0885,0.0893,0.0898,0.0897,0.0883,0.0853,0.0829,0.0818,0.0806,0.0805,0.0811,0.081,0.0806,0.0805,0.081,0.0816,0.0822,0.0827,0.0831,0.0825,0.0812,0.0811,0.0758,0.0748,0.0738,0.0768,0.0768,0.076,0.0763,0.0766,0.0765,0.0765,0.0753,0.0756,0.0722,0.0719,0.0725,0.0728,0.0697,0.0687,0.0746,0.0804,0.0816,0.0811,0.0805,0.0794,0.0787,0.078,0.0765,0.0746,0.0746,0.0749,0.075,0.0744,0.0725,0.0667,0.0658,0.068,0.0706,0.0724,0.0742,0.0753,0.0769,0.0768,0.0758,0.0745,0.074,0.074,0.0737,0.0727,0.0736
0.4348,0.4299,0.4293,0.4267,0.4265,0.425,0.4273,0.4231,0.4148,0.4037,0.4048,0.4061,0.4124,0.4149,0.4129,0.4029,0.3941,0.3923,0.3904,0.3865,0.3853,0.385,0.3928,0.3947,0.3923,0.3913,0.3888,0.3866,0.3888,0.3887,0.3942,0.4016,0.4104,0.407,0.4099,0.4216,0.4285,0.4322,0.4332,0.4302,0.4261,0.4229,0.4207,0.4179,0.4164,0.4167,0.4193,0.4238,0.4266,0.4279,0.4311,0.4335,0.439,0.4371,0.4421,0.4446,0.4477,0.4461,0.4421,0.4412,0.4463,0.447,0.445,0.4444,0.4395,0.4364,0.4327,0.4268,0.4243,0.4214,0.4201,0.4227,0.424,0.4221,0.4141,0.4107,0.4121,0.4132,0.4186,0.4247,0.4329,0.4427,0.4481,0.4506,0.4488,0.4495,0.4508,0.4477,0.445,0.4481
0.6478,0.6433,0.6352,0.6296,0.6353,0.6283,0.6232,0.6144,0.6064,0.5982,0.6012,0.6011,0.5979,0.5981,0.5993,0.5996,0.5903,0.5785,0.5737,0.5693,0.5656,0.5598,0.5544,0.5538,0.551,0.5558,0.5522,0.5521,0.5466,0.5361,0.5336,0.5288,0.5348,0.5324,0.5359,0.5365,0.5341,0.5336,0.5411,0.5407,0.5434,0.5393,0.5396,0.5336,0.5274,0.5193,0.5167,0.5156,0.5132,0.5118,0.513,0.5184,0.5169,0.5098,0.5042,0.4965,0.4899,0.4853,0.4799,0.453,0.4206,0.3992,0.3881,0.3802,0.3725,0.3654,0.3621,0.3627,0.362,0.36,0.3553,0.3493,0.3446,0.3159,0.2976,0.2888,0.2812,0.2741,0.2628,0.2461,0.23,0.213,0.2023,0.197,0.1979,0.1987,0.195,0.1986,0.2024,0.2003
0.7254,0.7254,0.7198,0.7148,0.715,0.7142,0.712,0.7045,0.6975,0.7035,0.7036,0.7088,0.7015,0.7043,0.7094,0.7127,0.7087,0.6984,0.687,0.676,0.6673,0.6602,0.6534,0.6503,0.644,0.6415,0.6365,0.6373,0.6347,0.6242,0.6113,0.6023,0.5969,0.5979,0.5939,0.5862,0.5838,0.5765,0.5716,0.5667,0.5638,0.563,0.5558,0.5478,0.5279,0.5092,0.4932,0.4789,0.4641,0.4437,0.3944,0.3636,0.3299,0.3044,0.2783,0.2503,0.2295,0.217,0.2092,0.1878,0.1486,0.127,0.1006,0.0798,0.076,0.0705,0.059,0.0579,0.0583,0.0574,0.0565,0.0565,0.0567,0.0547,0.0447,0.0415,0.0392,0.0384,0.038,0.0369,0.0288,0.023,0.0223,0.0217,0.0217,0.0213,0.0206,0.0206,0.0205,0.0203
0.6893,0.6859,0.68,0.6762,0.6648,0.6651,0.6624,0.6583,0.648,0.6439,0.6398,0.6367,0.6326,0.6292,0.629,0.6286,0.6288,0.6184,0.6115,0.609,0.6042,0.6009,0.5937,0.5856,0.5816,0.5747,0.5733,0.572,0.5727,0.5625,0.5547,0.5431,0.5311,0.5296,0.5233,0.5082,0.4964,0.4753,0.4481,0.427,0.4013,0.3718,0.3504,0.3353,0.2838,0.1961,0.1646,0.1391,0.1189,0.1014,0.0878,0.0814,0.0775,0.0665,0.0557,0.042,0.0303,0.0287,0.0273,0.0235,0.0199,0.0193,0.0187,0.0181,0.0175,0.0172,0.0169,0.017,0.0171,0.0173,0.0174,0.0176,0.0178,0.018,0.0178,0.0178,0.0181,0.0181,0.0161,0.0135,0.0105,0.011,0.0102,0.0095,0.0102,0.0103,0.0101,0.0097,0.0104,0.0109
0.6309,0.6269,0.6214,0.6134,0.6057,0.6057,0.6021,0.5921,0.5814,0.5727,0.563,0.5554,0.5486,0.5354,0.5222,0.5182,0.5184,0.5215,0.5161,0.5122,0.5146,0.5127,0.5046,0.4988,0.4932,0.4896,0.4867,0.4871,0.484,0.469,0.4365,0.4084,0.37,0.3405,0.3241,0.306,0.2866,0.2606,0.2468,0.2407,0.2388,0.24,0.2386,0.2218,0.2142,0.1875,0.1193,0.0947,0.0682,0.0608,0.0452,0.0406,0.0304,0.0306,0.0296,0.0272,0.0267,0.0257,0.0251,0.0209,0.0192,0.0175,0.0165,0.0161,0.0164,0.017,0.0171,0.0177,0.0191,0.0197,0.0205,0.0233,0.0243,0.0286,0.0293,0.0294,0.0286,0.0288,0.0325,0.0346,0.0382,0.0424,0.043,0.0415,0.0425,0.0425,0.0433,0.0453,0.0461,0.0474
0.6504,0.65,0.6471,0.642,0.6392,0.635,0.6286,0.6094,0.5998,0.5947,0.5941,0.5868,0.5712,0.5567,0.5466,0.5429,0.5385,0.5418,0.5465,0.5462,0.5509,0.5516,0.5505,0.5468,0.5495,0.5496,0.5463,0.5392,0.5399,0.5352,0.5288,0.5292,0.5188,0.4931,0.4783,0.4692,0.4616,0.4487,0.4199,0.4143,0.4039,0.4026,0.3988,0.3914,0.3836,0.3772,0.3556,0.344,0.2446,0.2094,0.1705,0.169,0.1581,0.1554,0.147,0.142,0.1384,0.138,0.1374,0.1329,0.1312,0.1277,0.1257,0.1258,0.1258,0.1265,0.1264,0.1228,0.1229,0.1227,0.1241,0.1232,0.1236,0.1233,0.1212,0.1196,0.1184,0.1183,0.1169,0.1147,0.1134,0.1107,0.109,0.106,0.1029,0.1004,0.0991,0.0965,0.0964,0.0965
