0.4929,0.4774,0.4569,0.432,0.4162,0.4077,0.3937,0.3794,0.3628,0.3474,0.3308,0.3112,0.298,0.2825,0.2708,0.2578,0.247,0.232,0.224,0.2104,0.1922,0.1732,0.1562,0.1456,0.1336,0.1175,0.1043,0.0934,0.0836,0.0755,0.067,0.0598,0.055,0.0515,0.0487,0.0466,0.044,0.0412,0.0395,0.0385,0.0362,0.0338,0.0314,0.0288,0.0266,0.0247,0.0224,0.0202,0.018,0.015,0.0125,0.0097,0.008,0.0063,0.0048,0.0029,0.0021,0.0019,0.0013,0.0009,0.0006,0.0004,0.0001,0.0,0.0,0.0,0.0,0.0,0.0,0.0,0.0,0.0,0.0,0.0,0.0,0.0,0.0,0.0,0.0,0.0,0.0,0.0,0.0,0.0,0.0,0.0,0.0,0.0,0.0,0.0
0.4798,0.474,0.4659,0.457,0.4485,0.4377,0.4281,0.4155,0.3996,0.3844,0.373,0.3534,0.3396,0.3279,0.3148,0.3013,0.2849,0.2677,0.2502,0.2326,0.2077,0.1845,0.1664,0.155,0.1482,0.1433,0.1393,0.1345,0.127,0.1195,0.1139,0.1058,0.098,0.0883,0.078,0.0692,0.0622,0.0538,0.048,0.0429,0.0367,0.0287,0.0212,0.0166,0.0141,0.0112,0.0088,0.0075,0.0061,0.0045,0.0036,0.003,0.002,0.0013,0.0009,0.0006,0.0004,0.0003,0.0003,0.0002,0.0001,0.0,0.0,0.0,0.0,0.0001,0.0002,0.0006,0.0014,0.0019,0.0023,0.0023,0.002,0.0015,0.0012,0.0012,0.0009,0.0009,0.0011,0.0015,0.002,0.0023,0.0027,0.0028,0.0033,0.0041,0.0046,0.0051,0.0059,0.0063
0.4024,0.3923,0.3844,0.3779,0.3715,0.3672,0.3631,0.3593,0.3548,0.3503,0.3434,0.3372,0.3291,0.3216,0.3152,0.3071,0.2998,0.296,0.2879,0.279,0.2695,0.2603,0.2496,0.241,0.233,0.2239,0.2131,0.2031,0.1952,0.1894,0.1817,0.1738,0.1639,0.1519,0.1424,0.1332,0.1232,0.1154,0.1061,0.0944,0.087,0.0776,0.0679,0.0581,0.0501,0.0464,0.0456,0.0417,0.0381,0.039,0.0371,0.0343,0.0319,0.0299,0.0275,0.0263,0.0261,0.0272,0.0284,0.0282,0.0266,0.024,0.0223,0.0196,0.018,0.0168,0.0147,0.014,0.0127,0.0117,0.0103,0.0093,0.0086,0.0085,0.0089,0.0092,0.009,0.0092,0.0089,0.0087,0.009,0.0089,0.0086,0.0078,0.0077,0.0079,0.0076,0.0072,0.0062,0.0055
0.3289,0.3239,0.32,0.3163,0.3158,0.3127,0.3075,0.3028,0.3008,0.3016,0.2991,0.2972,0.2931,0.2903,0.2899,0.2882,0.2834,0.2765,0.2721,0.2657,0.2605,0.2548,0.2492,0.2401,0.2284,0.2138,0.2038,0.1935,0.1818,0.169,0.157,0.1452,0.1344,0.1237,0.1142,0.1066,0.1014,0.0982,0.0964,0.0914,0.0866,0.0821,0.0789,0.0752,0.0724,0.0698,0.0664,0.0643,0.0617,0.0593,0.0576,0.0559,0.0541,0.0527,0.0512,0.049,0.0472,0.0453,0.0424,0.0405,0.0388,0.0369,0.0357,0.0349,0.0347,0.0347,0.0337,0.0312,0.0282,0.026,0.0242,0.0221,0.0202,0.0184,0.0174,0.0169,0.0158,0.0147,0.014,0.013,0.0119,0.0107,0.0089,0.0073,0.0062,0.0052,0.005,0.0052,0.0047,0.0041
0.1966,0.1926,0.1875,0.1826,0.1778,0.1699,0.1636,0.1564,0.1522,0.1488,0.146,0.1426,0.1378,0.1332,0.1279,0.1241,0.121,0.1184,0.1178,0.1157,0.1122,0.1085,0.1059,0.1031,0.0996,0.0963,0.0942,0.0946,0.0928,0.0917,0.0911,0.0906,0.0901,0.0899,0.0883,0.0867,0.0845,0.0818,0.0787,0.0755,0.0712,0.0675,0.0645,0.0617,0.0589,0.0552,0.0515,0.049,0.0475,0.0442,0.0411,0.0395,0.0377,0.0358,0.0341,0.0321,0.0292,0.0251,0.0202,0.0167,0.0145,0.013,0.0115,0.0097,0.0078,0.0058,0.0038,0.0019,0.0007,0.0002,0.0001,0.0001,0.0001,0.0001,0.0,0.0,0.0,0.0,0.0,0.0,0.0,0.0,0.0,0.0,0.0,0.0,0.0,0.0,0.0,0.0
0.1249,0.1205,0.1173,0.1132,0.1069,0.1004,0.0959,0.0934,0.0933,0.0941,0.0923,0.0903,0.089,0.0861,0.0819,0.0789,0.0763,0.074,0.0716,0.0707,0.0692,0.0669,0.0647,0.0619,0.059,0.0583,0.0574,0.053,0.0487,0.0444,0.0409,0.0375,0.0347,0.0301,0.026,0.0226,0.0179,0.0151,0.0129,0.0105,0.0089,0.0079,0.007,0.0063,0.0058,0.0051,0.0046,0.0044,0.0039,0.0034,0.0027,0.002,0.0014,0.0009,0.0006,0.0004,0.0001,0.0,0.0,0.0,0.0,0.0,0.0,0.0,0.0,0.0,0.0,0.0,0.0,0.0,0.0,0.0,0.0,0.0,0.0,0.0,0.0,0.0,0.0,0.0,0.0,0.0,0.0,0.0,0.0,0.0,0.0,0.0,0.0,0.0
0.0942,0.0885,0.0836,0.0798,0.0752,0.0714,0.069,0.0667,0.0644,0.0607,0.057,0.0555,0.0528,0.051,0.0484,0.0452,0.042,0.0392,0.0364,0.0339,0.0325,0.031,0.0302,0.0286,0.0273,0.0253,0.0226,0.019,0.0158,0.0132,0.0109,0.0082,0.0059,0.004,0.0028,0.0013,0.0015,0.0019,0.0018,0.0016,0.0015,0.0012,0.001,0.0009,0.0007,0.0005,0.0008,0.0006,0.0002,0.0,0.0,0.0,0.0,0.0,0.0,0.0,0.0,0.0,0.0,0.0,0.0,0.0,0.0,0.0,0.0,0.0,0.0,0.0,0.0,0.0,0.0,0.0,0.0,0.0,0.0,0.0,0.0,0.0,0.0,0.0,0.0,0.0,0.0,0.0,0.0,0.0,0.0,0.0,0.0,0.0
0.0733,0.0715,0.0711,0.0701,0.0697,0.069,0.0663,0.0646,0.0628,0.0636,0.0646,0.0651,0.0642,0.0628,0.0611,0.0597,0.0582,0.0564,0.0548,0.0536,0.0524,0.0521,0.0522,0.0516,0.0506,0.0484,0.0468,0.0456,0.0452,0.0439,0.0434,0.043,0.0417,0.0399,0.038,0.0364,0.0352,0.0328,0.0292,0.0266,0.0247,0.0221,0.0198,0.0175,0.0154,0.0129,0.0127,0.0098,0.0065,0.0045,0.0033,0.0028,0.0024,0.0025,0.003,0.0031,0.0028,0.0024,0.002,0.0015,0.0013,0.0011,0.001,0.0009,0.0004,0.0003,0.0003,0.0003,0.0002,0.0002,0.0001,0.0001,0.0,0.0,0.0,0.0,0.0,0.0,0.0,0.0,0.0,0.0,0.0,0.0,0.0,0.0,0.0,0.0,0.0,0.0
0.0833,0.0819,0.0807,0.0799,0.0787,0.0775,0.0767,0.0753,0.0715,0.0665,0.0633,0.0624,0.0624,0.0632,0.0625,0.0612,0.0587,0.0565,0.054,0.0516,0.0508,0.0492,0.0479,0.0475,0.0471,0.0459,0.0453,0.0449,0.0442,0.0438,0.0436,0.0425,0.0408,0.04,0.0396,0.0388,0.0355,0.0333,0.0328,0.0321,0.0325,0.0328,0.0316,0.0302,0.0295,0.0283,0.0273,0.0259,0.0248,0.0231,0.0213,0.0205,0.0194,0.0178,0.0154,0.0128,0.0105,0.0096,0.0088,0.0066,0.005,0.0045,0.0041,0.0035,0.0027,0.0019,0.0012,0.0008,0.0005,0.0004,0.0003,0.0003,0.0002,0.0002,0.0001,0.0001,0.0001,0.0,0.0,0.0,0.0,0.0,0.0,0.0,0.0,0.0,0.0,0.0,0.0,0.0
0.1145,0.1141,0.1138,0.1141,0.1145,0.1151,0.1151,0.1151,0.114,0.1124,0.1115,0.1108,0.111,0.1109,0.1114,0.1112,0.1098,0.1073,0.1029,0.0981,0.095,0.0926,0.0914,0.0908,0.0889,0.0869,0.0848,0.084,0.0836,0.0814,0.0792,0.0764,0.0724,0.0679,0.0638,0.0606,0.0566,0.0545,0.0521,0.0497,0.0448,0.041,0.0373,0.0348,0.0321,0.0296,0.0267,0.0251,0.0226,0.0211,0.0198,0.0176,0.0159,0.0138,0.0121,0.0091,0.0065,0.0051,0.0044,0.0042,0.0037,0.0032,0.0026,0.002,0.0011,0.0003,0.0,0.0,0.0,0.0,0.0,0.0,0.0,0.0,0.0,0.0,0.0,0.0,0.0,0.0,0.0,0.0,0.0,0.0,0.0,0.0,0.0,0.0,0.0,0.0
0.1079,0.1047,0.1017,0.0971,0.0935,0.0911,0.0891,0.0873,0.0848,0.0814,0.0755,0.0699,0.0652,0.0617,0.0601,0.0588,0.0568,0.0555,0.0544,0.0533,0.051,0.0481,0.0444,0.0401,0.0367,0.0345,0.0319,0.0289,0.0252,0.0227,0.0206,0.0179,0.0158,0.0136,0.0113,0.0088,0.007,0.005,0.0041,0.0028,0.0012,0.0004,0.0002,0.0,0.0,0.0,0.0,0.0,0.0,0.0,0.0,0.0,0.0,0.0,0.0,0.0,0.0,0.0,0.0,0.0,0.0,0.0,0.0,0.0,0.0,0.0,0.0,0.0,0.0,0.0,0.0,0.0,0.0,0.0,0.0,0.0,0.0,0.0,0.0,0.0,0.0,0.0,0.0,0.0,0.0,0.0,0.0,0.0,0.0,0.0
0.0942,0.0928,0.0917,0.0898,0.0871,0.0848,0.0841,0.0824,0.0803,0.0783,0.0759,0.0733,0.0705,0.069,0.0683,0.067,0.0646,0.0622,0.0602,0.0582,0.0562,0.0541,0.0507,0.048,0.045,0.0418,0.0387,0.036,0.0332,0.0308,0.0274,0.0235,0.0197,0.0156,0.0117,0.0084,0.0058,0.0037,0.0027,0.002,0.0013,0.0007,0.0001,0.0,0.0,0.0,0.0,0.0,0.0,0.0,0.0,0.0,0.0,0.0,0.0,0.0,0.0,0.0,0.0,0.0,0.0,0.0,0.0,0.0,0.0,0.0,0.0,0.0,0.0,0.0,0.0,0.0,0.0,0.0,0.0,0.0,0.0,0.0,0.0,0.0,0.0,0.0,0.0,0.0,0.0,0.0,0.0,0.0,0.0,0.0
0.0916,0.0908,0.0879,0.0838,0.0807,0.0775,0.0734,0.0703,0.068,0.0658,0.0631,0.0591,0.0553,0.0517,0.0478,0.0449,0.0433,0.0419,0.0408,0.0393,0.0365,0.0322,0.0293,0.0267,0.0246,0.0219,0.0193,0.0163,0.0126,0.0098,0.007,0.0046,0.0033,0.0024,0.0014,0.0008,0.0005,0.0002,0.0,0.0,0.0,0.0,0.0,0.0,0.0,0.0,0.0,0.0,0.0,0.0,0.0,0.0,0.0,0.0,0.0,0.0,0.0,0.0,0.0,0.0,0.0,0.0,0.0,0.0,0.0,0.0,0.0,0.0,0.0,0.0,0.0001,0.0004,0.0007,0.0005,0.0002,0.0003,0.0005,0.0007,0.0008,0.0009,0.0009,0.0011,0.0013,0.0014,0.0018,0.0022,0.0022,0.0026,0.0028,0.003
0.0567,0.0513,0.047,0.0464,0.0454,0.0448,0.0441,0.0433,0.0423,0.0412,0.0396,0.038,0.0363,0.0344,0.0328,0.0326,0.032,0.031,0.0296,0.0282,0.0268,0.0266,0.0265,0.0284,0.0306,0.0319,0.033,0.0339,0.0339,0.0345,0.0345,0.0342,0.0346,0.0354,0.0353,0.0355,0.0349,0.033,0.0312,0.0297,0.0279,0.027,0.0274,0.0266,0.0266,0.0272,0.0275,0.0275,0.0271,0.0281,0.0292,0.03,0.0301,0.0302,0.0305,0.0291,0.0264,0.0239,0.0249,0.0269,0.0274,0.0273,0.027,0.0266,0.0268,0.0276,0.028,0.0272,0.0265,0.0256,0.0235,0.0212,0.0195,0.0192,0.0191,0.0196,0.0197,0.0192,0.019,0.0188,0.0188,0.0184,0.0178,0.0172,0.0169,0.0173,0.0172,0.0182,0.0187,0.0191
0.082,0.0838,0.0854,0.0878,0.0886,0.0882,0.0896,0.092,0.0967,0.1,0.1036,0.106,0.1068,0.1085,0.1108,0.1118,0.1116,0.1097,0.1077,0.1058,0.1037,0.1009,0.0981,0.0973,0.0955,0.0946,0.0931,0.092,0.0925,0.0919,0.0906,0.0898,0.0894,0.0878,0.0856,0.0848,0.0844,0.0841,0.0831,0.081,0.0789,0.0766,0.0734,0.0713,0.0685,0.067,0.0653,0.0634,0.0635,0.0617,0.0611,0.0596,0.0581,0.0554,0.0543,0.0531,0.0518,0.0503,0.048,0.0469,0.0458,0.0448,0.0437,0.0434,0.0426,0.0428,0.0436,0.0433,0.0413,0.0391,0.0379,0.0388,0.0382,0.0372,0.036,0.0358,0.0345,0.0333,0.0321,0.0314,0.0311,0.0306,0.0299,0.0308,0.0313,0.0317,0.032,0.0331,0.0352,0.0354
0.1978,0.1913,0.1858,0.1814,0.1796,0.178,0.1758,0.1759,0.1764,0.1733,0.1706,0.1672,0.1648,0.1615,0.1572,0.1531,0.1496,0.1464,0.1452,0.1449,0.1441,0.1426,0.1366,0.1304,0.1258,0.1215,0.1166,0.1123,0.1115,0.1101,0.1092,0.1075,0.1049,0.1014,0.0986,0.0971,0.0966,0.0953,0.0937,0.0931,0.0921,0.0909,0.0892,0.0863,0.083,0.0799,0.0784,0.0765,0.077,0.0758,0.0724,0.0701,0.0682,0.0654,0.0621,0.0605,0.0599,0.0602,0.0594,0.0563,0.058,0.0585,0.057,0.0567,0.0547,0.0516,0.0496,0.0484,0.0478,0.0457,0.0419,0.037,0.0351,0.0329,0.0313,0.0293,0.0291,0.0278,0.0266,0.0251,0.0236,0.0223,0.0216,0.0211,0.0202,0.019,0.0185,0.0188,0.0166,0.0149
0.2711,0.2628,0.2542,0.2515,0.2509,0.249,0.2469,0.2447,0.2412,0.2386,0.2349,0.2294,0.2225,0.2157,0.2095,0.2014,0.1941,0.1886,0.1865,0.186,0.1827,0.1789,0.1746,0.1656,0.1601,0.1561,0.1523,0.1491,0.148,0.1465,0.1464,0.1416,0.1376,0.1335,0.1297,0.1272,0.1246,0.1222,0.1203,0.1197,0.1176,0.1167,0.1162,0.1149,0.1117,0.1078,0.1031,0.0986,0.0957,0.0984,0.098,0.095,0.0909,0.0858,0.0807,0.0754,0.0736,0.0712,0.0685,0.0646,0.0599,0.0578,0.0547,0.0514,0.05,0.0494,0.0479,0.0458,0.0445,0.0431,0.0394,0.0349,0.0305,0.0283,0.0276,0.0267,0.0271,0.0254,0.0236,0.0207,0.0196,0.019,0.0182,0.0167,0.0163,0.016,0.0158,0.0167,0.0177,0.0184
0.3263,0.3219,0.3206,0.3163,0.3138,0.3104,0.3056,0.3004,0.298,0.2954,0.2928,0.2933,0.2912,0.2882,0.2869,0.2854,0.2817,0.2792,0.2736,0.2703,0.2688,0.2641,0.2596,0.2529,0.2432,0.2351,0.23,0.2278,0.2215,0.2174,0.2138,0.207,0.197,0.1902,0.1805,0.1733,0.1707,0.1698,0.1696,0.1683,0.1666,0.165,0.1634,0.1618,0.1604,0.1573,0.153,0.1485,0.1418,0.1428,0.1431,0.1422,0.1402,0.136,0.1302,0.124,0.1198,0.1159,0.1119,0.1069,0.1028,0.0984,0.0979,0.0967,0.0985,0.0996,0.0979,0.0977,0.0962,0.0936,0.0921,0.0877,0.085,0.084,0.083,0.0811,0.0851,0.0896,0.0884,0.0895,0.0915,0.0946,0.0966,0.099,0.1013,0.106,0.1069,0.1071,0.1082,0.1077
0.3968,0.3971,0.3934,0.3872,0.3849,0.3834,0.379,0.3744,0.3733,0.3717,0.3722,0.3747,0.3794,0.3841,0.3856,0.387,0.3889,0.3866,0.3826,0.3755,0.3703,0.3683,0.3621,0.3586,0.3529,0.344,0.3387,0.3316,0.327,0.3231,0.3199,0.3141,0.3036,0.2961,0.2883,0.2803,0.2736,0.2711,0.2689,0.2643,0.2594,0.255,0.2498,0.2453,0.2421,0.238,0.234,0.2303,0.2231,0.2176,0.2184,0.2166,0.2133,0.2102,0.2031,0.1956,0.1865,0.1754,0.1706,0.1665,0.162,0.1566,0.1527,0.1501,0.1492,0.1466,0.1432,0.1387,0.1344,0.1323,0.1314,0.1299,0.1274,0.1255,0.1263,0.1253,0.1219,0.1142,0.1074,0.1049,0.1076,0.1092,0.1084,0.1092,0.1089,0.1064,0.1046,0.1049,0.1049,0.1046
0.4635,0.4606,0.4557,0.4545,0.4484,0.4469,0.4455,0.4418,0.4376,0.4355,0.4325,0.4291,0.4317,0.4324,0.4352,0.4369,0.4372,0.4381,0.4376,0.4348,0.4319,0.4309,0.4312,0.43,0.4311,0.4275,0.4206,0.4135,0.4079,0.3961,0.3844,0.3767,0.3699,0.3608,0.3512,0.3413,0.3328,0.3253,0.3175,0.3096,0.3042,0.2986,0.2929,0.289,0.2853,0.2844,0.2829,0.2811,0.2774,0.2714,0.2683,0.2675,0.2635,0.2594,0.2546,0.2489,0.24,0.2247,0.2136,0.2075,0.2017,0.1948,0.1849,0.1771,0.1714,0.1661,0.1589,0.1533,0.1499,0.1474,0.1459,0.1453,0.1399,0.1289,0.1279,0.1262,0.1195,0.1075,0.1016,0.0971,0.0974,0.0942,0.0917,0.0886,0.0865,0.0851,0.0815,0.084,0.0845,0.0833
0.4554,0.4577,0.4571,0.4554,0.4485,0.4424,0.4374,0.4315,0.4282,0.4243,0.4201,0.4153,0.4102,0.41,0.4093,0.4078,0.4063,0.4032,0.4003,0.3971,0.396,0.3977,0.3992,0.3967,0.3932,0.3908,0.3787,0.3685,0.3574,0.3446,0.3324,0.3265,0.3219,0.3166,0.3153,0.3113,0.3051,0.2965,0.2881,0.2829,0.2766,0.2727,0.2702,0.264,0.26,0.2585,0.2571,0.252,0.2474,0.2383,0.225,0.2134,0.2078,0.2043,0.2018,0.1974,0.1949,0.1921,0.1851,0.1783,0.1731,0.1715,0.167,0.1629,0.1569,0.147,0.1397,0.1347,0.1289,0.1219,0.114,0.1092,0.1105,0.1105,0.1059,0.1081,0.1069,0.1042,0.1,0.0951,0.0875,0.0802,0.0739,0.0687,0.0655,0.0652,0.0661,0.062,0.0579,0.0557
0.4635,0.4601,0.4581,0.4587,0.4535,0.4428,0.4394,0.4362,0.4298,0.4231,0.4144,0.4091,0.4089,0.4082,0.4019,0.3984,0.3957,0.3909,0.384,0.3777,0.3751,0.3732,0.3723,0.3712,0.368,0.365,0.3574,0.3466,0.3359,0.3242,0.3133,0.3028,0.296,0.2884,0.2788,0.268,0.2569,0.244,0.2319,0.2201,0.2119,0.2042,0.198,0.1912,0.1837,0.1776,0.1685,0.1586,0.1493,0.1432,0.1365,0.1279,0.12,0.1117,0.1054,0.0989,0.0934,0.093,0.0906,0.0862,0.0789,0.0715,0.0651,0.0567,0.044,0.0332,0.0257,0.02,0.0151,0.0104,0.0072,0.0056,0.0052,0.0057,0.0051,0.005,0.0051,0.0049,0.0051,0.005,0.0045,0.0039,0.0035,0.0032,0.0031,0.0032,0.0031,0.0028,0.0028,0.0025
0.3916,0.3842,0.3792,0.3764,0.3781,0.378,0.3761,0.3726,0.3665,0.3585,0.3553,0.3519,0.3437,0.3359,0.3299,0.3231,0.3194,0.3158,0.3109,0.3043,0.2974,0.2924,0.2896,0.2872,0.281,0.2723,0.2664,0.2611,0.2556,0.2501,0.2409,0.2328,0.2309,0.2249,0.2161,0.2104,0.2052,0.1993,0.1905,0.1785,0.1674,0.1559,0.1472,0.1418,0.1362,0.1299,0.1186,0.1098,0.1028,0.0948,0.0877,0.0809,0.0733,0.0666,0.0604,0.054,0.0486,0.0458,0.0427,0.0401,0.0377,0.0339,0.0315,0.0292,0.0269,0.0251,0.0239,0.0226,0.0219,0.019,0.0171,0.016,0.0153,0.0141,0.0131,0.0123,0.0103,0.0093,0.0079,0.0058,0.0046,0.0042,0.004,0.0038,0.0031,0.0027,0.0025,0.0023,0.0017,0.0012
0.2905,0.2892,0.288,0.2887,0.2905,0.2902,0.2885,0.283,0.2751,0.2686,0.2637,0.2573,0.2525,0.2465,0.2421,0.2373,0.2332,0.2302,0.2287,0.2258,0.2201,0.2125,0.202,0.1883,0.1727,0.1598,0.1521,0.1495,0.1429,0.1369,0.1282,0.1219,0.1175,0.112,0.107,0.1074,0.1054,0.1014,0.0963,0.0922,0.0866,0.0813,0.0737,0.066,0.058,0.0502,0.0449,0.0429,0.043,0.0421,0.0385,0.0331,0.0275,0.0241,0.023,0.022,0.02,0.0188,0.0178,0.0159,0.0123,0.0105,0.0092,0.0076,0.0059,0.0044,0.0035,0.0026,0.0018,0.0014,0.0014,0.0014,0.0012,0.001,0.0007,0.001,0.0007,0.0007,0.0008,0.0008,0.0006,0.0009,0.0011,0.0013,0.0015,0.0012,0.0008,0.0004,0.0001,0.0
0.2014,0.1941,0.1886,0.1839,0.1802,0.1812,0.1781,0.1743,0.1695,0.1638,0.1567,0.1501,0.1432,0.1353,0.1255,0.1165,0.1084,0.1035,0.1004,0.0989,0.0942,0.0861,0.0792,0.0748,0.0709,0.0674,0.0649,0.0634,0.0624,0.0612,0.0598,0.0586,0.0573,0.0558,0.0528,0.0491,0.0473,0.0469,0.0463,0.0448,0.0428,0.0413,0.0396,0.0374,0.0361,0.0351,0.0347,0.0335,0.0323,0.0308,0.0294,0.0282,0.0284,0.0291,0.0287,0.0286,0.0285,0.0277,0.0273,0.0275,0.028,0.0279,0.0269,0.0263,0.0257,0.0247,0.0248,0.0245,0.0235,0.0205,0.0184,0.0174,0.0167,0.0155,0.0145,0.0135,0.0119,0.011,0.0099,0.0091,0.0086,0.0071,0.0054,0.0042,0.0027,0.0017,0.0015,0.0011,0.0008,0.0005
0.162,0.1604,0.1589,0.1556,0.1507,0.1452,0.14,0.1365,0.1337,0.1318,0.1309,0.1301,0.127,0.1246,0.1215,0.1194,0.1166,0.1144,0.1132,0.1121,0.1114,0.1099,0.1076,0.1052,0.1035,0.1016,0.1006,0.0997,0.0989,0.098,0.0972,0.0963,0.0955,0.0942,0.0921,0.089,0.0874,0.0861,0.0851,0.0837,0.0807,0.0779,0.0755,0.0728,0.0723,0.071,0.0682,0.0658,0.0626,0.0591,0.0565,0.0542,0.0516,0.0478,0.0459,0.0434,0.0416,0.0405,0.0393,0.0369,0.0352,0.034,0.0324,0.031,0.0297,0.0283,0.0274,0.0278,0.0276,0.0269,0.0256,0.0251,0.0247,0.0245,0.0238,0.0228,0.0213,0.0195,0.018,0.0174,0.017,0.0135,0.012,0.0109,0.01,0.0095,0.0087,0.0078,0.0067,0.0066
0.1396,0.1391,0.1391,0.1379,0.1351,0.1291,0.128,0.127,0.1255,0.1249,0.1236,0.1216,0.1204,0.1188,0.1162,0.115,0.1136,0.1117,0.1091,0.1061,0.1033,0.1011,0.0984,0.0962,0.0951,0.0952,0.0951,0.0946,0.0938,0.0922,0.0905,0.0886,0.0864,0.084,0.0815,0.0797,0.0784,0.0778,0.0754,0.0733,0.0713,0.0681,0.066,0.0643,0.0628,0.0612,0.0585,0.0556,0.0545,0.0525,0.0498,0.0477,0.0456,0.0449,0.0433,0.0413,0.0396,0.0375,0.0362,0.0343,0.0315,0.0281,0.0248,0.0221,0.02,0.0188,0.0175,0.0148,0.0129,0.0116,0.0104,0.0091,0.008,0.0074,0.0067,0.0058,0.0046,0.0034,0.0023,0.0015,0.0008,0.0002,0.0,0.0,0.0,0.0,0.0,0.0,0.0,0.0
0.2136,0.209,0.2047,0.1995,0.1958,0.1924,0.1893,0.1856,0.1817,0.178,0.1732,0.1687,0.1647,0.1607,0.1565,0.1517,0.1468,0.1406,0.135,0.1308,0.1273,0.1231,0.119,0.115,0.1124,0.1082,0.1023,0.0975,0.0915,0.0855,0.0802,0.0739,0.0705,0.0678,0.0638,0.0593,0.056,0.0507,0.045,0.0407,0.0378,0.0338,0.0303,0.0279,0.0241,0.021,0.0188,0.0174,0.0166,0.015,0.0134,0.0118,0.0103,0.0091,0.0073,0.0057,0.004,0.003,0.0026,0.0021,0.0016,0.001,0.0005,0.0002,0.0001,0.0,0.0,0.0,0.0,0.0,0.0,0.0,0.0,0.0,0.0,0.0,0.0,0.0,0.0,0.0,0.0,0.0,0.0,0.0,0.0,0.0,0.0,0.0,0.0,0.0
0.1878,0.1846,0.1787,0.1748,0.17,0.1647,0.1572,0.1508,0.1466,0.1426,0.1401,0.1385,0.136,0.1332,0.1323,0.13,0.1263,0.1217,0.1175,0.1131,0.1101,0.1066,0.1019,0.0964,0.0905,0.0836,0.077,0.072,0.0696,0.0665,0.0646,0.0633,0.0604,0.0567,0.0552,0.054,0.0515,0.0469,0.0422,0.0392,0.0381,0.0383,0.0367,0.0339,0.031,0.0279,0.0266,0.0244,0.0224,0.0205,0.0178,0.0156,0.0142,0.0129,0.0106,0.0089,0.0075,0.0062,0.0051,0.004,0.003,0.0023,0.0015,0.0011,0.0007,0.0005,0.0004,0.0003,0.0003,0.0003,0.0002,0.0001,0.0001,0.0001,0.0001,0.0001,0.0001,0.0001,0.0001,0.0001,0.0001,0.0,0.0,0.0,0.0,0.0,0.0,0.0,0.0,0.0
0.0751,0.0764,0.0767,0.0746,0.0714,0.0697,0.068,0.0662,0.0633,0.0626,0.0626,0.062,0.0603,0.0594,0.0585,0.057,0.0557,0.0539,0.0524,0.0513,0.0504,0.0492,0.0482,0.0473,0.0464,0.0455,0.0448,0.0446,0.0441,0.0435,0.043,0.0426,0.042,0.0408,0.0401,0.0391,0.0385,0.0383,0.038,0.0374,0.0367,0.0365,0.0365,0.0372,0.0373,0.0376,0.0362,0.0312,0.0278,0.0249,0.0223,0.0223,0.0232,0.0226,0.0214,0.0258,0.0307,0.0335,0.0345,0.0351,0.0356,0.0365,0.0378,0.0378,0.0381,0.0377,0.0368,0.0365,0.0362,0.0359,0.0347,0.0342,0.0342,0.0341,0.0339,0.0333,0.0327,0.032,0.0308,0.0295,0.0283,0.0277,0.0284,0.029,0.0304,0.0312,0.0321,0.0329,0.0324,0.0318
0.47,0.4728,0.4815,0.491,0.502,0.5113,0.5165,0.5236,0.5276,0.5247,0.5193,0.5182,0.5217,0.5255,0.5318,0.5396,0.5482,0.5572,0.5664,0.5734,0.5761,0.5784,0.5813,0.5822,0.5842,0.5858,0.5879,0.5898,0.5876,0.5874,0.5904,0.5921,0.5937,0.5987,0.6062,0.609,0.6102,0.6111,0.6097,0.6042,0.5955,0.5884,0.5813,0.5727,0.571,0.5674,0.5564,0.5369,0.5209,0.5041,0.4858,0.4758,0.4764,0.4729,0.4648,0.4637,0.4697,0.4775,0.4811,0.484,0.4868,0.4841,0.481,0.4724,0.4718,0.47,0.4642,0.4594,0.4548,0.4479,0.4388,0.4321,0.4298,0.4276,0.4255,0.4237,0.4208,0.4173,0.413,0.4064,0.4002,0.3957,0.3889,0.3848,0.3854,0.3796,0.3775,0.3838,0.3854,0.3811
0.5564,0.5589,0.5602,0.5627,0.5605,0.558,0.5619,0.5643,0.5628,0.5656,0.5712,0.5714,0.5735,0.5763,0.5735,0.5729,0.5687,0.5681,0.5705,0.5631,0.5565,0.5516,0.538,0.5291,0.5243,0.5126,0.4994,0.4869,0.4831,0.4728,0.4448,0.4235,0.407,0.3912,0.3634,0.3413,0.3244,0.3102,0.3,0.2938,0.2888,0.2831,0.277,0.2719,0.2627,0.2539,0.2538,0.2615,0.264,0.267,0.2697,0.2651,0.2524,0.2464,0.2418,0.2299,0.2107,0.1915,0.1785,0.1633,0.149,0.1395,0.127,0.1162,0.1048,0.0962,0.0862,0.0752,0.0676,0.0655,0.065,0.0598,0.053,0.0462,0.0394,0.0338,0.0295,0.0261,0.0258,0.0267,0.0288,0.03,0.0316,0.0322,0.0362,0.0426,0.0439,0.0417,0.048,0.0518
0.6081,0.6106,0.6032,0.5931,0.5744,0.5505,0.5323,0.5129,0.4969,0.4854,0.4672,0.4461,0.4296,0.4097,0.3841,0.3618,0.3459,0.3259,0.2998,0.2758,0.2567,0.2396,0.2186,0.2008,0.1847,0.1702,0.1597,0.1493,0.1387,0.1302,0.1221,0.1139,0.1079,0.1054,0.0999,0.0932,0.0892,0.0878,0.087,0.0861,0.0836,0.0801,0.0772,0.0756,0.0741,0.0715,0.0689,0.0667,0.0638,0.0606,0.0583,0.0552,0.0518,0.0504,0.0479,0.0453,0.0437,0.0425,0.0401,0.0373,0.0343,0.0301,0.0264,0.0231,0.0204,0.0167,0.0131,0.0099,0.0078,0.0057,0.0049,0.0041,0.003,0.0022,0.0016,0.0013,0.0012,0.001,0.0008,0.0005,0.0004,0.0003,0.0002,0.0002,0.0002,0.0002,0.0002,0.0002,0.0001,0.0001
0.5284,0.5134,0.501,0.4888,0.4782,0.4643,0.4581,0.4435,0.433,0.4342,0.4305,0.4267,0.4188,0.4087,0.3944,0.3758,0.3606,0.3479,0.3407,0.3332,0.3241,0.3087,0.2959,0.2837,0.2684,0.2533,0.2331,0.213,0.2023,0.1958,0.1897,0.1833,0.1754,0.1674,0.1608,0.1564,0.1505,0.1456,0.1401,0.1355,0.1324,0.1284,0.1233,0.1187,0.1162,0.1146,0.1117,0.1097,0.107,0.1021,0.0961,0.0895,0.0841,0.0842,0.0834,0.0804,0.0757,0.0695,0.062,0.0554,0.0477,0.0401,0.0355,0.0308,0.0259,0.0214,0.0166,0.0122,0.0096,0.0082,0.0069,0.0059,0.0051,0.0042,0.0037,0.0033,0.0026,0.0022,0.002,0.0017,0.0015,0.0009,0.0007,0.0006,0.0005,0.0005,0.0005,0.0003,0.0001,0.0002
0.5437,0.5316,0.5235,0.5114,0.4943,0.4779,0.4662,0.4581,0.4496,0.4385,0.4291,0.4216,0.4109,0.3997,0.3914,0.3791,0.3639,0.3527,0.346,0.3393,0.3256,0.3094,0.2912,0.2738,0.2589,0.245,0.2289,0.2165,0.2062,0.1922,0.1782,0.1637,0.1478,0.1348,0.1229,0.1095,0.1007,0.0932,0.0861,0.0785,0.072,0.0659,0.0609,0.0558,0.0503,0.0451,0.0408,0.0368,0.0352,0.0348,0.0332,0.0324,0.0306,0.0236,0.0176,0.0129,0.0098,0.0067,0.0045,0.0037,0.0028,0.0018,0.0014,0.0021,0.0026,0.0026,0.0024,0.0013,0.0009,0.0005,0.0002,0.0,0.0,0.0,0.0,0.0,0.0,0.0,0.0,0.0,0.0,0.0,0.0,0.0,0.0,0.0,0.0,0.0,0.0,0.0
0.4281,0.4199,0.4076,0.396,0.3812,0.3718,0.3589,0.3463,0.3309,0.3137,0.2974,0.2826,0.2694,0.2549,0.2424,0.2323,0.2212,0.2054,0.1868,0.1657,0.1459,0.1289,0.1128,0.0988,0.0881,0.0809,0.0744,0.0682,0.0604,0.0535,0.0471,0.0406,0.0371,0.0359,0.0348,0.0342,0.0331,0.0324,0.0313,0.0309,0.0302,0.0294,0.0284,0.0284,0.0275,0.0271,0.0264,0.0254,0.0241,0.0236,0.0227,0.021,0.0196,0.0193,0.0167,0.0155,0.0136,0.0118,0.0104,0.0084,0.0076,0.0064,0.0052,0.0034,0.0022,0.0013,0.0004,0.0,0.0,0.0,0.0,0.0,0.0,0.0,0.0,0.0,0.0,0.0,0.0,0.0,0.0,0.0,0.0,0.0,0.0,0.0,0.0,0.0,0.0,0.0
