0.4823,0.4666,0.4498,0.4284,0.4102,0.3945,0.3761,0.3637,0.3462,0.3285,0.3161,0.3126,0.3042,0.2909,0.2755,0.2623,0.2524,0.2468,0.2314,0.216,0.2027,0.1883,0.1752,0.1623,0.1536,0.1459,0.1375,0.1271,0.118,0.1071,0.0962,0.087,0.0809,0.074,0.0684,0.0649,0.0629,0.0619,0.0612,0.0608,0.0603,0.0593,0.0573,0.055,0.0528,0.0514,0.0495,0.0484,0.0466,0.0447,0.0434,0.0411,0.0381,0.0361,0.0339,0.0316,0.0297,0.0273,0.0253,0.0234,0.0222,0.0209,0.0206,0.0211,0.0229,0.0241,0.0245,0.024,0.0231,0.0221,0.0214,0.0204,0.0198,0.0192,0.0188,0.0186,0.0181,0.017,0.0169,0.0172,0.0166,0.0159,0.0158,0.0152,0.0139,0.0131,0.0124,0.0134,0.0127,0.0104
0.466,0.4578,0.4493,0.4362,0.4204,0.403,0.3908,0.3793,0.369,0.3614,0.3511,0.3392,0.3281,0.3175,0.306,0.2926,0.2775,0.2614,0.2477,0.23,0.2155,0.2046,0.1906,0.1794,0.17,0.1645,0.158,0.1508,0.144,0.1367,0.1306,0.1259,0.1223,0.1174,0.1124,0.109,0.107,0.1087,0.1087,0.1068,0.1023,0.0981,0.0939,0.0902,0.0869,0.0839,0.0801,0.0753,0.0727,0.0693,0.0656,0.0607,0.0564,0.0541,0.0521,0.0504,0.0483,0.0467,0.0455,0.0444,0.0429,0.0414,0.04,0.0378,0.0343,0.0301,0.026,0.0234,0.0228,0.0227,0.0226,0.0224,0.0217,0.0214,0.0215,0.0212,0.0212,0.0211,0.0221,0.0232,0.0237,0.0239,0.0248,0.0257,0.0267,0.0283,0.0294,0.0309,0.0324,0.0325
0.3919,0.3804,0.3702,0.3615,0.3508,0.3382,0.3267,0.3187,0.3124,0.3046,0.2967,0.2856,0.2742,0.2626,0.2536,0.2435,0.2337,0.2231,0.2106,0.2012,0.1907,0.1832,0.1736,0.1657,0.1595,0.1547,0.1491,0.1431,0.1371,0.1317,0.1282,0.1248,0.1211,0.1172,0.1122,0.1053,0.1013,0.1006,0.0969,0.0903,0.0839,0.079,0.0742,0.0686,0.0649,0.062,0.0581,0.0572,0.0581,0.0579,0.0573,0.0553,0.0533,0.0527,0.0532,0.053,0.0538,0.0548,0.0547,0.0538,0.053,0.0524,0.0515,0.0503,0.0485,0.0472,0.0464,0.0461,0.0462,0.0459,0.0454,0.0449,0.0444,0.0438,0.0428,0.0422,0.0414,0.0406,0.0385,0.0366,0.0354,0.0347,0.0336,0.0325,0.032,0.0307,0.0294,0.0285,0.024,0.0204
0.3184,0.3108,0.3048,0.3,0.2932,0.2858,0.2805,0.2754,0.2713,0.2699,0.2673,0.2616,0.2555,0.2502,0.247,0.2437,0.2391,0.2328,0.2248,0.2183,0.2107,0.2015,0.1939,0.1878,0.1823,0.1761,0.1711,0.1671,0.1648,0.1626,0.1606,0.1593,0.1571,0.1552,0.1531,0.1494,0.1456,0.1418,0.1358,0.1303,0.126,0.1225,0.1186,0.1154,0.1114,0.1073,0.1042,0.1005,0.0937,0.0866,0.0811,0.0776,0.0749,0.0711,0.0675,0.0647,0.0608,0.0571,0.0542,0.0519,0.0492,0.0473,0.0455,0.0439,0.0423,0.0405,0.0387,0.0364,0.0343,0.0329,0.031,0.0297,0.0287,0.0279,0.0271,0.0264,0.0255,0.0241,0.023,0.0228,0.0223,0.0208,0.0199,0.019,0.0184,0.0178,0.0171,0.016,0.0145,0.0128
0.2176,0.2138,0.2078,0.2025,0.1964,0.1899,0.1843,0.1775,0.171,0.1673,0.165,0.1613,0.1555,0.1511,0.1444,0.1408,0.1381,0.1365,0.1351,0.1339,0.1317,0.1287,0.1273,0.1256,0.1228,0.1201,0.1194,0.1191,0.1179,0.117,0.1152,0.1137,0.1113,0.1081,0.1056,0.1035,0.0988,0.0947,0.0912,0.0902,0.0892,0.0881,0.0868,0.0838,0.081,0.0772,0.0739,0.0704,0.0669,0.0623,0.0591,0.056,0.0529,0.05,0.0465,0.0408,0.0371,0.034,0.0315,0.0287,0.0265,0.0244,0.0225,0.021,0.0195,0.018,0.0166,0.0149,0.013,0.0111,0.0094,0.0073,0.0057,0.0047,0.0036,0.0029,0.0024,0.0019,0.0015,0.001,0.0006,0.0003,0.0003,0.0002,0.0002,0.0002,0.0001,0.0001,0.0001,0.0001
0.1398,0.1351,0.1327,0.1284,0.1245,0.1234,0.1213,0.1168,0.1124,0.1092,0.1082,0.1077,0.1052,0.1001,0.0958,0.0931,0.0911,0.0896,0.0876,0.0866,0.0869,0.0865,0.0837,0.0832,0.0818,0.0784,0.0747,0.0716,0.0688,0.0672,0.066,0.0622,0.0588,0.0562,0.0531,0.0511,0.0489,0.0437,0.0389,0.0343,0.029,0.0238,0.0198,0.0179,0.0158,0.0137,0.0122,0.0097,0.006,0.0034,0.0026,0.0022,0.0017,0.0012,0.0006,0.0001,0.0,0.0,0.0,0.0,0.0,0.0,0.0,0.0,0.0,0.0,0.0,0.0,0.0,0.0,0.0,0.0,0.0,0.0,0.0,0.0,0.0,0.0,0.0,0.0,0.0,0.0,0.0,0.0,0.0,0.0,0.0,0.0,0.0,0.0
0.0917,0.0866,0.0824,0.0792,0.0773,0.0754,0.0718,0.0687,0.0655,0.0613,0.0588,0.0574,0.0551,0.0529,0.0502,0.0466,0.0423,0.0394,0.0368,0.033,0.0295,0.0252,0.0232,0.0209,0.019,0.0176,0.015,0.0128,0.0108,0.0093,0.0081,0.0071,0.006,0.005,0.004,0.0032,0.0025,0.0017,0.0009,0.0002,0.0,0.0,0.0,0.0,0.0,0.0,0.0,0.0,0.0,0.0,0.0,0.0,0.0,0.0,0.0,0.0,0.0,0.0,0.0,0.0,0.0,0.0,0.0,0.0,0.0,0.0,0.0,0.0,0.0,0.0,0.0,0.0,0.0,0.0,0.0,0.0,0.0,0.0,0.0,0.0,0.0,0.0,0.0,0.0,0.0,0.0,0.0,0.0,0.0,0.0
0.0634,0.0616,0.061,0.0608,0.0606,0.0594,0.0579,0.0559,0.0553,0.0554,0.054,0.0531,0.0521,0.0506,0.0489,0.0466,0.0444,0.0415,0.0391,0.0388,0.0383,0.0379,0.0366,0.0359,0.0362,0.0364,0.0359,0.0357,0.0352,0.0344,0.0329,0.0309,0.0295,0.0279,0.0267,0.0254,0.0238,0.0214,0.0192,0.0182,0.0165,0.0142,0.0121,0.0104,0.0093,0.0077,0.0066,0.0051,0.004,0.0023,0.0014,0.0009,0.0005,0.0002,0.0,0.0,0.0,0.0,0.0,0.0,0.0,0.0,0.0,0.0,0.0,0.0,0.0,0.0,0.0,0.0,0.0,0.0,0.0,0.0,0.0,0.0,0.0,0.0,0.0,0.0,0.0,0.0,0.0,0.0,0.0,0.0,0.0,0.0,0.0,0.0
0.0816,0.0797,0.078,0.0763,0.0743,0.0727,0.0707,0.0694,0.0686,0.0674,0.0655,0.0634,0.0621,0.0607,0.0593,0.0577,0.0553,0.0521,0.0497,0.0463,0.0431,0.0401,0.039,0.0377,0.0355,0.033,0.0316,0.0296,0.0274,0.0254,0.0241,0.023,0.0218,0.0207,0.0197,0.0191,0.0187,0.0173,0.0162,0.0148,0.0143,0.014,0.0135,0.0137,0.0138,0.0129,0.0116,0.0104,0.0095,0.0087,0.0082,0.0079,0.0076,0.0064,0.0057,0.0049,0.0044,0.0039,0.0033,0.0028,0.0025,0.0018,0.0014,0.001,0.0007,0.0005,0.0003,0.0001,0.0,0.0,0.0,0.0,0.0,0.0,0.0,0.0,0.0,0.0,0.0,0.0,0.0,0.0,0.0,0.0,0.0,0.0,0.0,0.0,0.0,0.0
0.109,0.1092,0.1083,0.1077,0.1075,0.1071,0.1068,0.1066,0.1062,0.1055,0.1045,0.103,0.1009,0.0995,0.1002,0.1013,0.1012,0.0988,0.0939,0.0886,0.0873,0.0843,0.0816,0.0827,0.0832,0.0813,0.0818,0.0813,0.0816,0.0812,0.0817,0.081,0.0795,0.077,0.075,0.0736,0.0702,0.0656,0.062,0.0581,0.0553,0.0512,0.0472,0.0424,0.0383,0.0344,0.032,0.0288,0.0253,0.0218,0.0185,0.016,0.0133,0.0105,0.0082,0.0068,0.0059,0.0051,0.0042,0.0035,0.0024,0.0017,0.0013,0.001,0.0008,0.0005,0.0002,0.0,0.0,0.0,0.0,0.0,0.0,0.0,0.0,0.0,0.0,0.0,0.0,0.0,0.0,0.0,0.0,0.0,0.0,0.0,0.0,0.0,0.0,0.0
0.1161,0.1132,0.1117,0.1101,0.1086,0.1077,0.1061,0.1034,0.1013,0.1006,0.0994,0.0974,0.0966,0.0947,0.093,0.0915,0.0873,0.0848,0.0845,0.0824,0.0798,0.0774,0.075,0.0709,0.0675,0.0643,0.0589,0.0545,0.0507,0.0476,0.0437,0.0404,0.0372,0.0348,0.032,0.0286,0.0251,0.0214,0.0187,0.0165,0.014,0.0115,0.0098,0.0078,0.0056,0.0041,0.0027,0.0017,0.0007,0.0003,0.0001,0.0001,0.0001,0.0001,0.0,0.0,0.0,0.0,0.0,0.0,0.0,0.0,0.0,0.0,0.0,0.0,0.0,0.0,0.0,0.0,0.0,0.0,0.0,0.0,0.0,0.0,0.0,0.0,0.0,0.0,0.0,0.0,0.0,0.0,0.0,0.0,0.0,0.0,0.0,0.0
0.1045,0.1035,0.1032,0.1022,0.1013,0.0998,0.0983,0.0962,0.0935,0.0921,0.0914,0.0905,0.0882,0.0878,0.0851,0.0811,0.0797,0.0785,0.076,0.0747,0.072,0.0688,0.0657,0.0625,0.0586,0.0543,0.0496,0.0451,0.0405,0.0343,0.0281,0.0228,0.0175,0.013,0.0093,0.0063,0.0036,0.0019,0.0007,0.0003,0.0,0.0,0.0,0.0,0.0,0.0,0.0,0.0,0.0,0.0,0.0,0.0,0.0,0.0,0.0,0.0,0.0,0.0,0.0,0.0,0.0,0.0,0.0,0.0,0.0,0.0,0.0,0.0,0.0,0.0,0.0,0.0,0.0,0.0,0.0,0.0,0.0,0.0,0.0,0.0,0.0,0.0,0.0,0.0,0.0,0.0,0.0,0.0,0.0,0.0
0.0923,0.0922,0.0884,0.0841,0.08,0.0751,0.0705,0.0677,0.0647,0.0611,0.0582,0.0559,0.0535,0.0502,0.0468,0.043,0.0396,0.0354,0.0317,0.028,0.0239,0.0201,0.0165,0.0136,0.0112,0.009,0.0071,0.0041,0.0025,0.0011,0.0002,0.0,0.0,0.0,0.0,0.0,0.0,0.0,0.0,0.0,0.0,0.0,0.0,0.0,0.0,0.0,0.0,0.0,0.0,0.0,0.0,0.0,0.0,0.0,0.0,0.0,0.0,0.0,0.0,0.0,0.0,0.0,0.0,0.0,0.0,0.0,0.0,0.0,0.0,0.0,0.0,0.0,0.0,0.0,0.0,0.0,0.0,0.0,0.0,0.0,0.0,0.0,0.0,0.0,0.0,0.0,0.0,0.0001,0.0002,0.0003
0.0541,0.0494,0.0446,0.0421,0.0407,0.0392,0.0379,0.0363,0.0348,0.0333,0.032,0.0304,0.0285,0.0267,0.0248,0.0234,0.0217,0.0189,0.0185,0.019,0.0194,0.0201,0.0202,0.0203,0.0195,0.0182,0.0168,0.0165,0.0172,0.0184,0.0202,0.0219,0.0234,0.0249,0.0258,0.0262,0.0265,0.0265,0.0268,0.0273,0.0283,0.029,0.029,0.0284,0.0271,0.0268,0.027,0.0266,0.0258,0.0261,0.0265,0.027,0.0268,0.0271,0.027,0.0266,0.0265,0.0272,0.0271,0.0264,0.0269,0.0268,0.027,0.0275,0.0277,0.028,0.0275,0.0271,0.0271,0.0283,0.0284,0.0287,0.0284,0.0275,0.0263,0.0262,0.0262,0.026,0.0255,0.0263,0.0271,0.0268,0.0262,0.0265,0.0268,0.0277,0.0248,0.0256,0.0246,0.0214
0.0846,0.086,0.0894,0.0939,0.098,0.1012,0.1059,0.1101,0.114,0.1179,0.1215,0.1239,0.1234,0.1178,0.1108,0.1052,0.1101,0.112,0.1127,0.1129,0.1119,0.1103,0.1102,0.11,0.1094,0.1081,0.108,0.105,0.1018,0.0978,0.0944,0.0936,0.0934,0.0923,0.0901,0.0874,0.083,0.0821,0.0822,0.0822,0.0818,0.0813,0.0803,0.0797,0.0786,0.0762,0.0749,0.0763,0.0773,0.0764,0.0739,0.0729,0.0701,0.0689,0.0697,0.07,0.0708,0.0703,0.0701,0.071,0.0708,0.07,0.0686,0.0668,0.0652,0.0639,0.0627,0.062,0.0618,0.0612,0.0622,0.0618,0.061,0.0594,0.0576,0.058,0.058,0.0572,0.057,0.0559,0.0554,0.0544,0.0526,0.0522,0.0529,0.055,0.0548,0.0531,0.0527,0.0529
0.193,0.1845,0.1765,0.1722,0.1695,0.1715,0.171,0.1691,0.1675,0.1645,0.1615,0.1597,0.1603,0.163,0.1648,0.1623,0.1526,0.1472,0.1414,0.1361,0.1313,0.1288,0.1249,0.1223,0.1206,0.1189,0.1174,0.1163,0.1123,0.1103,0.1105,0.1088,0.1073,0.1076,0.1073,0.1055,0.1039,0.1015,0.0982,0.0953,0.0945,0.0929,0.0912,0.0905,0.0888,0.0865,0.0862,0.087,0.0877,0.0886,0.0875,0.0838,0.0772,0.0773,0.0783,0.0788,0.0773,0.0757,0.0759,0.0752,0.0742,0.074,0.0741,0.0739,0.0719,0.0692,0.0678,0.0699,0.0704,0.0708,0.0684,0.0652,0.0642,0.0642,0.062,0.0601,0.0595,0.0605,0.0618,0.0633,0.0628,0.0644,0.0631,0.06,0.0582,0.0553,0.0548,0.0557,0.0535,0.0523
0.2629,0.2566,0.2449,0.2354,0.2325,0.2294,0.2278,0.226,0.2247,0.2217,0.2198,0.2236,0.2266,0.2253,0.2228,0.2173,0.2074,0.2027,0.1941,0.1826,0.1762,0.174,0.1715,0.1703,0.1697,0.1729,0.1749,0.1758,0.1736,0.1718,0.1681,0.1632,0.16,0.1591,0.1599,0.1594,0.1572,0.1529,0.1469,0.1433,0.1413,0.1378,0.1357,0.1335,0.1305,0.1275,0.1252,0.1227,0.1184,0.1168,0.1163,0.1146,0.1105,0.1045,0.0991,0.0953,0.0928,0.0945,0.0957,0.0935,0.0929,0.094,0.0968,0.0994,0.0992,0.0958,0.0929,0.0901,0.0878,0.0857,0.0827,0.0801,0.0793,0.0775,0.0745,0.0719,0.0697,0.068,0.0659,0.0676,0.0648,0.0616,0.0631,0.0611,0.0589,0.056,0.0554,0.0552,0.0544,0.0522
0.3276,0.3258,0.3243,0.3158,0.3114,0.304,0.2971,0.2881,0.281,0.2773,0.2764,0.2716,0.2607,0.2498,0.2479,0.2511,0.2472,0.2413,0.2344,0.2264,0.22,0.2153,0.2113,0.2071,0.2074,0.2084,0.2092,0.2101,0.2124,0.2137,0.213,0.2096,0.2047,0.2016,0.1999,0.2013,0.2042,0.2039,0.2017,0.1993,0.1957,0.1909,0.1886,0.1875,0.1863,0.1839,0.1751,0.1701,0.1678,0.1661,0.1656,0.166,0.1657,0.161,0.1531,0.1461,0.1427,0.1414,0.1403,0.1329,0.1263,0.1248,0.1216,0.1236,0.1236,0.121,0.1165,0.1109,0.106,0.0997,0.0961,0.0941,0.0932,0.0941,0.0933,0.0911,0.0901,0.0891,0.0904,0.0984,0.0994,0.0967,0.0976,0.0989,0.0986,0.1016,0.105,0.1058,0.1061,0.1087
0.4124,0.4131,0.4112,0.4097,0.3993,0.3916,0.3844,0.3808,0.3754,0.3688,0.3582,0.3502,0.3409,0.333,0.3293,0.3283,0.3274,0.321,0.3178,0.3144,0.31,0.3045,0.3017,0.3007,0.3007,0.3021,0.3021,0.3011,0.3,0.2986,0.2988,0.2976,0.2927,0.2864,0.2798,0.2774,0.2728,0.2701,0.2625,0.2549,0.2509,0.248,0.244,0.243,0.2437,0.2432,0.237,0.2244,0.2179,0.2148,0.2154,0.2155,0.2156,0.2149,0.2087,0.2031,0.1996,0.1954,0.1897,0.1872,0.1844,0.1789,0.173,0.1673,0.1606,0.1584,0.1571,0.15,0.1458,0.1385,0.1331,0.1316,0.1287,0.1287,0.1309,0.1304,0.1361,0.1257,0.1266,0.1309,0.1387,0.1371,0.1363,0.1392,0.1421,0.1451,0.1476,0.1507,0.1574,0.1584
0.4654,0.4616,0.451,0.4511,0.4497,0.4517,0.4485,0.4387,0.4306,0.4256,0.42,0.4125,0.411,0.412,0.4105,0.4085,0.4124,0.4104,0.4047,0.4056,0.3998,0.3898,0.3829,0.3773,0.3764,0.3794,0.3807,0.3804,0.3764,0.3794,0.3825,0.3854,0.3842,0.3774,0.3734,0.3666,0.3663,0.3658,0.3598,0.3505,0.3452,0.3409,0.3317,0.3299,0.3269,0.3215,0.3145,0.2996,0.2923,0.285,0.2784,0.2722,0.2648,0.2615,0.2601,0.254,0.2466,0.2397,0.2313,0.2264,0.221,0.2131,0.2029,0.1934,0.1835,0.1776,0.1758,0.1722,0.1693,0.1651,0.1591,0.1551,0.1505,0.1487,0.1484,0.1467,0.1464,0.1427,0.1397,0.1373,0.1409,0.1414,0.1379,0.1392,0.1435,0.1471,0.1496,0.1505,0.1528,0.1584
0.4699,0.4723,0.4696,0.4639,0.4597,0.4568,0.4519,0.445,0.4495,0.4564,0.4599,0.4558,0.4564,0.4534,0.4476,0.4405,0.4366,0.4321,0.4285,0.4287,0.4265,0.4192,0.4105,0.4061,0.4036,0.4,0.395,0.3927,0.3924,0.391,0.3864,0.383,0.3784,0.3719,0.3664,0.3611,0.3556,0.3481,0.3423,0.3366,0.3302,0.3192,0.3117,0.303,0.295,0.2877,0.2837,0.2766,0.2669,0.2577,0.2489,0.2429,0.2377,0.2296,0.226,0.2222,0.216,0.21,0.2037,0.1988,0.1923,0.1875,0.1838,0.1789,0.1754,0.1676,0.1651,0.1622,0.1589,0.1587,0.1573,0.1548,0.1517,0.1507,0.1499,0.1493,0.1482,0.1492,0.1498,0.1482,0.1483,0.1506,0.1482,0.1493,0.1519,0.1545,0.1556,0.1559,0.1555,0.1572
0.4724,0.4672,0.4634,0.4619,0.4605,0.4568,0.4544,0.452,0.4465,0.4422,0.4387,0.4358,0.4319,0.4282,0.4233,0.4161,0.4066,0.3948,0.3856,0.382,0.3819,0.3776,0.3691,0.3616,0.3538,0.3449,0.3341,0.3258,0.3184,0.3086,0.3007,0.2928,0.285,0.2781,0.2715,0.2642,0.257,0.2508,0.2467,0.2418,0.2358,0.2281,0.2201,0.2124,0.2066,0.2007,0.1952,0.1915,0.1854,0.1794,0.1736,0.1681,0.1628,0.1572,0.1512,0.1475,0.1426,0.1371,0.1314,0.1256,0.12,0.1158,0.1123,0.1089,0.1067,0.1044,0.1014,0.0968,0.0936,0.0931,0.0917,0.0885,0.0867,0.0841,0.0809,0.0789,0.0775,0.0772,0.0763,0.0758,0.0727,0.0735,0.0732,0.0731,0.0752,0.0766,0.0769,0.0775,0.0762,0.0756
0.3844,0.3771,0.3725,0.3688,0.3658,0.3646,0.3673,0.3703,0.3687,0.3631,0.36,0.3591,0.3598,0.3614,0.3617,0.3603,0.3562,0.3529,0.3483,0.3477,0.3451,0.3417,0.3372,0.3298,0.3214,0.3138,0.3053,0.2979,0.2876,0.279,0.2706,0.2619,0.2556,0.2485,0.242,0.2361,0.231,0.2275,0.2226,0.2171,0.213,0.2097,0.2041,0.1991,0.1928,0.1879,0.1839,0.1811,0.1777,0.1726,0.1657,0.158,0.152,0.1458,0.1391,0.134,0.1302,0.1235,0.1182,0.1137,0.11,0.1065,0.1015,0.0976,0.0925,0.0872,0.0845,0.0822,0.077,0.0736,0.0712,0.0679,0.065,0.0613,0.0571,0.0526,0.0491,0.0469,0.0445,0.0422,0.0394,0.0361,0.0352,0.0345,0.0345,0.0345,0.0316,0.03,0.0293,0.0293
0.2913,0.2906,0.2902,0.2891,0.2894,0.2916,0.2918,0.2907,0.2887,0.2868,0.2856,0.2874,0.2871,0.283,0.2774,0.2726,0.2727,0.2764,0.2762,0.273,0.2698,0.2674,0.263,0.2577,0.2505,0.2411,0.2332,0.2223,0.2124,0.2018,0.1914,0.1813,0.1707,0.1633,0.156,0.1478,0.1409,0.1318,0.1223,0.1139,0.1021,0.0929,0.0869,0.0784,0.0694,0.0618,0.0573,0.0574,0.0504,0.0407,0.0334,0.0277,0.0239,0.0222,0.0229,0.0221,0.0199,0.0174,0.017,0.0172,0.0171,0.0174,0.0172,0.0175,0.0191,0.0197,0.0189,0.0193,0.0167,0.0156,0.0156,0.0152,0.0152,0.0141,0.0121,0.0111,0.0102,0.01,0.0098,0.009,0.0083,0.008,0.0084,0.0085,0.009,0.0089,0.0081,0.0075,0.0067,0.0058
0.1946,0.189,0.1843,0.1836,0.1785,0.172,0.165,0.1601,0.1551,0.1493,0.1442,0.1379,0.1298,0.1228,0.1173,0.1142,0.1117,0.1126,0.1139,0.107,0.1029,0.1015,0.1009,0.0988,0.0961,0.0911,0.0862,0.0814,0.0765,0.0724,0.068,0.0636,0.0605,0.0584,0.0561,0.0538,0.0515,0.049,0.0463,0.0435,0.0406,0.0397,0.0382,0.0373,0.0363,0.0352,0.0336,0.0313,0.0304,0.0308,0.0314,0.0315,0.0304,0.0283,0.0252,0.0239,0.023,0.0206,0.018,0.0152,0.0137,0.0117,0.0092,0.0068,0.0058,0.0045,0.0026,0.0017,0.0009,0.0002,0.0001,0.0,0.0,0.0,0.0,0.0,0.0,0.0,0.0,0.0,0.0,0.0,0.0,0.0,0.0,0.0,0.0,0.0,0.0,0.0
0.1669,0.1655,0.1629,0.1588,0.1554,0.151,0.1475,0.145,0.1427,0.1407,0.1381,0.1343,0.1304,0.1286,0.1273,0.1257,0.1238,0.123,0.1225,0.1181,0.1157,0.1137,0.1129,0.1116,0.1105,0.109,0.1071,0.1059,0.1053,0.1041,0.1018,0.0981,0.0941,0.0915,0.0896,0.0882,0.0862,0.0837,0.0806,0.078,0.0753,0.0739,0.0713,0.0698,0.0664,0.0635,0.0602,0.0588,0.0556,0.0528,0.0505,0.0482,0.046,0.0443,0.042,0.0382,0.0346,0.0325,0.0294,0.0262,0.0237,0.0216,0.0198,0.0174,0.0156,0.0151,0.0135,0.0122,0.0115,0.0107,0.0099,0.009,0.008,0.007,0.006,0.0052,0.0047,0.0039,0.0033,0.0024,0.0019,0.0016,0.0013,0.0012,0.0005,0.0003,0.0001,0.0,0.0,0.0
0.1383,0.1371,0.1357,0.1353,0.1344,0.131,0.128,0.1268,0.1267,0.1246,0.1222,0.1192,0.115,0.1109,0.1078,0.1075,0.1096,0.1108,0.1116,0.1122,0.1115,0.1091,0.1101,0.1107,0.1112,0.1087,0.1062,0.1038,0.1009,0.0982,0.0952,0.0926,0.0909,0.0886,0.0863,0.0839,0.0811,0.078,0.075,0.0721,0.07,0.0677,0.0654,0.0626,0.0594,0.0564,0.0531,0.0506,0.0481,0.0452,0.0403,0.0357,0.032,0.0288,0.0274,0.0255,0.0236,0.0196,0.0166,0.0149,0.0134,0.011,0.009,0.0076,0.0066,0.006,0.0043,0.0031,0.0023,0.0017,0.0015,0.0016,0.0015,0.0011,0.0006,0.0005,0.0004,0.0003,0.0002,0.0,0.0,0.0,0.0,0.0,0.0,0.0,0.0,0.0,0.0,0.0
0.219,0.2145,0.2092,0.2052,0.2008,0.1957,0.1918,0.1891,0.1854,0.1818,0.1779,0.1732,0.1706,0.1674,0.1633,0.1597,0.1562,0.1522,0.1474,0.1434,0.1396,0.133,0.1267,0.1201,0.1134,0.1046,0.0989,0.0914,0.0864,0.0814,0.0768,0.0727,0.0687,0.0643,0.0581,0.0513,0.0465,0.0418,0.0382,0.0343,0.0308,0.0301,0.0286,0.0272,0.0257,0.0252,0.0248,0.0243,0.0238,0.022,0.0194,0.0177,0.0168,0.016,0.0154,0.0155,0.0147,0.0133,0.0121,0.011,0.0099,0.0088,0.0076,0.0069,0.0061,0.0054,0.0046,0.0039,0.0032,0.0026,0.002,0.0015,0.0012,0.0008,0.0005,0.0003,0.0001,0.0,0.0,0.0,0.0,0.0,0.0001,0.0,0.0,0.0,0.0,0.0,0.0,0.0
0.1911,0.1873,0.1835,0.1796,0.1755,0.1728,0.1695,0.1652,0.16,0.1574,0.156,0.1544,0.1526,0.1522,0.1514,0.1469,0.1403,0.133,0.1278,0.1232,0.1191,0.118,0.1124,0.1049,0.095,0.0862,0.0791,0.0751,0.0708,0.0673,0.0644,0.0625,0.0614,0.0599,0.0578,0.0554,0.052,0.0487,0.0451,0.0422,0.04,0.0357,0.0322,0.03,0.0283,0.0266,0.0242,0.0209,0.0182,0.0158,0.0141,0.013,0.0123,0.0118,0.0112,0.0096,0.0077,0.0057,0.0045,0.0039,0.0035,0.0032,0.0029,0.0023,0.0019,0.0017,0.0015,0.0013,0.0011,0.0009,0.0007,0.0005,0.0004,0.0003,0.0002,0.0001,0.0001,0.0,0.0,0.0,0.0,0.0,0.0,0.0,0.0,0.0,0.0,0.0,0.0,0.0
0.0784,0.0802,0.0805,0.0786,0.0746,0.072,0.0703,0.0688,0.0674,0.0658,0.0642,0.0625,0.0609,0.0597,0.0588,0.0575,0.0553,0.0536,0.053,0.0512,0.0492,0.048,0.0468,0.0454,0.0438,0.0427,0.0415,0.0407,0.0404,0.04,0.0397,0.0393,0.039,0.0387,0.0386,0.0386,0.0387,0.0391,0.0393,0.0393,0.039,0.0381,0.0375,0.0372,0.0371,0.037,0.0364,0.0358,0.0356,0.0356,0.0355,0.0352,0.0345,0.0324,0.0304,0.0294,0.0309,0.0334,0.0333,0.033,0.0324,0.0318,0.0314,0.0322,0.0327,0.0327,0.0328,0.0329,0.0331,0.0333,0.033,0.0327,0.033,0.0331,0.0332,0.0336,0.0337,0.0336,0.0335,0.0336,0.0337,0.0334,0.0339,0.0339,0.0335,0.0334,0.0329,0.0323,0.031,0.0294
0.4556,0.4569,0.4659,0.4759,0.4879,0.4983,0.5061,0.5129,0.5202,0.5241,0.5251,0.5248,0.5249,0.5234,0.5196,0.5163,0.5154,0.5144,0.5121,0.5116,0.5153,0.5172,0.5176,0.5138,0.508,0.5043,0.5017,0.498,0.4965,0.4937,0.4899,0.4862,0.4809,0.4739,0.4672,0.4656,0.4748,0.49,0.5023,0.5087,0.5067,0.505,0.5097,0.5129,0.513,0.5129,0.5147,0.5165,0.5196,0.5236,0.5243,0.5234,0.5227,0.5109,0.4985,0.4921,0.4943,0.4987,0.4985,0.4988,0.4988,0.5033,0.5093,0.518,0.5274,0.534,0.5363,0.538,0.5395,0.5393,0.5362,0.5332,0.5319,0.5299,0.5294,0.5303,0.5297,0.5278,0.5253,0.5231,0.5196,0.5144,0.5098,0.503,0.4969,0.4954,0.4929,0.4872,0.4791,0.4805
0.546,0.5487,0.5516,0.5514,0.5484,0.5414,0.5359,0.5368,0.5373,0.5367,0.5372,0.5389,0.5378,0.5368,0.5354,0.5349,0.5351,0.5339,0.5313,0.5295,0.5283,0.5197,0.5174,0.5158,0.5138,0.512,0.5063,0.4955,0.4904,0.4875,0.4779,0.4721,0.4718,0.4704,0.4663,0.4613,0.4539,0.4427,0.4232,0.4055,0.4003,0.3989,0.3891,0.3818,0.3659,0.35,0.3393,0.3294,0.3166,0.3015,0.2915,0.2854,0.2819,0.2859,0.288,0.2836,0.2714,0.2555,0.242,0.2285,0.2151,0.1982,0.1804,0.1616,0.1406,0.1211,0.1086,0.0958,0.0837,0.0744,0.0678,0.0638,0.0589,0.0557,0.054,0.0514,0.05,0.051,0.0512,0.0548,0.0584,0.059,0.0596,0.0631,0.063,0.0618,0.0627,0.0686,0.0756,0.0833
0.5839,0.5812,0.5659,0.5489,0.5217,0.4864,0.462,0.4433,0.421,0.3883,0.3699,0.3483,0.3267,0.306,0.2967,0.2909,0.2784,0.2695,0.2557,0.2438,0.2271,0.2083,0.1964,0.1866,0.1785,0.1698,0.1613,0.1554,0.1506,0.1417,0.134,0.1285,0.1246,0.1218,0.1195,0.1147,0.1054,0.092,0.0801,0.0718,0.0674,0.0642,0.0583,0.0523,0.047,0.0432,0.0386,0.0356,0.0338,0.0322,0.0314,0.0312,0.0303,0.03,0.0289,0.0278,0.0265,0.0252,0.0254,0.0263,0.0267,0.0271,0.0285,0.0295,0.03,0.0304,0.03,0.0285,0.0269,0.0253,0.0224,0.0207,0.0197,0.0186,0.0171,0.0165,0.0158,0.0151,0.0143,0.0139,0.0138,0.0133,0.012,0.0107,0.01,0.0092,0.0085,0.0081,0.0079,0.0075
0.4751,0.4567,0.442,0.4272,0.4104,0.3884,0.3713,0.3619,0.3583,0.3491,0.3352,0.3246,0.3088,0.2896,0.2686,0.2454,0.2222,0.1975,0.1804,0.1684,0.1613,0.1543,0.1486,0.1445,0.1405,0.1373,0.133,0.1298,0.1275,0.127,0.1258,0.1229,0.1204,0.1191,0.1168,0.1134,0.1102,0.1065,0.1039,0.1022,0.1008,0.0988,0.0955,0.092,0.0896,0.0865,0.0838,0.081,0.0785,0.0757,0.0733,0.0722,0.0716,0.0696,0.0671,0.0651,0.0636,0.0607,0.0577,0.0552,0.0523,0.0494,0.0447,0.0385,0.0338,0.0281,0.0224,0.0174,0.0126,0.0098,0.0077,0.0059,0.0049,0.0044,0.0036,0.0028,0.0021,0.0019,0.0016,0.0015,0.0015,0.0017,0.0016,0.0017,0.0014,0.0011,0.001,0.0011,0.0012,0.001
0.4907,0.4777,0.4653,0.4547,0.4414,0.4272,0.4176,0.4074,0.39,0.3663,0.3461,0.3316,0.3171,0.3032,0.2847,0.2667,0.2494,0.2399,0.2377,0.2293,0.2203,0.212,0.2048,0.1964,0.1841,0.1707,0.1572,0.1414,0.1294,0.1178,0.1098,0.1027,0.0953,0.089,0.0848,0.0805,0.0748,0.0704,0.0679,0.0651,0.062,0.0613,0.0599,0.0549,0.0511,0.0487,0.0444,0.0388,0.0328,0.0289,0.0243,0.0209,0.0188,0.0159,0.0128,0.0102,0.0075,0.0068,0.0057,0.004,0.0024,0.0013,0.0003,0.0,0.0,0.0,0.0,0.0,0.0,0.0,0.0,0.0,0.0,0.0,0.0002,0.0002,0.0003,0.0004,0.0004,0.0002,0.0001,0.0001,0.0001,0.0,0.0,0.0,0.0001,0.0002,0.0004,0.0004
0.3626,0.3536,0.3422,0.3275,0.3184,0.3116,0.3003,0.2876,0.274,0.2627,0.2515,0.2395,0.2293,0.2198,0.208,0.1944,0.1811,0.1692,0.1528,0.1391,0.124,0.1071,0.0923,0.0791,0.0674,0.0596,0.0544,0.0503,0.0482,0.0467,0.044,0.041,0.0385,0.0373,0.0359,0.0348,0.0341,0.0338,0.0335,0.0332,0.0322,0.0306,0.0296,0.0293,0.0286,0.0276,0.027,0.0262,0.0253,0.0243,0.0229,0.0218,0.0205,0.0196,0.0183,0.0172,0.016,0.0141,0.0125,0.0107,0.0094,0.0075,0.0049,0.0037,0.002,0.0009,0.0011,0.0024,0.0039,0.0049,0.0057,0.0063,0.007,0.0078,0.0085,0.0079,0.0073,0.0078,0.0082,0.0087,0.0087,0.0091,0.0086,0.0081,0.0077,0.0074,0.0075,0.0087,0.0096,0.0093
