0.5133,0.504,0.4853,0.4645,0.4473,0.4305,0.4179,0.4081,0.397,0.3905,0.3807,0.3678,0.3564,0.3403,0.3239,0.3109,0.298,0.2838,0.2676,0.2509,0.2355,0.2231,0.2069,0.186,0.1656,0.1469,0.1387,0.1288,0.1155,0.1011,0.0856,0.0766,0.0648,0.0541,0.0433,0.0335,0.025,0.0175,0.0105,0.0061,0.0038,0.0021,0.001,0.0002,0.0,0.0,0.0,0.0,0.0,0.0,0.0,0.0,0.0,0.0,0.0,0.0,0.0,0.0,0.0,0.0,0.0,0.0,0.0,0.0,0.0,0.0,0.0,0.0,0.0,0.0,0.0001,0.0001,0.0001,0.0001,0.0,0.0,0.0,0.0,0.0,0.0,0.0,0.0,0.0,0.0,0.0,0.0,0.0,0.0,0.0,0.0
0.4985,0.4957,0.4908,0.4863,0.4809,0.4712,0.4643,0.4561,0.4449,0.4347,0.4235,0.4084,0.3948,0.3786,0.3595,0.342,0.3273,0.3085,0.2869,0.2619,0.2413,0.2209,0.1987,0.1749,0.1509,0.1268,0.1092,0.0915,0.0763,0.0662,0.059,0.0506,0.0439,0.0383,0.0365,0.0336,0.0286,0.022,0.0154,0.0098,0.0077,0.0071,0.0064,0.0039,0.0027,0.0009,0.0008,0.0011,0.0018,0.0025,0.0028,0.0034,0.004,0.004,0.004,0.0047,0.0046,0.0052,0.0061,0.0071,0.0075,0.0074,0.0071,0.0064,0.0058,0.005,0.0039,0.0033,0.0025,0.0017,0.0012,0.0007,0.0004,0.0002,0.0001,0.0001,0.0001,0.0,0.0001,0.0,0.0,0.0,0.0,0.0,0.0,0.0,0.0,0.0,0.0,0.0
0.4139,0.4043,0.3973,0.3934,0.3875,0.3849,0.3791,0.3754,0.3701,0.3647,0.3602,0.3559,0.3481,0.3422,0.3329,0.3218,0.3101,0.3026,0.2961,0.2907,0.2874,0.2863,0.2807,0.2725,0.2641,0.2519,0.2373,0.227,0.2198,0.2149,0.2102,0.2051,0.1991,0.1911,0.181,0.1748,0.1663,0.1541,0.1408,0.1263,0.1134,0.1034,0.0912,0.0767,0.0724,0.0612,0.0507,0.0439,0.0365,0.0278,0.0232,0.0196,0.0145,0.0115,0.0096,0.0084,0.007,0.006,0.0045,0.0032,0.002,0.0009,0.0003,0.0001,0.0001,0.0,0.0,0.0,0.0,0.0,0.0,0.0001,0.0002,0.0006,0.0006,0.0008,0.0014,0.0017,0.002,0.0022,0.0024,0.0026,0.0028,0.0029,0.0031,0.0034,0.0037,0.0039,0.0044,0.005
0.3273,0.3229,0.3191,0.3166,0.3137,0.3094,0.3042,0.3008,0.2991,0.2987,0.3012,0.3017,0.3015,0.2993,0.2976,0.292,0.2859,0.2793,0.2721,0.2668,0.2568,0.2434,0.2336,0.2277,0.2214,0.2172,0.2135,0.2046,0.191,0.1745,0.1599,0.1469,0.1359,0.1256,0.1156,0.1052,0.0974,0.0903,0.0841,0.078,0.0693,0.0592,0.0512,0.0451,0.0407,0.0377,0.0347,0.0318,0.0287,0.0271,0.0269,0.0276,0.0272,0.0269,0.0271,0.0275,0.0275,0.0286,0.0293,0.0293,0.03,0.0312,0.0311,0.031,0.0311,0.031,0.0308,0.0304,0.0299,0.0292,0.029,0.0272,0.0261,0.0248,0.0238,0.0226,0.0217,0.021,0.0202,0.0188,0.0174,0.0164,0.0156,0.0145,0.0133,0.0123,0.0115,0.0105,0.0098,0.0087
0.1753,0.1714,0.1659,0.1616,0.1556,0.1475,0.1414,0.1363,0.1334,0.1317,0.1291,0.1246,0.1215,0.119,0.1153,0.1107,0.1035,0.0919,0.084,0.0742,0.0668,0.0638,0.0623,0.0601,0.0584,0.0562,0.0543,0.0528,0.0521,0.0524,0.0538,0.0559,0.0576,0.0578,0.0576,0.0567,0.0558,0.0555,0.0553,0.0559,0.0567,0.0565,0.056,0.0552,0.0544,0.0521,0.0514,0.0496,0.0481,0.047,0.0456,0.0438,0.0412,0.04,0.0395,0.0386,0.0376,0.0356,0.0331,0.0314,0.0299,0.0265,0.0241,0.0227,0.0212,0.0197,0.0182,0.0169,0.0156,0.0144,0.0132,0.0113,0.0089,0.0072,0.0063,0.0055,0.0044,0.0037,0.0028,0.0016,0.0009,0.0006,0.0002,0.0001,0.0,0.0,0.0,0.0,0.0,0.0
0.1109,0.1068,0.1054,0.1034,0.1008,0.0969,0.094,0.0917,0.0895,0.0871,0.0849,0.0837,0.0824,0.0817,0.0804,0.0791,0.0784,0.0768,0.073,0.0684,0.0656,0.0636,0.0629,0.0627,0.0635,0.0642,0.0636,0.0626,0.0617,0.0595,0.0563,0.0529,0.0507,0.0494,0.0485,0.0481,0.0471,0.0453,0.0436,0.0418,0.0409,0.0394,0.0374,0.0356,0.0337,0.0317,0.0297,0.0283,0.0263,0.0238,0.0213,0.0177,0.0161,0.0152,0.0138,0.0122,0.0115,0.0099,0.0079,0.0066,0.0039,0.0015,0.0005,0.0002,0.0,0.0,0.0,0.0,0.0,0.0,0.0,0.0,0.0,0.0,0.0,0.0,0.0,0.0,0.0,0.0,0.0,0.0,0.0,0.0,0.0,0.0,0.0,0.0,0.0,0.0
0.0993,0.0945,0.0902,0.0871,0.0848,0.0823,0.0807,0.0794,0.0786,0.0776,0.0769,0.0746,0.0724,0.0702,0.0682,0.0657,0.0633,0.0605,0.0576,0.0547,0.0509,0.048,0.0441,0.0406,0.0381,0.0359,0.0347,0.0329,0.0305,0.0285,0.026,0.024,0.0223,0.0209,0.0198,0.0185,0.017,0.015,0.0131,0.0115,0.0087,0.0062,0.0047,0.0033,0.0022,0.0015,0.0009,0.0006,0.0004,0.0002,0.0001,0.0001,0.0,0.0,0.0,0.0,0.0,0.0,0.0,0.0,0.0,0.0,0.0,0.0,0.0,0.0,0.0,0.0,0.0,0.0,0.0,0.0,0.0,0.0,0.0,0.0,0.0,0.0,0.0,0.0,0.0,0.0,0.0,0.0,0.0,0.0,0.0,0.0,0.0,0.0
0.0823,0.0809,0.0801,0.08,0.0794,0.0786,0.0778,0.078,0.0783,0.079,0.0782,0.0774,0.0759,0.0752,0.0744,0.0734,0.0712,0.0692,0.0672,0.0665,0.0654,0.0671,0.0664,0.0672,0.0667,0.0658,0.0646,0.064,0.0632,0.0627,0.0615,0.0601,0.0578,0.0552,0.0532,0.0521,0.0504,0.0476,0.0454,0.0428,0.0395,0.0375,0.0359,0.0339,0.0318,0.0291,0.0262,0.023,0.02,0.0172,0.0147,0.0124,0.01,0.0082,0.0061,0.0043,0.0032,0.0023,0.0016,0.0009,0.0005,0.0003,0.0002,0.0,0.0,0.0,0.0,0.0,0.0,0.0,0.0,0.0,0.0,0.0,0.0,0.0,0.0,0.0,0.0,0.0,0.0,0.0,0.0,0.0,0.0,0.0,0.0,0.0,0.0,0.0
0.0873,0.0858,0.0848,0.0837,0.0825,0.0823,0.082,0.0817,0.0823,0.0832,0.0836,0.0835,0.0824,0.0801,0.0789,0.0779,0.0773,0.0765,0.0746,0.0722,0.0701,0.0666,0.0628,0.0606,0.0582,0.0589,0.06,0.0603,0.0606,0.0609,0.0595,0.0578,0.0555,0.0544,0.0516,0.0472,0.0437,0.0414,0.0402,0.0379,0.0347,0.0316,0.029,0.0266,0.0232,0.0207,0.0195,0.0174,0.0147,0.0129,0.0112,0.0091,0.0072,0.0058,0.004,0.0032,0.0028,0.0025,0.002,0.0019,0.0017,0.0016,0.0014,0.0013,0.0012,0.0011,0.0009,0.0008,0.0008,0.0007,0.0006,0.0006,0.0005,0.0004,0.0002,0.0001,0.0,0.0,0.0,0.0,0.0,0.0,0.0,0.0,0.0,0.0,0.0,0.0,0.0,0.0
0.1196,0.1186,0.1172,0.1159,0.1156,0.1152,0.115,0.1146,0.1137,0.1126,0.111,0.1096,0.1089,0.1074,0.1053,0.1037,0.1029,0.1019,0.1009,0.0995,0.0973,0.0939,0.0925,0.0882,0.0854,0.082,0.0785,0.0755,0.0713,0.0659,0.0629,0.0605,0.0577,0.0536,0.0505,0.0479,0.0457,0.0429,0.0405,0.0373,0.0348,0.032,0.0288,0.0253,0.0234,0.0213,0.0179,0.015,0.0127,0.0108,0.0076,0.0057,0.005,0.0045,0.0034,0.0021,0.0015,0.0013,0.001,0.0005,0.0003,0.0001,0.0,0.0,0.0,0.0,0.0,0.0,0.0,0.0,0.0,0.0,0.0,0.0,0.0,0.0,0.0,0.0,0.0,0.0,0.0,0.0,0.0,0.0,0.0,0.0,0.0,0.0,0.0,0.0
0.0974,0.0947,0.0924,0.0895,0.0862,0.0821,0.0778,0.0715,0.0649,0.0587,0.0536,0.0501,0.0475,0.0456,0.0444,0.0423,0.0403,0.0386,0.0375,0.0373,0.0378,0.0369,0.0354,0.0336,0.0314,0.0285,0.0271,0.0257,0.0244,0.0228,0.0217,0.0207,0.0202,0.0191,0.018,0.0163,0.0144,0.0122,0.0098,0.0079,0.0057,0.0041,0.0027,0.0017,0.0008,0.0006,0.0003,0.0002,0.0001,0.0001,0.0001,0.0001,0.0,0.0,0.0,0.0,0.0,0.0,0.0,0.0,0.0,0.0,0.0,0.0,0.0,0.0,0.0,0.0,0.0,0.0,0.0,0.0,0.0,0.0,0.0,0.0,0.0,0.0,0.0,0.0,0.0,0.0,0.0,0.0,0.0,0.0,0.0,0.0,0.0,0.0
0.0846,0.0833,0.0816,0.08,0.0774,0.0744,0.0728,0.0704,0.0682,0.0655,0.0625,0.0614,0.0616,0.0607,0.0588,0.0563,0.0541,0.0527,0.051,0.0486,0.0457,0.0434,0.0403,0.0381,0.0368,0.0337,0.0319,0.0293,0.0269,0.0245,0.0223,0.0197,0.0161,0.0132,0.0107,0.0084,0.0058,0.004,0.0027,0.0017,0.0007,0.0003,0.0,0.0,0.0,0.0,0.0,0.0,0.0,0.0,0.0,0.0,0.0,0.0,0.0,0.0,0.0,0.0,0.0,0.0,0.0,0.0,0.0,0.0,0.0,0.0,0.0,0.0,0.0,0.0,0.0,0.0,0.0,0.0,0.0,0.0,0.0,0.0,0.0,0.0,0.0,0.0,0.0,0.0,0.0,0.0,0.0,0.0,0.0,0.0
0.0927,0.0917,0.0874,0.083,0.0797,0.0758,0.0713,0.0674,0.0641,0.0613,0.0588,0.0551,0.0489,0.0435,0.0394,0.0362,0.0334,0.0311,0.0288,0.0268,0.0245,0.0225,0.0212,0.0187,0.0166,0.0146,0.0123,0.0098,0.008,0.0058,0.0041,0.0024,0.0009,0.0001,0.0,0.0,0.0,0.0,0.0,0.0,0.0,0.0,0.0,0.0,0.0,0.0,0.0,0.0,0.0,0.0,0.0,0.0,0.0,0.0,0.0,0.0,0.0,0.0,0.0,0.0,0.0,0.0,0.0,0.0,0.0,0.0,0.0,0.0,0.0,0.0,0.0,0.0,0.0,0.0,0.0,0.0,0.0,0.0,0.0,0.0,0.0,0.0,0.0,0.0,0.0,0.0,0.0,0.0,0.0001,0.0001
0.0587,0.0521,0.0471,0.0462,0.0456,0.0453,0.0439,0.0421,0.0408,0.0394,0.0377,0.0357,0.0323,0.0288,0.0263,0.0254,0.0247,0.0237,0.0229,0.0224,0.0226,0.0225,0.021,0.0184,0.0171,0.0156,0.015,0.0154,0.0155,0.0153,0.016,0.0176,0.0193,0.0199,0.0207,0.022,0.022,0.0225,0.0213,0.0212,0.0204,0.0203,0.0204,0.0201,0.0191,0.017,0.0148,0.0149,0.0157,0.0158,0.0163,0.016,0.0154,0.0141,0.0143,0.0145,0.0144,0.0139,0.0129,0.0125,0.0124,0.0129,0.014,0.0146,0.0138,0.0144,0.0161,0.017,0.0177,0.0181,0.0192,0.0197,0.02,0.0202,0.0204,0.0213,0.0211,0.0201,0.0209,0.0212,0.0216,0.0224,0.023,0.0231,0.0238,0.0242,0.0237,0.0249,0.0258,0.0247
0.0821,0.0838,0.0867,0.0917,0.0957,0.0987,0.0998,0.0994,0.099,0.0989,0.1009,0.1059,0.1086,0.1098,0.1119,0.114,0.1153,0.1145,0.1132,0.1132,0.1142,0.1153,0.1152,0.1105,0.1047,0.1,0.0951,0.0957,0.0967,0.0926,0.0886,0.0854,0.0855,0.0861,0.0849,0.0873,0.0859,0.0856,0.0844,0.0792,0.0762,0.0723,0.0702,0.0707,0.0731,0.0711,0.068,0.0659,0.0653,0.0667,0.0696,0.0707,0.071,0.0702,0.0679,0.0688,0.0689,0.0687,0.0676,0.0662,0.0644,0.0635,0.0639,0.0639,0.0628,0.0597,0.0599,0.059,0.059,0.0585,0.0578,0.0567,0.0551,0.0539,0.0531,0.0521,0.0507,0.0504,0.0484,0.0474,0.0475,0.0471,0.0481,0.0496,0.0507,0.0516,0.0516,0.0518,0.0522,0.0524
0.1995,0.1924,0.1861,0.1825,0.1812,0.1817,0.1827,0.183,0.1836,0.1857,0.1914,0.1912,0.1879,0.1836,0.1805,0.1801,0.1812,0.1834,0.1835,0.1813,0.1774,0.1755,0.1751,0.1756,0.173,0.1723,0.1702,0.1653,0.162,0.16,0.1566,0.1526,0.1487,0.1454,0.142,0.1389,0.134,0.1318,0.1299,0.1281,0.1279,0.1265,0.123,0.1186,0.1162,0.1152,0.1131,0.112,0.1081,0.1054,0.1042,0.1031,0.1013,0.0998,0.0974,0.0924,0.09,0.0895,0.0905,0.0902,0.0883,0.0833,0.0781,0.0755,0.0741,0.0737,0.0704,0.0694,0.0676,0.0658,0.0633,0.061,0.0595,0.0577,0.0562,0.0556,0.0535,0.0527,0.0523,0.0517,0.0512,0.0502,0.0481,0.0462,0.0449,0.0436,0.0444,0.0464,0.0457,0.0418
0.2777,0.2684,0.2594,0.254,0.2504,0.2485,0.2491,0.2512,0.2563,0.2626,0.2596,0.2547,0.249,0.2444,0.2385,0.2342,0.2348,0.2342,0.2296,0.2218,0.2174,0.2137,0.2126,0.2128,0.2074,0.2021,0.1966,0.1919,0.1948,0.1992,0.2001,0.1976,0.1905,0.1824,0.1761,0.1706,0.165,0.1582,0.1502,0.1479,0.1449,0.1414,0.1359,0.1302,0.1235,0.1179,0.1125,0.1087,0.1029,0.0954,0.0902,0.0866,0.0845,0.0823,0.0804,0.0767,0.0726,0.0699,0.0663,0.0625,0.0594,0.0568,0.0527,0.0476,0.0438,0.0409,0.0367,0.0325,0.0284,0.0266,0.0256,0.0254,0.0243,0.023,0.0214,0.0204,0.0185,0.0159,0.0139,0.0125,0.0111,0.0103,0.0094,0.0094,0.0087,0.0076,0.0071,0.0076,0.0068,0.0069
0.3213,0.3161,0.3138,0.3086,0.3047,0.3013,0.2972,0.2964,0.2989,0.2934,0.2878,0.2817,0.2751,0.2698,0.2637,0.2573,0.2506,0.2452,0.2431,0.2426,0.2427,0.2423,0.2432,0.2454,0.2457,0.2375,0.2319,0.2285,0.2287,0.2258,0.2265,0.2249,0.2225,0.2176,0.2099,0.1997,0.1931,0.1864,0.1813,0.176,0.1715,0.1668,0.1617,0.1562,0.1496,0.1458,0.1412,0.1352,0.1316,0.1207,0.113,0.1081,0.1035,0.0992,0.0986,0.0969,0.093,0.0897,0.0894,0.0895,0.0891,0.0857,0.0804,0.0752,0.0737,0.0711,0.0686,0.0664,0.0642,0.0623,0.0645,0.0675,0.0689,0.0703,0.0705,0.0703,0.0704,0.0679,0.0632,0.0609,0.0569,0.0551,0.0599,0.0661,0.0689,0.0692,0.0692,0.0693,0.0707,0.0724
0.3664,0.366,0.3623,0.3569,0.3555,0.3542,0.3508,0.3476,0.3452,0.348,0.3481,0.3444,0.3434,0.3438,0.3467,0.347,0.3432,0.339,0.3376,0.3366,0.3359,0.3352,0.3363,0.3335,0.3301,0.3288,0.3294,0.3329,0.3301,0.3294,0.3264,0.3213,0.3132,0.3085,0.3015,0.29,0.2804,0.2654,0.2588,0.2492,0.2443,0.2398,0.2339,0.2282,0.2242,0.218,0.2124,0.208,0.2051,0.1976,0.1878,0.1806,0.1742,0.1695,0.167,0.1655,0.1611,0.1533,0.1474,0.1465,0.1433,0.138,0.1346,0.1312,0.1264,0.1249,0.1213,0.1181,0.1144,0.1092,0.1054,0.1018,0.1029,0.1072,0.1093,0.1086,0.1075,0.1077,0.1062,0.1026,0.1014,0.1005,0.0983,0.0957,0.0917,0.0941,0.095,0.095,0.0938,0.0919
0.4651,0.4581,0.4503,0.4452,0.4389,0.4348,0.4298,0.4273,0.4189,0.4116,0.4033,0.3982,0.3946,0.3938,0.3907,0.3881,0.3842,0.38,0.3745,0.3705,0.3705,0.372,0.3679,0.357,0.3491,0.3445,0.3448,0.3453,0.3485,0.3491,0.3443,0.3394,0.3362,0.3348,0.3352,0.333,0.3287,0.3186,0.2997,0.3049,0.3004,0.2942,0.2864,0.2783,0.2691,0.2518,0.2451,0.2402,0.242,0.251,0.2259,0.2114,0.2015,0.1924,0.1853,0.1753,0.1643,0.1524,0.1426,0.1341,0.125,0.1183,0.1143,0.11,0.106,0.1025,0.0969,0.0934,0.0908,0.0827,0.0758,0.0688,0.0625,0.0606,0.0599,0.0583,0.0575,0.0559,0.0568,0.0549,0.0525,0.0515,0.0484,0.0457,0.0419,0.0393,0.0403,0.0405,0.0383,0.0348
0.4422,0.4438,0.4426,0.4416,0.4361,0.4282,0.4228,0.4139,0.4062,0.3986,0.3915,0.3874,0.3821,0.3745,0.3687,0.3639,0.3583,0.3533,0.3532,0.3546,0.354,0.3546,0.3448,0.333,0.325,0.3173,0.3145,0.3113,0.3055,0.2959,0.2852,0.2769,0.2742,0.2733,0.2676,0.2614,0.257,0.2534,0.2431,0.2394,0.2289,0.2185,0.2089,0.1992,0.1894,0.1787,0.1719,0.1635,0.1578,0.1547,0.1465,0.14,0.1341,0.1257,0.1183,0.11,0.1048,0.1012,0.0945,0.0851,0.077,0.0717,0.0679,0.0672,0.0662,0.0633,0.0623,0.0599,0.0612,0.0616,0.0604,0.0572,0.0551,0.0527,0.0494,0.0457,0.0421,0.0392,0.0372,0.0352,0.0342,0.0335,0.0319,0.0301,0.0291,0.0282,0.0278,0.027,0.0273,0.0268
0.4495,0.4464,0.4477,0.451,0.4498,0.4445,0.4406,0.4374,0.433,0.4268,0.4197,0.4126,0.4055,0.3978,0.39,0.3879,0.3877,0.3837,0.3841,0.3814,0.3782,0.3691,0.3568,0.3436,0.3336,0.3239,0.3104,0.2977,0.2853,0.2724,0.2614,0.2528,0.2479,0.2407,0.2342,0.228,0.2215,0.2169,0.2084,0.2022,0.1925,0.1804,0.1721,0.1627,0.1519,0.1432,0.1353,0.1279,0.1224,0.1194,0.1131,0.1072,0.1017,0.0935,0.0878,0.0836,0.0786,0.0728,0.0642,0.0562,0.0527,0.0502,0.0483,0.0459,0.0449,0.0433,0.0412,0.0383,0.0374,0.0353,0.0325,0.0299,0.028,0.026,0.0244,0.0225,0.0208,0.0194,0.0202,0.0188,0.0153,0.0131,0.0116,0.0108,0.0096,0.0084,0.0072,0.0061,0.0054,0.005
0.3903,0.3814,0.3734,0.3675,0.3666,0.3639,0.3621,0.3627,0.3615,0.3571,0.3519,0.3462,0.3431,0.342,0.338,0.3338,0.3302,0.331,0.3264,0.3225,0.312,0.2967,0.2908,0.2867,0.2836,0.2755,0.2642,0.2527,0.2416,0.2299,0.224,0.2191,0.2127,0.2023,0.1952,0.1902,0.1856,0.1821,0.1765,0.1708,0.1674,0.1616,0.1563,0.1516,0.147,0.1423,0.1379,0.1326,0.1277,0.1223,0.1213,0.114,0.11,0.1073,0.1022,0.0979,0.0931,0.0886,0.0851,0.0804,0.076,0.071,0.0657,0.0609,0.0576,0.0549,0.0526,0.05,0.0486,0.0484,0.0456,0.043,0.0407,0.0389,0.0362,0.0337,0.0309,0.0292,0.0261,0.0231,0.0211,0.0193,0.0175,0.0167,0.0156,0.0142,0.0124,0.0112,0.0103,0.0103
0.2868,0.2854,0.2837,0.283,0.2845,0.2862,0.2899,0.2889,0.2873,0.2844,0.2817,0.2789,0.2776,0.2752,0.2715,0.265,0.2576,0.2514,0.2428,0.2353,0.2271,0.2191,0.2136,0.2089,0.2032,0.1996,0.1935,0.1878,0.1799,0.1718,0.1693,0.1678,0.1608,0.1507,0.1434,0.136,0.1297,0.1265,0.1231,0.1168,0.1099,0.1025,0.0936,0.0863,0.0827,0.0785,0.0723,0.0644,0.0579,0.0517,0.0529,0.0495,0.0423,0.0382,0.0313,0.0233,0.0168,0.0146,0.0128,0.0106,0.0084,0.0062,0.0042,0.0026,0.0015,0.0009,0.0006,0.0005,0.0005,0.0007,0.0008,0.0008,0.0007,0.0008,0.0006,0.0004,0.0003,0.0004,0.0003,0.0001,0.0001,0.0,0.0,0.0,0.0,0.0,0.0,0.0,0.0,0.0
0.2145,0.2074,0.201,0.1968,0.1904,0.1842,0.1779,0.1699,0.1626,0.1563,0.1506,0.1471,0.1434,0.139,0.1358,0.1322,0.1271,0.1206,0.1148,0.1073,0.1023,0.0992,0.0962,0.0945,0.0944,0.0941,0.0922,0.0858,0.0805,0.076,0.0715,0.0667,0.0616,0.0578,0.0545,0.051,0.0478,0.0456,0.0443,0.0421,0.0387,0.0356,0.0324,0.031,0.0293,0.0268,0.025,0.0229,0.021,0.0197,0.0177,0.0153,0.0154,0.0154,0.0153,0.0151,0.0141,0.0128,0.0125,0.013,0.0137,0.0156,0.0159,0.0155,0.015,0.0146,0.0138,0.013,0.0121,0.0114,0.0106,0.0105,0.0099,0.0089,0.0081,0.0076,0.0065,0.0056,0.0047,0.0038,0.0031,0.0025,0.0019,0.0017,0.0014,0.0014,0.0013,0.0012,0.0011,0.0008
0.1598,0.1569,0.1549,0.1542,0.1501,0.1445,0.1401,0.1371,0.135,0.1333,0.1321,0.1305,0.1289,0.1275,0.1274,0.1265,0.1255,0.1243,0.1224,0.1206,0.1192,0.1184,0.1164,0.1158,0.1162,0.1153,0.1142,0.1119,0.1076,0.1037,0.1035,0.101,0.0977,0.0947,0.0925,0.0904,0.0869,0.0828,0.0822,0.0805,0.0782,0.0733,0.0711,0.0682,0.0663,0.0641,0.0616,0.0587,0.0558,0.0543,0.0541,0.0535,0.052,0.0499,0.0476,0.0447,0.042,0.0404,0.0382,0.0356,0.0341,0.0301,0.0271,0.024,0.022,0.0188,0.0162,0.0142,0.0131,0.0119,0.011,0.0093,0.0067,0.0046,0.0033,0.0023,0.0012,0.0003,0.0001,0.0001,0.0004,0.0006,0.0003,0.0001,0.0001,0.0001,0.0,0.0,0.0,0.0
0.1389,0.1404,0.1423,0.1421,0.1387,0.1345,0.1297,0.1261,0.1226,0.1194,0.1176,0.1167,0.1172,0.1168,0.1151,0.1131,0.1118,0.1106,0.1086,0.107,0.1048,0.1028,0.1009,0.0999,0.0977,0.0987,0.1002,0.101,0.1002,0.0989,0.0966,0.0943,0.0918,0.0901,0.0881,0.0852,0.0827,0.0796,0.0752,0.0735,0.0708,0.0675,0.0643,0.0615,0.0591,0.0568,0.0542,0.0517,0.049,0.0468,0.0449,0.0441,0.0395,0.0353,0.0322,0.0279,0.0242,0.0219,0.0196,0.0182,0.0156,0.0125,0.0093,0.0074,0.0059,0.0042,0.003,0.0021,0.0016,0.0011,0.0008,0.0004,0.0002,0.0001,0.0002,0.0001,0.0001,0.0,0.0,0.0,0.0,0.0,0.0,0.0,0.0,0.0,0.0,0.0,0.0,0.0
0.2096,0.2067,0.2028,0.198,0.1948,0.19,0.1852,0.1819,0.1789,0.1764,0.174,0.172,0.1695,0.1665,0.1642,0.1623,0.1606,0.1599,0.1592,0.1578,0.1562,0.1534,0.1516,0.1509,0.1487,0.1461,0.1421,0.1364,0.1313,0.1264,0.1209,0.1157,0.1129,0.1111,0.1082,0.1039,0.1,0.1001,0.0953,0.0925,0.09,0.0852,0.0793,0.0733,0.0685,0.0643,0.0593,0.0547,0.0498,0.0461,0.0424,0.0392,0.0384,0.035,0.0319,0.0276,0.0257,0.0244,0.022,0.0203,0.0177,0.0157,0.0121,0.0098,0.0086,0.0075,0.0066,0.0061,0.0058,0.0054,0.0042,0.0038,0.0037,0.0023,0.0021,0.001,0.0004,0.0003,0.0003,0.0002,0.0001,0.0001,0.0,0.0002,0.0003,0.0003,0.0003,0.0002,0.0001,0.0002
0.18,0.1757,0.1705,0.1669,0.1622,0.1593,0.1558,0.1524,0.1492,0.1453,0.1421,0.1383,0.1325,0.1275,0.1242,0.1213,0.118,0.1145,0.1102,0.1061,0.1025,0.1007,0.0974,0.0944,0.0942,0.0885,0.083,0.0763,0.0705,0.0665,0.0614,0.0559,0.0521,0.048,0.0435,0.0397,0.0376,0.0388,0.0395,0.0355,0.0337,0.0345,0.0343,0.033,0.0309,0.0294,0.0294,0.0269,0.0246,0.0225,0.0201,0.0182,0.0164,0.0149,0.0129,0.0113,0.0098,0.0079,0.0069,0.006,0.0057,0.0035,0.0023,0.0019,0.0016,0.0014,0.0011,0.0008,0.0006,0.0005,0.0004,0.0003,0.0001,0.0,0.0,0.0,0.0,0.0,0.0,0.0,0.0,0.0,0.0,0.0,0.0,0.0,0.0,0.0,0.0,0.0
0.0644,0.0653,0.0653,0.0641,0.0623,0.0605,0.0586,0.0562,0.054,0.052,0.0508,0.0492,0.0474,0.046,0.0446,0.0421,0.0396,0.0375,0.0356,0.0351,0.0358,0.0351,0.0346,0.0342,0.0337,0.0325,0.0322,0.0325,0.0324,0.0321,0.0317,0.0317,0.0321,0.0324,0.0325,0.0322,0.032,0.0319,0.0316,0.0313,0.0312,0.0309,0.0311,0.0308,0.0304,0.03,0.0295,0.0294,0.0293,0.0292,0.0295,0.0295,0.0293,0.0289,0.0291,0.0291,0.0288,0.0288,0.0294,0.0294,0.0293,0.0295,0.0289,0.0276,0.0273,0.0275,0.0281,0.028,0.0283,0.0281,0.0269,0.0241,0.0227,0.0237,0.0234,0.0247,0.0252,0.0262,0.0274,0.0276,0.0272,0.0253,0.0258,0.0274,0.0287,0.029,0.0286,0.0285,0.0285,0.0286
0.4728,0.4744,0.4827,0.4906,0.5011,0.5138,0.5245,0.5346,0.5416,0.5459,0.5475,0.5535,0.5592,0.562,0.5614,0.5578,0.5535,0.5501,0.5452,0.54,0.5354,0.5311,0.5278,0.5251,0.5239,0.5216,0.5183,0.5123,0.5105,0.5124,0.5157,0.5221,0.5262,0.5264,0.5251,0.5213,0.5175,0.5133,0.5083,0.5,0.4903,0.4777,0.4697,0.4702,0.4719,0.4689,0.4614,0.4569,0.4564,0.4529,0.4517,0.4562,0.4594,0.4599,0.4606,0.4609,0.4573,0.4519,0.4498,0.4514,0.4554,0.453,0.448,0.439,0.4276,0.4254,0.4288,0.4268,0.4209,0.4149,0.408,0.3978,0.3879,0.3861,0.3749,0.3721,0.3735,0.3739,0.3749,0.3782,0.3756,0.3746,0.3718,0.3738,0.3775,0.3769,0.3746,0.3764,0.374,0.3713
0.5645,0.5688,0.5702,0.5705,0.5733,0.5728,0.5693,0.5632,0.5585,0.5467,0.5444,0.5497,0.5515,0.5502,0.5486,0.548,0.5433,0.5389,0.5369,0.5364,0.534,0.5342,0.5335,0.5286,0.5248,0.5225,0.5162,0.5111,0.5061,0.5006,0.4968,0.4901,0.486,0.4777,0.4662,0.4585,0.4522,0.4478,0.4425,0.4377,0.4344,0.4334,0.4293,0.4221,0.414,0.4071,0.4034,0.3972,0.3882,0.3811,0.3717,0.3582,0.3463,0.3342,0.3224,0.3118,0.3049,0.3004,0.2926,0.2808,0.2662,0.2573,0.2523,0.2511,0.2499,0.2429,0.2316,0.2241,0.2203,0.2164,0.213,0.2124,0.2132,0.2067,0.2047,0.1942,0.1863,0.1824,0.1769,0.1705,0.1751,0.1758,0.1738,0.1674,0.1611,0.1573,0.1556,0.1512,0.1492,0.1456
0.621,0.6237,0.617,0.6067,0.5856,0.564,0.5412,0.5258,0.5086,0.4913,0.4768,0.4647,0.451,0.4387,0.4267,0.4178,0.4084,0.3923,0.3918,0.385,0.371,0.3573,0.3414,0.3263,0.3124,0.3016,0.2916,0.2804,0.2684,0.2585,0.2463,0.2313,0.2195,0.2079,0.1985,0.1906,0.1844,0.1752,0.1682,0.1605,0.1523,0.1477,0.1433,0.1353,0.1266,0.1202,0.1161,0.1102,0.103,0.0978,0.0936,0.088,0.0827,0.0798,0.0764,0.0736,0.0715,0.0694,0.0669,0.0634,0.0597,0.0567,0.0535,0.0504,0.0476,0.0439,0.041,0.0389,0.0367,0.0337,0.0319,0.03,0.0279,0.0257,0.0259,0.0234,0.0213,0.0198,0.0188,0.0184,0.0192,0.019,0.0186,0.0164,0.0145,0.0128,0.0121,0.0116,0.0108,0.01
0.5732,0.5622,0.5555,0.5433,0.5287,0.5218,0.5056,0.4964,0.49,0.4842,0.4769,0.4694,0.4638,0.4591,0.4549,0.4506,0.446,0.4387,0.4298,0.4181,0.405,0.394,0.3817,0.3713,0.3595,0.3454,0.3336,0.3221,0.3095,0.2935,0.2879,0.2828,0.2734,0.2625,0.2514,0.2419,0.2311,0.2216,0.2122,0.2037,0.1918,0.1826,0.1735,0.1623,0.1535,0.1506,0.1519,0.1485,0.1413,0.135,0.131,0.1267,0.1247,0.1262,0.1259,0.1225,0.1178,0.1125,0.1083,0.1044,0.1006,0.0967,0.0934,0.0883,0.0834,0.0775,0.0735,0.07,0.0647,0.0573,0.0529,0.0521,0.0478,0.0433,0.0417,0.0387,0.0343,0.0305,0.0276,0.0265,0.0257,0.0248,0.024,0.0238,0.023,0.0211,0.0198,0.0189,0.0188,0.0187
0.5795,0.5716,0.5647,0.5536,0.5413,0.5294,0.5194,0.5023,0.4872,0.4723,0.4572,0.4439,0.4311,0.4199,0.4136,0.4086,0.4055,0.4009,0.3945,0.3891,0.3841,0.3805,0.3751,0.3667,0.3546,0.3449,0.3387,0.3298,0.3174,0.2992,0.2938,0.2851,0.2771,0.2737,0.2694,0.2652,0.2582,0.2497,0.24,0.229,0.2193,0.2088,0.201,0.1935,0.1826,0.1714,0.1568,0.1467,0.1378,0.1259,0.1157,0.1079,0.0999,0.0923,0.082,0.0756,0.0678,0.0593,0.0504,0.0425,0.0353,0.0296,0.0262,0.0231,0.0204,0.0176,0.015,0.0121,0.0111,0.0108,0.0099,0.0094,0.0093,0.0088,0.0076,0.007,0.0069,0.0058,0.0047,0.0041,0.0041,0.004,0.004,0.004,0.0038,0.0035,0.0031,0.0028,0.0028,0.0028
0.4837,0.4781,0.4722,0.4667,0.4593,0.4483,0.4385,0.4292,0.4205,0.4094,0.4035,0.397,0.3886,0.3783,0.3716,0.3653,0.3574,0.3503,0.342,0.3327,0.3253,0.3173,0.3098,0.3016,0.2942,0.2833,0.2732,0.2621,0.2484,0.2354,0.2196,0.2022,0.1835,0.1661,0.1473,0.1289,0.1141,0.1011,0.0864,0.0732,0.0617,0.0507,0.0393,0.0291,0.0207,0.013,0.0083,0.006,0.0038,0.0012,0.0001,0.0,0.0,0.0,0.0,0.0,0.0,0.0,0.0,0.0,0.0,0.0,0.0,0.0,0.0,0.0,0.0,0.0,0.0,0.0,0.0,0.0,0.0,0.0,0.0,0.0,0.0,0.0,0.0,0.0,0.0,0.0,0.0,0.0,0.0,0.0,0.0,0.0,0.0,0.0
