0.5133,0.5035,0.486,0.4655,0.4502,0.4365,0.4254,0.4125,0.4006,0.3942,0.384,0.374,0.3642,0.353,0.3431,0.3352,0.3267,0.3163,0.304,0.2912,0.277,0.2624,0.245,0.2252,0.2068,0.1894,0.1732,0.1626,0.15,0.1333,0.1208,0.1072,0.0928,0.0823,0.071,0.0624,0.0543,0.0454,0.0378,0.0298,0.0236,0.0193,0.0158,0.0128,0.0105,0.0077,0.0049,0.0029,0.0011,0.0004,0.0001,0.0,0.0,0.0,0.0,0.0,0.0,0.0,0.0,0.0,0.0,0.0,0.0,0.0,0.0,0.0,0.0,0.0,0.0,0.0,0.0,0.0,0.0,0.0,0.0,0.0,0.0,0.0,0.0,0.0,0.0,0.0,0.0,0.0,0.0,0.0,0.0,0.0,0.0,0.0
0.4992,0.4974,0.492,0.4864,0.4842,0.4801,0.4737,0.4639,0.452,0.4396,0.4306,0.4191,0.4057,0.3948,0.3819,0.3621,0.3499,0.3303,0.3131,0.293,0.2719,0.2567,0.2402,0.2213,0.2059,0.1845,0.1638,0.14,0.1209,0.1028,0.0854,0.0739,0.0635,0.0593,0.0536,0.0461,0.0388,0.0309,0.0229,0.0171,0.0116,0.0059,0.0031,0.0017,0.0015,0.0011,0.0014,0.0017,0.0017,0.0017,0.0018,0.0018,0.0016,0.0013,0.0011,0.001,0.001,0.0009,0.0007,0.0005,0.0003,0.0002,0.0001,0.0,0.0,0.0,0.0,0.0,0.0,0.0,0.0,0.0,0.0,0.0,0.0,0.0,0.0,0.0,0.0,0.0,0.0,0.0,0.0,0.0,0.0,0.0,0.0,0.0,0.0,0.0
0.4141,0.4053,0.3996,0.3947,0.3884,0.3868,0.3857,0.3826,0.3751,0.3667,0.3569,0.3467,0.3377,0.3296,0.3235,0.3138,0.3005,0.2901,0.2829,0.2734,0.265,0.2568,0.2468,0.2359,0.2248,0.2135,0.2067,0.2014,0.1964,0.192,0.1854,0.1798,0.173,0.1631,0.158,0.1488,0.1379,0.1283,0.1151,0.1012,0.0863,0.0699,0.0556,0.0443,0.0376,0.0368,0.032,0.0268,0.0213,0.0167,0.0131,0.011,0.0093,0.008,0.0062,0.0046,0.0034,0.0025,0.0018,0.0009,0.0004,0.0001,0.0,0.0,0.0001,0.0002,0.0003,0.0002,0.0,0.0,0.0,0.0,0.0,0.0,0.0,0.0,0.0,0.0,0.0,0.0,0.0,0.0,0.0,0.0,0.0,0.0,0.0,0.0,0.0,0.0
0.328,0.3238,0.3211,0.3188,0.3174,0.3126,0.3062,0.3057,0.3055,0.3036,0.3009,0.2973,0.291,0.2842,0.2778,0.2716,0.2626,0.2586,0.2516,0.2448,0.2418,0.2333,0.2236,0.2164,0.2128,0.2095,0.1994,0.1874,0.1757,0.1621,0.1516,0.1399,0.1304,0.1213,0.1111,0.0997,0.085,0.0705,0.0601,0.0504,0.0423,0.0372,0.033,0.0296,0.0257,0.0228,0.02,0.0179,0.0163,0.0152,0.0145,0.0138,0.0131,0.0126,0.0121,0.0116,0.0112,0.0107,0.0103,0.0102,0.0098,0.0091,0.0088,0.0086,0.0085,0.0083,0.008,0.0076,0.0074,0.0078,0.0078,0.0078,0.0082,0.0083,0.0076,0.0067,0.0062,0.0057,0.0053,0.0044,0.0034,0.0034,0.0032,0.0028,0.0024,0.0021,0.0019,0.0015,0.0013,0.0009
0.1757,0.1716,0.1646,0.1581,0.1492,0.1378,0.1282,0.1228,0.1193,0.1142,0.1086,0.1038,0.0974,0.0892,0.0809,0.0744,0.0688,0.064,0.058,0.0542,0.0528,0.0505,0.0509,0.05,0.049,0.0485,0.0472,0.0453,0.0447,0.045,0.0447,0.0441,0.0441,0.0431,0.0427,0.043,0.043,0.0434,0.0439,0.0452,0.0461,0.0459,0.0456,0.0445,0.0428,0.0415,0.0417,0.0422,0.0423,0.0414,0.0407,0.0398,0.0387,0.0375,0.036,0.0337,0.0319,0.0302,0.0286,0.0266,0.0237,0.0211,0.0191,0.0163,0.0147,0.0138,0.0124,0.0113,0.01,0.0073,0.0054,0.0033,0.0018,0.001,0.0006,0.0003,0.0001,0.0,0.0,0.0,0.0,0.0,0.0,0.0,0.0,0.0,0.0,0.0,0.0,0.0
0.1112,0.1064,0.1051,0.1029,0.0992,0.0939,0.0899,0.0887,0.0869,0.0856,0.0845,0.0829,0.0809,0.0793,0.078,0.078,0.0788,0.0779,0.0785,0.0806,0.0801,0.078,0.0733,0.0705,0.07,0.0686,0.0672,0.0644,0.061,0.0586,0.0572,0.0559,0.0541,0.0537,0.0509,0.0473,0.0455,0.0426,0.0399,0.0364,0.0336,0.0315,0.0293,0.0276,0.0262,0.0242,0.0208,0.0163,0.0122,0.0091,0.0073,0.0058,0.0045,0.0032,0.0021,0.0015,0.0009,0.0007,0.0004,0.0002,0.0001,0.0,0.0,0.0,0.0,0.0,0.0,0.0,0.0,0.0,0.0,0.0,0.0,0.0,0.0,0.0,0.0,0.0,0.0,0.0,0.0,0.0,0.0,0.0,0.0,0.0,0.0,0.0,0.0,0.0
0.0995,0.0953,0.0909,0.0874,0.0844,0.0824,0.0826,0.082,0.0811,0.0801,0.0787,0.0776,0.0769,0.0755,0.074,0.0711,0.0666,0.062,0.0573,0.0516,0.0444,0.0392,0.0369,0.0361,0.0345,0.0332,0.0318,0.0306,0.0294,0.0279,0.0266,0.0258,0.0246,0.0229,0.0213,0.0191,0.0167,0.0144,0.012,0.0095,0.0072,0.0054,0.0039,0.0028,0.002,0.0011,0.0004,0.0001,0.0001,0.0,0.0,0.0,0.0,0.0,0.0,0.0,0.0,0.0,0.0,0.0,0.0,0.0,0.0,0.0,0.0,0.0,0.0,0.0,0.0,0.0,0.0,0.0,0.0,0.0,0.0,0.0,0.0,0.0,0.0,0.0,0.0,0.0,0.0,0.0,0.0,0.0,0.0,0.0,0.0,0.0
0.0821,0.0807,0.079,0.0778,0.0778,0.078,0.0763,0.0756,0.0746,0.0733,0.0717,0.0706,0.07,0.0684,0.068,0.0661,0.0647,0.0641,0.0655,0.0657,0.0651,0.0638,0.0624,0.0617,0.0614,0.0604,0.0594,0.058,0.0562,0.0546,0.0546,0.0547,0.0536,0.0527,0.0511,0.0489,0.0473,0.0452,0.0429,0.0409,0.0394,0.0374,0.035,0.0322,0.0297,0.0267,0.0233,0.0202,0.018,0.0155,0.0126,0.01,0.0077,0.0053,0.0038,0.0026,0.0014,0.0008,0.0001,0.0,0.0,0.0,0.0,0.0,0.0,0.0,0.0,0.0,0.0,0.0,0.0,0.0,0.0,0.0,0.0,0.0,0.0,0.0,0.0,0.0,0.0,0.0,0.0,0.0,0.0,0.0,0.0,0.0,0.0,0.0008
0.0872,0.0853,0.0843,0.0834,0.0827,0.0817,0.0802,0.0787,0.0775,0.076,0.0764,0.0768,0.0759,0.0759,0.0757,0.0752,0.0752,0.0738,0.072,0.0687,0.0678,0.0676,0.068,0.0688,0.0692,0.0686,0.0686,0.0679,0.0632,0.0605,0.059,0.0563,0.0539,0.0526,0.0512,0.0499,0.0466,0.0431,0.0391,0.0346,0.0305,0.0261,0.0216,0.0174,0.0135,0.0106,0.0082,0.0061,0.0048,0.0033,0.0023,0.002,0.0017,0.0014,0.0011,0.001,0.0007,0.0007,0.0005,0.0003,0.0002,0.0001,0.0001,0.0001,0.0,0.0,0.0,0.0,0.0,0.0,0.0,0.0,0.0,0.0,0.0,0.0,0.0,0.0,0.0,0.0,0.0,0.0,0.0,0.0,0.0,0.0,0.0,0.0,0.0,0.0
0.1197,0.1189,0.117,0.1159,0.1147,0.1132,0.1136,0.1131,0.1113,0.1101,0.1095,0.1074,0.1062,0.1057,0.1044,0.1036,0.1022,0.0998,0.0929,0.0872,0.0833,0.0803,0.0773,0.0722,0.0666,0.0633,0.0594,0.056,0.0558,0.054,0.0506,0.0472,0.0431,0.0375,0.033,0.0293,0.0253,0.0221,0.0215,0.0203,0.0193,0.0184,0.0177,0.0169,0.0159,0.0147,0.0137,0.0128,0.0113,0.0093,0.0083,0.0075,0.0087,0.0088,0.0088,0.0084,0.0074,0.0076,0.0071,0.0064,0.0056,0.0047,0.0031,0.0023,0.0017,0.0015,0.0018,0.0017,0.0014,0.0011,0.001,0.0008,0.0007,0.0006,0.0005,0.0003,0.0003,0.0002,0.0001,0.0,0.0,0.0,0.0,0.0,0.0,0.0,0.0,0.0,0.0,0.0
0.0971,0.0949,0.0933,0.0905,0.0887,0.0865,0.0819,0.0775,0.075,0.0715,0.0666,0.0632,0.06,0.0557,0.0533,0.0511,0.0481,0.0463,0.0426,0.0393,0.0389,0.0398,0.0403,0.0402,0.0405,0.04,0.0385,0.0378,0.0374,0.0371,0.0369,0.0358,0.0337,0.0304,0.0281,0.0259,0.0241,0.0221,0.0214,0.02,0.0181,0.0168,0.0149,0.013,0.011,0.0089,0.0072,0.0055,0.0046,0.004,0.0034,0.0029,0.0023,0.002,0.0016,0.0011,0.0009,0.0006,0.0004,0.0002,0.0001,0.0001,0.0001,0.0001,0.0001,0.0,0.0,0.0,0.0,0.0,0.0,0.0,0.0,0.0,0.0,0.0,0.0,0.0,0.0,0.0,0.0,0.0,0.0,0.0,0.0,0.0,0.0,0.0,0.0,0.0
0.0846,0.0829,0.0823,0.081,0.0806,0.0811,0.0805,0.0788,0.0772,0.075,0.0718,0.0712,0.0705,0.0706,0.0694,0.067,0.0653,0.0636,0.0621,0.0597,0.0565,0.0532,0.0496,0.0454,0.0408,0.0345,0.0307,0.0284,0.0266,0.0249,0.0235,0.0224,0.0207,0.0179,0.0157,0.0139,0.0117,0.0086,0.0067,0.0056,0.0047,0.0038,0.0029,0.0021,0.0014,0.0009,0.0006,0.0002,0.0,0.0,0.0,0.0,0.0,0.0,0.0,0.0,0.0,0.0,0.0,0.0,0.0,0.0,0.0,0.0,0.0,0.0,0.0,0.0,0.0,0.0,0.0,0.0,0.0,0.0,0.0,0.0,0.0,0.0,0.0,0.0,0.0,0.0,0.0,0.0,0.0,0.0,0.0,0.0,0.0,0.0
0.0931,0.0919,0.0864,0.0811,0.0762,0.0711,0.0666,0.0602,0.0563,0.0534,0.0505,0.0469,0.0427,0.0385,0.0345,0.0308,0.0283,0.0264,0.0234,0.0208,0.0178,0.015,0.0131,0.0109,0.0076,0.0045,0.0032,0.0022,0.0011,0.0006,0.0003,0.0001,0.0,0.0,0.0,0.0,0.0,0.0,0.0,0.0,0.0,0.0,0.0,0.0,0.0,0.0,0.0,0.0,0.0,0.0,0.0,0.0,0.0,0.0,0.0,0.0,0.0,0.0,0.0,0.0,0.0,0.0,0.0,0.0,0.0,0.0001,0.0001,0.0,0.0001,0.0002,0.0001,0.0,0.0001,0.0001,0.0001,0.0002,0.0002,0.0002,0.0001,0.0001,0.0002,0.0007,0.0006,0.0006,0.0007,0.0008,0.0008,0.0007,0.0006,0.0005
0.0587,0.0522,0.0467,0.0442,0.0427,0.041,0.0395,0.0381,0.0357,0.0338,0.033,0.0313,0.0289,0.0266,0.0258,0.025,0.0244,0.0238,0.0236,0.023,0.0224,0.0216,0.0211,0.0203,0.0192,0.0186,0.0178,0.0183,0.0165,0.0152,0.0159,0.0173,0.0198,0.0208,0.0213,0.022,0.0217,0.022,0.0235,0.0245,0.0254,0.0269,0.0285,0.0294,0.0299,0.0312,0.0321,0.0321,0.0295,0.0295,0.0295,0.0294,0.0294,0.0292,0.0292,0.0294,0.0292,0.0291,0.0289,0.0286,0.0287,0.029,0.0298,0.0301,0.0305,0.0304,0.0301,0.0281,0.0273,0.0285,0.028,0.0278,0.0276,0.0268,0.0256,0.0265,0.0269,0.0268,0.0263,0.0261,0.0263,0.0233,0.023,0.0232,0.0235,0.0232,0.0232,0.0244,0.0244,0.0258
0.0813,0.083,0.0871,0.0914,0.0946,0.096,0.0932,0.0892,0.0862,0.0866,0.0899,0.0939,0.0988,0.1024,0.1042,0.106,0.1077,0.1093,0.1118,0.1128,0.1126,0.1118,0.1115,0.1114,0.1114,0.1115,0.108,0.1055,0.1021,0.1012,0.104,0.1062,0.1062,0.1059,0.1049,0.1032,0.1015,0.0977,0.0936,0.0897,0.0872,0.0859,0.0858,0.0848,0.0847,0.0863,0.0846,0.084,0.0828,0.0818,0.0799,0.0778,0.0762,0.0753,0.073,0.0709,0.0681,0.0683,0.0675,0.0658,0.0646,0.0628,0.0616,0.0604,0.0593,0.0582,0.0571,0.0545,0.0506,0.0518,0.0516,0.0515,0.0541,0.0549,0.0532,0.0528,0.0547,0.0555,0.0553,0.0553,0.0536,0.0527,0.0537,0.0549,0.0553,0.0556,0.0546,0.0543,0.0548,0.0552
0.2007,0.1933,0.1872,0.1833,0.1822,0.1847,0.1863,0.1885,0.1892,0.1889,0.1889,0.1874,0.1853,0.1832,0.1808,0.1785,0.1775,0.1785,0.1774,0.1765,0.1761,0.1764,0.1758,0.1761,0.1765,0.1767,0.1753,0.1698,0.1646,0.1618,0.1606,0.1551,0.1489,0.1446,0.1407,0.137,0.1348,0.1324,0.1277,0.1221,0.1179,0.1157,0.1163,0.1178,0.1169,0.1132,0.1078,0.105,0.1011,0.0979,0.0955,0.0931,0.0892,0.0891,0.0876,0.0856,0.0841,0.0795,0.0772,0.0757,0.0745,0.0731,0.0703,0.0685,0.0674,0.0658,0.0636,0.0647,0.0674,0.0643,0.0636,0.0609,0.0554,0.0518,0.0513,0.0488,0.0428,0.0385,0.0365,0.0352,0.035,0.0313,0.0243,0.0214,0.0202,0.0198,0.0208,0.0201,0.0191,0.0182
0.2778,0.2692,0.2594,0.2549,0.254,0.2571,0.2674,0.2744,0.28,0.2831,0.2822,0.2755,0.2657,0.2544,0.2467,0.2404,0.2356,0.2301,0.2237,0.2198,0.2159,0.2118,0.2094,0.207,0.2046,0.2048,0.2065,0.1992,0.1934,0.189,0.1822,0.1744,0.1693,0.1659,0.1622,0.1558,0.1481,0.1414,0.134,0.1292,0.1238,0.1169,0.1118,0.1072,0.1009,0.0913,0.0837,0.0759,0.0698,0.0622,0.0546,0.0512,0.0469,0.0421,0.039,0.0353,0.0305,0.0266,0.0228,0.0203,0.0188,0.0163,0.0144,0.0119,0.0098,0.0088,0.008,0.0073,0.0074,0.0062,0.0045,0.0031,0.0021,0.0016,0.0011,0.0009,0.0008,0.0005,0.0001,0.0,0.0,0.0,0.0,0.0,0.0,0.0,0.0,0.0,0.0,0.0
0.3214,0.3164,0.3158,0.3108,0.3065,0.3033,0.3004,0.298,0.2973,0.2957,0.2913,0.2853,0.2782,0.2707,0.2635,0.2577,0.2514,0.2436,0.2391,0.2361,0.2319,0.2281,0.223,0.218,0.2133,0.2071,0.2031,0.2012,0.1954,0.1871,0.1791,0.1772,0.178,0.1805,0.1816,0.1789,0.1747,0.1707,0.1658,0.16,0.1564,0.1496,0.1446,0.1388,0.1327,0.1258,0.1233,0.1133,0.1111,0.1076,0.1012,0.0957,0.0909,0.0874,0.0844,0.0794,0.0743,0.0705,0.0651,0.0609,0.0623,0.0654,0.0625,0.0546,0.0491,0.0514,0.0525,0.053,0.0532,0.051,0.0506,0.0514,0.0497,0.0471,0.0463,0.047,0.0489,0.0509,0.0551,0.057,0.0579,0.0567,0.0554,0.0566,0.0568,0.0573,0.0568,0.0557,0.0571,0.0587
0.3668,0.3667,0.3621,0.3588,0.3551,0.349,0.3431,0.3433,0.3412,0.3407,0.34,0.34,0.3391,0.3374,0.3356,0.3342,0.3311,0.3271,0.3235,0.3237,0.3268,0.3276,0.3269,0.3247,0.3227,0.3185,0.3165,0.3166,0.3145,0.3078,0.2965,0.2948,0.2971,0.2999,0.3021,0.3031,0.3012,0.3001,0.2978,0.291,0.2855,0.282,0.2751,0.2742,0.2749,0.2723,0.2669,0.2569,0.246,0.2411,0.2368,0.2292,0.2222,0.2172,0.2113,0.2101,0.2072,0.2047,0.2015,0.1971,0.1916,0.186,0.1883,0.1858,0.1797,0.1746,0.1745,0.1743,0.1722,0.1705,0.1693,0.1662,0.1628,0.1618,0.1649,0.1671,0.1663,0.1623,0.1609,0.161,0.1632,0.1657,0.1647,0.1636,0.163,0.1636,0.1668,0.1681,0.1686,0.1744
0.4655,0.4639,0.4536,0.449,0.4449,0.4375,0.4283,0.4214,0.412,0.4015,0.3935,0.3904,0.3886,0.3873,0.3855,0.3824,0.3797,0.3792,0.374,0.3716,0.3745,0.3748,0.3714,0.3669,0.3619,0.3556,0.3501,0.3476,0.3465,0.3463,0.3443,0.3397,0.3308,0.3232,0.3184,0.3153,0.3126,0.309,0.3065,0.3028,0.2976,0.294,0.2881,0.2833,0.2811,0.2775,0.2749,0.2714,0.2619,0.2543,0.2524,0.2492,0.2471,0.2424,0.2387,0.2333,0.2327,0.233,0.2341,0.2337,0.2258,0.2155,0.2088,0.2142,0.2164,0.2108,0.2054,0.203,0.2011,0.2017,0.1987,0.1966,0.196,0.1951,0.1961,0.1973,0.1978,0.1937,0.189,0.1851,0.1833,0.181,0.1801,0.1795,0.1781,0.1756,0.1751,0.176,0.1761,0.1747
0.4419,0.4449,0.4439,0.4425,0.4402,0.4335,0.4255,0.4199,0.4156,0.4095,0.4022,0.3967,0.3948,0.3958,0.3942,0.3912,0.3843,0.3788,0.3773,0.3727,0.3638,0.3603,0.3559,0.3514,0.3473,0.3427,0.3386,0.3387,0.3403,0.3407,0.3386,0.3314,0.3188,0.3093,0.2996,0.2926,0.2871,0.2831,0.28,0.2772,0.2734,0.2693,0.265,0.2591,0.2529,0.2484,0.2413,0.2395,0.2347,0.229,0.2249,0.2236,0.2234,0.2205,0.2196,0.2134,0.2076,0.2011,0.1962,0.1915,0.1911,0.1873,0.181,0.1786,0.1812,0.1787,0.1744,0.1678,0.1645,0.1595,0.1523,0.149,0.1454,0.1406,0.135,0.1269,0.1196,0.1142,0.108,0.1034,0.0978,0.0971,0.0967,0.0989,0.1005,0.0987,0.0949,0.0933,0.0923,0.0888
0.4496,0.4464,0.4461,0.4478,0.4513,0.4506,0.4469,0.4407,0.4352,0.4306,0.4237,0.4223,0.4253,0.4258,0.4196,0.4132,0.4079,0.3979,0.3902,0.381,0.3691,0.357,0.3493,0.3387,0.3308,0.3221,0.3134,0.3018,0.296,0.2923,0.2867,0.2749,0.2635,0.2566,0.2499,0.2448,0.2405,0.2324,0.2286,0.2259,0.2209,0.2125,0.2069,0.1996,0.1908,0.1821,0.1749,0.1719,0.1685,0.1635,0.1575,0.1536,0.1501,0.1468,0.1432,0.1425,0.1381,0.1328,0.1287,0.1256,0.1235,0.1223,0.1193,0.1125,0.1085,0.1066,0.1031,0.1004,0.0984,0.0907,0.0857,0.0797,0.0748,0.0716,0.0678,0.061,0.0553,0.053,0.0514,0.0493,0.0472,0.0442,0.0438,0.0434,0.0435,0.0436,0.0425,0.0408,0.04,0.0389
0.3918,0.3842,0.3769,0.3705,0.3662,0.3669,0.3662,0.3619,0.3555,0.3519,0.3499,0.3425,0.3312,0.3208,0.3166,0.3134,0.3115,0.3091,0.3035,0.297,0.2922,0.2866,0.279,0.2742,0.2711,0.2651,0.2563,0.2491,0.239,0.2313,0.2237,0.2179,0.2121,0.2038,0.1989,0.1929,0.1888,0.182,0.1745,0.1696,0.1647,0.1574,0.1477,0.1381,0.1284,0.1187,0.1097,0.1043,0.102,0.0975,0.0918,0.0864,0.0826,0.0796,0.0752,0.073,0.0702,0.0659,0.0625,0.0611,0.0586,0.0591,0.0559,0.0523,0.0463,0.0431,0.0412,0.0375,0.0295,0.023,0.0173,0.0116,0.0093,0.0079,0.0069,0.0053,0.0037,0.0034,0.0036,0.0033,0.0025,0.0017,0.0015,0.001,0.0007,0.0006,0.0004,0.0002,0.0001,0.0001
0.2867,0.2837,0.2817,0.2787,0.279,0.2788,0.2775,0.2753,0.273,0.2707,0.2674,0.2619,0.2554,0.2509,0.249,0.2479,0.2458,0.243,0.2387,0.2331,0.2296,0.2265,0.2241,0.2186,0.2116,0.2053,0.1991,0.1926,0.186,0.1813,0.1761,0.171,0.1656,0.1589,0.1521,0.1439,0.1365,0.1305,0.1249,0.1208,0.1153,0.1048,0.0897,0.0754,0.0642,0.0552,0.0497,0.0442,0.0421,0.0376,0.0315,0.0253,0.0201,0.0177,0.0131,0.0093,0.0075,0.0066,0.0052,0.0042,0.0042,0.0043,0.0047,0.0048,0.0044,0.004,0.0036,0.0029,0.0014,0.0015,0.0017,0.0016,0.0016,0.0019,0.002,0.0019,0.0025,0.003,0.0033,0.0035,0.0037,0.0046,0.0057,0.0061,0.006,0.007,0.0075,0.008,0.0079,0.0077
0.2145,0.2074,0.2006,0.1952,0.187,0.1772,0.17,0.1637,0.1573,0.1511,0.1466,0.1438,0.1395,0.1347,0.1336,0.1331,0.1317,0.1306,0.1278,0.1257,0.1212,0.1189,0.1183,0.1185,0.1134,0.1073,0.1037,0.0998,0.0954,0.0917,0.0894,0.0845,0.0789,0.0725,0.0698,0.0621,0.055,0.0506,0.0476,0.0454,0.0429,0.0399,0.0382,0.0365,0.0341,0.033,0.0326,0.0319,0.031,0.031,0.0317,0.0323,0.0319,0.032,0.0321,0.032,0.03,0.0286,0.0275,0.0281,0.0281,0.0271,0.0258,0.0251,0.0244,0.0245,0.0238,0.024,0.0242,0.0245,0.0248,0.025,0.0253,0.0264,0.0269,0.0263,0.025,0.0231,0.022,0.0209,0.0201,0.0202,0.0203,0.0199,0.0187,0.0168,0.0153,0.0153,0.0149,0.015
0.1597,0.1572,0.1551,0.153,0.1498,0.1454,0.1414,0.1394,0.1384,0.1378,0.1378,0.1375,0.1372,0.1349,0.1329,0.1297,0.126,0.123,0.1213,0.1209,0.1209,0.121,0.1199,0.1162,0.1139,0.1118,0.1092,0.1071,0.1057,0.1046,0.1047,0.1038,0.1024,0.0998,0.0986,0.0985,0.097,0.0957,0.0931,0.0929,0.0905,0.0911,0.092,0.0926,0.0917,0.088,0.0846,0.0805,0.0777,0.0761,0.0734,0.0717,0.071,0.069,0.0674,0.0667,0.066,0.0659,0.0656,0.0646,0.0629,0.0606,0.0594,0.058,0.0572,0.054,0.0523,0.0503,0.0483,0.0474,0.0462,0.0454,0.0447,0.0439,0.0441,0.0416,0.0387,0.0357,0.0339,0.0327,0.0305,0.0284,0.0275,0.0268,0.0259,0.0237,0.0235,0.0243,0.0243,0.0236
0.139,0.1407,0.1411,0.1409,0.139,0.1368,0.1344,0.1317,0.1276,0.1243,0.122,0.1213,0.1216,0.1232,0.1239,0.1202,0.1169,0.1167,0.1187,0.1198,0.1209,0.1211,0.1207,0.1203,0.118,0.1152,0.1122,0.1101,0.1092,0.1093,0.109,0.1088,0.1072,0.1047,0.1037,0.1035,0.1004,0.0969,0.0954,0.0959,0.0958,0.0973,0.0961,0.093,0.0904,0.0882,0.0882,0.0878,0.0871,0.0862,0.0854,0.084,0.0833,0.0834,0.084,0.0835,0.0821,0.0797,0.0781,0.0759,0.0739,0.0728,0.0731,0.0724,0.0707,0.0697,0.0686,0.069,0.0684,0.065,0.0615,0.059,0.0568,0.0549,0.0541,0.054,0.0537,0.0537,0.0531,0.0515,0.0508,0.0491,0.0484,0.048,0.0475,0.0465,0.0453,0.0437,0.041,0.0387
0.2098,0.2074,0.2041,0.1994,0.1967,0.1927,0.189,0.1857,0.1828,0.1788,0.1766,0.1745,0.1715,0.1673,0.1641,0.1612,0.1621,0.1622,0.161,0.1587,0.1554,0.1512,0.1485,0.146,0.1438,0.1417,0.1397,0.1371,0.1332,0.1301,0.1279,0.1264,0.1241,0.122,0.122,0.1183,0.1154,0.1127,0.1105,0.1093,0.1074,0.1029,0.0958,0.0918,0.0885,0.0866,0.0839,0.0812,0.0788,0.0766,0.0737,0.07,0.0675,0.0645,0.0603,0.0561,0.0537,0.052,0.0489,0.0465,0.044,0.0421,0.0394,0.036,0.0341,0.0316,0.029,0.0278,0.0267,0.0238,0.0206,0.0181,0.0165,0.0156,0.0146,0.012,0.0108,0.0103,0.0102,0.0095,0.0085,0.0083,0.0079,0.0083,0.0082,0.0084,0.0085,0.0076,0.0064,0.0055
0.18,0.1758,0.1724,0.1696,0.1663,0.1642,0.1598,0.1543,0.1521,0.1515,0.1501,0.1473,0.1434,0.139,0.133,0.1272,0.1204,0.1151,0.11,0.1046,0.1002,0.0969,0.0939,0.0905,0.0878,0.086,0.0843,0.082,0.0798,0.0776,0.0759,0.0728,0.0716,0.0711,0.066,0.0635,0.0639,0.0626,0.0599,0.0553,0.0507,0.0438,0.0378,0.0342,0.0325,0.0323,0.0303,0.0277,0.0256,0.0236,0.0229,0.022,0.0191,0.0161,0.0138,0.0127,0.0118,0.0119,0.0117,0.0106,0.0099,0.0088,0.0074,0.0063,0.0059,0.0063,0.0062,0.0049,0.0037,0.0029,0.0024,0.0019,0.0018,0.0017,0.0013,0.0007,0.0005,0.0004,0.0001,0.0,0.0,0.0,0.0,0.0,0.0,0.0,0.0,0.0,0.0,0.0
0.0645,0.065,0.065,0.0643,0.0628,0.0615,0.0605,0.0596,0.0583,0.0569,0.0559,0.0554,0.055,0.0529,0.0521,0.0516,0.0507,0.049,0.0475,0.0468,0.0458,0.0445,0.0437,0.0428,0.042,0.041,0.0398,0.0389,0.0385,0.0383,0.0376,0.0369,0.0357,0.035,0.0347,0.0344,0.0339,0.0333,0.0329,0.0325,0.033,0.0328,0.0322,0.0308,0.0297,0.0291,0.0288,0.0286,0.0287,0.0296,0.0295,0.0293,0.0296,0.0302,0.0304,0.0304,0.03,0.0284,0.0246,0.0216,0.0202,0.0225,0.0241,0.0272,0.0276,0.0269,0.0251,0.0243,0.0273,0.028,0.0284,0.0288,0.0285,0.0281,0.0279,0.0274,0.0275,0.028,0.0274,0.0259,0.0258,0.0259,0.0258,0.0266,0.0275,0.0275,0.0244,0.0226,0.022,0.022
0.4723,0.474,0.4805,0.4879,0.4983,0.5108,0.5212,0.5262,0.5288,0.5276,0.5291,0.5311,0.5316,0.5253,0.5158,0.5062,0.5007,0.5034,0.5061,0.5046,0.5083,0.5192,0.5274,0.5295,0.5277,0.5244,0.5231,0.5241,0.5246,0.524,0.5211,0.5148,0.5121,0.5162,0.5199,0.5243,0.5242,0.5222,0.518,0.5145,0.5175,0.5203,0.5199,0.5151,0.5068,0.5009,0.4989,0.4955,0.4929,0.4934,0.4995,0.5038,0.5058,0.5073,0.5079,0.5097,0.507,0.4976,0.4839,0.4762,0.4649,0.4567,0.4562,0.4601,0.4671,0.4633,0.4548,0.4494,0.4478,0.446,0.4425,0.4458,0.4501,0.4509,0.4464,0.4387,0.4323,0.434,0.4274,0.4196,0.4145,0.4119,0.41,0.4081,0.4129,0.4159,0.4078,0.4003,0.3963,0.3974
0.5652,0.5681,0.5702,0.5724,0.5758,0.573,0.5734,0.5752,0.5742,0.5745,0.576,0.5744,0.5747,0.5765,0.5753,0.5789,0.5802,0.5793,0.5749,0.57,0.5624,0.5558,0.5527,0.5514,0.5479,0.5449,0.5438,0.5418,0.538,0.5325,0.529,0.5252,0.5167,0.5085,0.503,0.4933,0.4849,0.4768,0.4709,0.4633,0.4513,0.4375,0.4268,0.4207,0.4174,0.4127,0.4041,0.396,0.3864,0.3731,0.3558,0.34,0.3255,0.3108,0.2962,0.28,0.2682,0.2643,0.2664,0.2588,0.2596,0.2545,0.245,0.2324,0.2197,0.2189,0.2195,0.2149,0.2057,0.1991,0.1953,0.1874,0.1763,0.1669,0.1644,0.1595,0.1536,0.1432,0.144,0.1438,0.1406,0.1369,0.1336,0.1332,0.1258,0.1197,0.1244,0.1269,0.1263,0.1242
0.6225,0.6244,0.6175,0.6101,0.5968,0.5739,0.5512,0.5383,0.5325,0.5284,0.5146,0.4902,0.4764,0.4679,0.4614,0.4515,0.4404,0.4222,0.4075,0.3995,0.3848,0.3656,0.3448,0.3256,0.3102,0.2948,0.2789,0.2619,0.2453,0.2288,0.2151,0.2047,0.1959,0.1828,0.1648,0.153,0.1426,0.1337,0.1262,0.1189,0.1121,0.1036,0.0984,0.0945,0.0918,0.0874,0.0795,0.0733,0.0655,0.0534,0.0442,0.0389,0.0358,0.0327,0.0296,0.0268,0.0252,0.0233,0.0218,0.0198,0.0177,0.0176,0.018,0.017,0.0153,0.0144,0.0142,0.0142,0.0136,0.0132,0.0126,0.0125,0.0125,0.0135,0.0154,0.0155,0.0151,0.0161,0.018,0.0178,0.0175,0.0171,0.017,0.0184,0.0216,0.0221,0.0218,0.0213,0.0214,0.0228
0.5728,0.5616,0.5541,0.5436,0.5343,0.5228,0.5132,0.5027,0.4963,0.4904,0.485,0.4799,0.4733,0.4661,0.4593,0.4545,0.4464,0.4328,0.4185,0.4037,0.3897,0.3728,0.3635,0.3591,0.3541,0.3461,0.3359,0.3232,0.3028,0.2789,0.2545,0.2304,0.2098,0.191,0.1833,0.1719,0.1627,0.1569,0.1542,0.1502,0.1449,0.1412,0.1396,0.139,0.1385,0.1342,0.132,0.1305,0.1291,0.1278,0.1258,0.1235,0.1213,0.1217,0.1216,0.1196,0.1168,0.115,0.1138,0.1106,0.1081,0.1046,0.1001,0.096,0.0924,0.0911,0.0895,0.0867,0.0838,0.0804,0.076,0.0713,0.0671,0.0631,0.0587,0.0557,0.0528,0.049,0.046,0.0444,0.0434,0.0422,0.0407,0.0392,0.0355,0.0338,0.0325,0.0319,0.031,0.0289
0.579,0.5702,0.5624,0.5561,0.5464,0.5336,0.5227,0.5116,0.5027,0.4902,0.4782,0.4676,0.4595,0.4529,0.4479,0.4416,0.4333,0.4242,0.4133,0.4019,0.3944,0.3859,0.3754,0.3675,0.3579,0.3464,0.3315,0.316,0.3052,0.2924,0.2769,0.2634,0.2548,0.2458,0.2356,0.2377,0.2332,0.2259,0.2155,0.2032,0.1866,0.1759,0.1603,0.1433,0.1282,0.1174,0.1059,0.0955,0.0859,0.0776,0.0714,0.0671,0.062,0.0563,0.05,0.0436,0.0386,0.0353,0.033,0.031,0.0275,0.0252,0.0237,0.0214,0.0199,0.0164,0.0126,0.0103,0.008,0.0057,0.0041,0.003,0.0017,0.0008,0.0003,0.0001,0.0,0.0,0.0,0.0,0.0,0.0,0.0,0.0,0.0,0.0,0.0,0.0,0.0,0.0
0.484,0.479,0.4734,0.4669,0.4533,0.4435,0.4357,0.4289,0.4196,0.4122,0.4058,0.398,0.3893,0.3803,0.3699,0.3616,0.353,0.3457,0.3404,0.335,0.3268,0.3191,0.3085,0.2942,0.2754,0.2552,0.2342,0.2144,0.1968,0.1825,0.1682,0.1557,0.142,0.1294,0.1179,0.1017,0.0794,0.0604,0.0457,0.0353,0.0291,0.0228,0.0171,0.0136,0.012,0.0108,0.01,0.0095,0.0088,0.0076,0.0065,0.0053,0.0042,0.0029,0.0016,0.0006,0.0,0.0,0.0,0.0,0.0,0.0,0.0,0.0,0.0,0.0,0.0,0.0,0.0,0.0,0.0,0.0,0.0,0.0,0.0,0.0,0.0,0.0,0.0,0.0,0.0,0.0,0.0,0.0,0.0,0.0,0.0,0.0,0.0,0.0
