0.0308,0.0315,0.0319,0.0320,0.0315,0.0303,0.0301,0.0306,0.0303,0.0297,0.0287,0.0286,0.0281,0.0262,0.0230,0.0217,0.0211,0.0204,0.0198,0.0188,0.0184,0.0188,0.0197,0.0195,0.0189,0.0180,0.0171,0.0165
0.0436,0.0422,0.0410,0.0393,0.0371,0.0354,0.0339,0.0323,0.0311,0.0301,0.0281,0.0260,0.0249,0.0231,0.0218,0.0208,0.0196,0.0182,0.0171,0.0158,0.0148,0.0128,0.0104,0.0082,0.0074,0.0065,0.0049,0.0040
0.0349,0.0311,0.0269,0.0239,0.0218,0.0204,0.0186,0.0170,0.0154,0.0140,0.0124,0.0110,0.0096,0.0083,0.0074,0.0065,0.0055,0.0045,0.0041,0.0038,0.0034,0.0033,0.0034,0.0038,0.0035,0.0032,0.0026,0.0021
0.0146,0.0139,0.0136,0.0130,0.0121,0.0115,0.0109,0.0105,0.0103,0.0099,0.0093,0.0090,0.0088,0.0085,0.0080,0.0074,0.0065,0.0052,0.0045,0.0038,0.0031,0.0019,0.0009,0.0003,0.0001,0.0000,0.0000,0.0000
0.0126,0.0109,0.0087,0.0076,0.0072,0.0066,0.0059,0.0054,0.0049,0.0040,0.0034,0.0029,0.0023,0.0018,0.0013,0.0008,0.0001,0.0000,0.0000,0.0000,0.0000,0.0000,0.0000,0.0000,0.0000,0.0000,0.0000,0.0000
0.0002,0.0001,0.0000,0.0000,0.0000,0.0000,0.0000,0.0000,0.0000,0.0000,0.0000,0.0000,0.0000,0.0000,0.0000,0.0000,0.0000,0.0000,0.0000,0.0000,0.0000,0.0000,0.0000,0.0000,0.0000,0.0000,0.0000,0.0000
0.0000,0.0000,0.0000,0.0000,0.0000,0.0000,0.0000,0.0000,0.0000,0.0000,0.0000,0.0000,0.0000,0.0000,0.0000,0.0000,0.0000,0.0000,0.0000,0.0000,0.0000,0.0000,0.0000,0.0000,0.0000,0.0000,0.0000,0.0000
0.0000,0.0000,0.0000,0.0000,0.0000,0.0000,0.0000,0.0000,0.0000,0.0000,0.0000,0.0000,0.0000,0.0000,0.0000,0.0000,0.0000,0.0000,0.0000,0.0000,0.0000,0.0000,0.0000,0.0000,0.0000,0.0000,0.0000,0.0000
0.0000,0.0000,0.0000,0.0000,0.0000,0.0000,0.0000,0.0000,0.0000,0.0000,0.0000,0.0000,0.0000,0.0000,0.0000,0.0000,0.0000,0.0000,0.0000,0.0000,0.0000,0.0000,0.0000,0.0000,0.0000,0.0000,0.0000,0.0000
0.0000,0.0000,0.0000,0.0000,0.0000,0.0000,0.0000,0.0000,0.0000,0.0000,0.0000,0.0000,0.0000,0.0000,0.0000,0.0000,0.0000,0.0000,0.0000,0.0000,0.0000,0.0000,0.0000,0.0000,0.0000,0.0000,0.0000,0.0000
0.0041,0.0057,0.0066,0.0064,0.0064,0.0065,0.0065,0.0069,0.0071,0.0076,0.0080,0.0077,0.0070,0.0068,0.0069,0.0071,0.0075,0.0069,0.0055,0.0041,0.0034,0.0031,0.0027,0.0020,0.0020,0.0020,0.0015,0.0011
0.0229,0.0199,0.0178,0.0161,0.0150,0.0131,0.0116,0.0094,0.0075,0.0057,0.0040,0.0031,0.0025,0.0021,0.0015,0.0009,0.0005,0.0003,0.0001,0.0000,0.0000,0.0000,0.0000,0.0000,0.0000,0.0000,0.0000,0.0000
0.0010,0.0009,0.0009,0.0008,0.0006,0.0004,0.0002,0.0001,0.0000,0.0000,0.0000,0.0000,0.0000,0.0000,0.0000,0.0000,0.0000,0.0000,0.0000,0.0000,0.0000,0.0000,0.0000,0.0000,0.0000,0.0000,0.0000,0.0000
0.0000,0.0000,0.0000,0.0000,0.0000,0.0000,0.0000,0.0000,0.0000,0.0000,0.0000,0.0000,0.0000,0.0000,0.0000,0.0000,0.0000,0.0000,0.0000,0.0000,0.0000,0.0000,0.0000,0.0000,0.0000,0.0000,0.0000,0.0000
0.0000,0.0000,0.0000,0.0000,0.0000,0.0000,0.0000,0.0000,0.0000,0.0000,0.0000,0.0000,0.0000,0.0000,0.0000,0.0000,0.0000,0.0000,0.0000,0.0000,0.0000,0.0000,0.0000,0.0000,0.0000,0.0000,0.0000,0.0000
0.0000,0.0000,0.0000,0.0000,0.0000,0.0000,0.0000,0.0000,0.0000,0.0000,0.0000,0.0000,0.0000,0.0000,0.0000,0.0000,0.0000,0.0000,0.0000,0.0000,0.0000,0.0000,0.0000,0.0000,0.0000,0.0000,0.0000,0.0000
0.0041,0.0035,0.0028,0.0024,0.0019,0.0015,0.0013,0.0009,0.0006,0.0003,0.0002,0.0002,0.0002,0.0001,0.0001,0.0000,0.0000,0.0000,0.0000,0.0000,0.0000,0.0000,0.0000,0.0000,0.0000,0.0000,0.0000,0.0000
0.0006,0.0006,0.0005,0.0003,0.0001,0.0000,0.0000,0.0000,0.0000,0.0000,0.0000,0.0000,0.0000,0.0000,0.0000,0.0000,0.0000,0.0000,0.0000,0.0000,0.0000,0.0000,0.0000,0.0000,0.0000,0.0000,0.0000,0.0000
0.0219,0.0196,0.0181,0.0175,0.0165,0.0157,0.0142,0.0127,0.0126,0.0112,0.0123,0.0138,0.0150,0.0136,0.0139,0.0139,0.0120,0.0098,0.0078,0.0066,0.0073,0.0064,0.0058,0.0049,0.0030,0.0028,0.0044,0.0052
0.1299,0.1221,0.1178,0.1119,0.1050,0.0974,0.0943,0.0922,0.0907,0.0896,0.0878,0.0912,0.0901,0.0881,0.0861,0.0851,0.0831,0.0801,0.0782,0.0756,0.0725,0.0676,0.0663,0.0658,0.0632,0.0636,0.0654,0.0657
0.2053,0.1973,0.1927,0.1898,0.1853,0.1724,0.1635,0.1551,0.1471,0.1399,0.1365,0.1314,0.1203,0.1122,0.1047,0.0954,0.0907,0.0872,0.0838,0.0832,0.0805,0.0779,0.0739,0.0702,0.0702,0.0680,0.0657,0.0627
0.2149,0.2063,0.1979,0.1916,0.1855,0.1823,0.1729,0.1638,0.1548,0.1508,0.1473,0.1447,0.1355,0.1259,0.1185,0.1087,0.1006,0.0928,0.0864,0.0826,0.0811,0.0758,0.0719,0.0667,0.0651,0.0614,0.0576,0.0535
0.1879,0.1828,0.1769,0.1714,0.1664,0.1653,0.1597,0.1507,0.1429,0.1386,0.1341,0.1351,0.1265,0.1154,0.1064,0.1008,0.0924,0.0836,0.0744,0.0676,0.0590,0.0513,0.0448,0.0411,0.0376,0.0342,0.0331,0.0293
0.1004,0.1004,0.0947,0.0850,0.0763,0.0719,0.0695,0.0678,0.0639,0.0537,0.0469,0.0453,0.0389,0.0312,0.0254,0.0221,0.0203,0.0188,0.0178,0.0148,0.0134,0.0132,0.0131,0.0135,0.0140,0.0137,0.0130,0.0114
0.0168,0.0157,0.0149,0.0140,0.0120,0.0112,0.0107,0.0090,0.0080,0.0074,0.0074,0.0071,0.0073,0.0064,0.0079,0.0088,0.0087,0.0093,0.0091,0.0078,0.0069,0.0059,0.0055,0.0054,0.0051,0.0062,0.0077,0.0093
0.0663,0.0659,0.0650,0.0641,0.0625,0.0630,0.0616,0.0588,0.0565,0.0556,0.0558,0.0570,0.0578,0.0576,0.0565,0.0544,0.0539,0.0536,0.0542,0.0537,0.0529,0.0524,0.0518,0.0515,0.0501,0.0493,0.0520,0.0538
0.0664,0.0656,0.0639,0.0613,0.0597,0.0576,0.0554,0.0536,0.0522,0.0515,0.0503,0.0487,0.0472,0.0458,0.0408,0.0373,0.0353,0.0321,0.0304,0.0292,0.0282,0.0270,0.0264,0.0258,0.0255,0.0256,0.0260,0.0278
0.0199,0.0175,0.0163,0.0144,0.0129,0.0118,0.0098,0.0105,0.0106,0.0094,0.0079,0.0064,0.0056,0.0048,0.0034,0.0024,0.0019,0.0012,0.0007,0.0004,0.0003,0.0002,0.0002,0.0001,0.0001,0.0000,0.0001,0.0001
0.0039,0.0031,0.0026,0.0020,0.0013,0.0010,0.0008,0.0006,0.0005,0.0005,0.0004,0.0004,0.0003,0.0002,0.0002,0.0001,0.0001,0.0000,0.0000,0.0000,0.0000,0.0000,0.0000,0.0000,0.0000,0.0000,0.0000,0.0000
0.0279,0.0289,0.0293,0.0294,0.0306,0.0311,0.0303,0.0258,0.0238,0.0262,0.0271,0.0274,0.0278,0.0282,0.0279,0.0277,0.0272,0.0267,0.0267,0.0268,0.0254,0.0236,0.0267,0.0273,0.0263,0.0234,0.0226,0.0236
0.4033,0.4032,0.4041,0.4032,0.4084,0.4213,0.4171,0.4058,0.3982,0.3908,0.3885,0.3912,0.3932,0.3919,0.3911,0.3931,0.3959,0.3983,0.3988,0.4047,0.4041,0.3981,0.3998,0.4088,0.4117,0.4025,0.3921,0.3888
0.4200,0.4140,0.4045,0.3970,0.3900,0.3852,0.3880,0.3912,0.3823,0.3694,0.3571,0.3434,0.3319,0.3248,0.3208,0.3148,0.3096,0.3065,0.3050,0.3024,0.3054,0.3105,0.3086,0.3080,0.3107,0.3184,0.3190,0.3157
0.1620,0.1533,0.1455,0.1359,0.1229,0.0997,0.0862,0.0854,0.0853,0.0852,0.0841,0.0801,0.0734,0.0669,0.0648,0.0616,0.0561,0.0504,0.0474,0.0428,0.0383,0.0365,0.0341,0.0284,0.0250,0.0260,0.0268,0.0251
0.0000,0.0000,0.0000,0.0000,0.0000,0.0000,0.0000,0.0000,0.0000,0.0000,0.0000,0.0000,0.0000,0.0000,0.0000,0.0000,0.0000,0.0000,0.0000,0.0000,0.0000,0.0000,0.0000,0.0000,0.0000,0.0000,0.0000,0.0000
0.0000,0.0000,0.0000,0.0000,0.0000,0.0000,0.0000,0.0000,0.0000,0.0001,0.0000,0.0000,0.0001,0.0001,0.0000,0.0000,0.0000,0.0000,0.0000,0.0000,0.0000,0.0001,0.0001,0.0001,0.0001,0.0002,0.0003,0.0004
0.0073,0.0062,0.0053,0.0045,0.0040,0.0036,0.0033,0.0030,0.0028,0.0032,0.0033,0.0040,0.0049,0.0065,0.0074,0.0084,0.0093,0.0099,0.0104,0.0116,0.0124,0.0134,0.0146,0.0154,0.0161,0.0174,0.0184,0.0186
