0.329,0.3096,0.2924,0.2748,0.2611,0.2491,0.2371,0.2236,0.208,0.1929,0.1818,0.1662,0.1479,0.1342,0.1237,0.1136,0.0999,0.0878,0.0779,0.0714,0.0667,0.0627,0.0584,0.0538,0.0504,0.0473,0.0412,0.0349,0.0322,0.0279,0.0249,0.0216,0.0195,0.0191,0.019,0.0199,0.0209,0.0217,0.0226,0.022,0.0217,0.0221,0.0221,0.0213,0.0192,0.0181,0.0166,0.0165,0.0162,0.0156,0.0149,0.0142,0.014,0.0142,0.0136,0.0127,0.0119,0.012,0.0118,0.012,0.0113,0.0109,0.0107,0.0106,0.0095,0.0089,0.0085,0.0075,0.0073,0.0078,0.0077,0.008,0.0072,0.0065,0.0065,0.0067,0.0068,0.007,0.007,0.0069,0.0066,0.0065,0.0064,0.0064,0.0065,0.0061,0.0051,0.0041,0.0026,0.0017
0.373,0.36,0.3463,0.3349,0.3229,0.3135,0.2969,0.2829,0.2671,0.2518,0.2389,0.2282,0.2121,0.1962,0.186,0.1823,0.1754,0.1669,0.1591,0.1517,0.1417,0.133,0.126,0.1187,0.1142,0.1085,0.0973,0.0877,0.0785,0.0718,0.0656,0.0607,0.055,0.0513,0.0495,0.0492,0.0486,0.0475,0.0464,0.0461,0.045,0.0458,0.0463,0.0458,0.0435,0.0417,0.0405,0.0406,0.0404,0.0396,0.0384,0.0371,0.035,0.0337,0.0327,0.032,0.0322,0.0325,0.033,0.0336,0.0336,0.0324,0.0314,0.0297,0.0267,0.0242,0.0227,0.022,0.0211,0.02,0.0189,0.0173,0.0163,0.0155,0.0147,0.0135,0.0124,0.0105,0.0091,0.0085,0.0079,0.0072,0.0066,0.006,0.0052,0.0042,0.0026,0.0017,0.0015,0.0015
0.4291,0.4194,0.4088,0.4016,0.3936,0.3827,0.3693,0.3587,0.3536,0.3468,0.3392,0.3347,0.3298,0.3234,0.3149,0.3081,0.3001,0.2898,0.2773,0.2654,0.2502,0.2348,0.2239,0.2139,0.2031,0.1926,0.1819,0.1693,0.159,0.1508,0.1413,0.1324,0.1219,0.1113,0.1025,0.0969,0.0935,0.0905,0.0898,0.09,0.0887,0.0867,0.0851,0.0828,0.0804,0.0775,0.075,0.0727,0.0708,0.0684,0.0654,0.062,0.0589,0.0548,0.0508,0.0469,0.043,0.0387,0.0352,0.0306,0.0283,0.0244,0.0205,0.0165,0.0125,0.0098,0.0085,0.0073,0.0054,0.0042,0.0034,0.0026,0.0022,0.0016,0.0015,0.0013,0.001,0.001,0.0009,0.001,0.0014,0.0019,0.0023,0.004,0.0052,0.0052,0.0046,0.0039,0.003,0.0029
0.3058,0.3034,0.2982,0.2924,0.2907,0.2804,0.2763,0.2672,0.2577,0.2498,0.2417,0.2317,0.2264,0.2227,0.217,0.2076,0.1965,0.1877,0.1812,0.1733,0.1662,0.161,0.1569,0.153,0.149,0.1455,0.1457,0.1455,0.1455,0.1451,0.1447,0.1437,0.142,0.1402,0.1378,0.133,0.1292,0.1252,0.1202,0.1139,0.1087,0.1019,0.0962,0.092,0.0894,0.0861,0.0831,0.0799,0.0767,0.0722,0.0681,0.0638,0.0581,0.0528,0.0482,0.044,0.0356,0.0298,0.0247,0.0202,0.0169,0.0148,0.0141,0.0136,0.0126,0.0121,0.0116,0.0113,0.0111,0.0108,0.0104,0.01,0.0096,0.0092,0.009,0.0087,0.0083,0.0082,0.008,0.0075,0.0073,0.0071,0.0061,0.0041,0.0022,0.0015,0.0013,0.001,0.0008,0.0007
0.1569,0.1526,0.1461,0.1395,0.134,0.1294,0.1236,0.1169,0.1074,0.1014,0.0988,0.0968,0.0948,0.0928,0.0909,0.0851,0.0784,0.0736,0.07,0.0662,0.0622,0.0586,0.0525,0.0482,0.0444,0.0391,0.0377,0.0373,0.0367,0.0354,0.0337,0.0326,0.0314,0.0303,0.029,0.0249,0.0205,0.0181,0.0144,0.0114,0.0093,0.0076,0.0059,0.0046,0.0033,0.0022,0.0016,0.0013,0.0012,0.001,0.0009,0.0007,0.0006,0.0005,0.0005,0.0005,0.0003,0.0003,0.0002,0.0001,0.0,0.0,0.0,0.0,0.0,0.0,0.0,0.0,0.0,0.0,0.0,0.0,0.0,0.0,0.0,0.0,0.0,0.0,0.0,0.0,0.0,0.0,0.0,0.0,0.0,0.0,0.0,0.0,0.0,0.0
0.0678,0.0653,0.0612,0.0569,0.0543,0.0524,0.0482,0.0469,0.0452,0.0452,0.0438,0.0404,0.0382,0.0356,0.0304,0.0249,0.0188,0.0137,0.0103,0.0074,0.0051,0.003,0.0017,0.001,0.0006,0.0003,0.0002,0.0001,0.0,0.0,0.0,0.0,0.0,0.0,0.0,0.0,0.0,0.0,0.0,0.0,0.0,0.0,0.0,0.0001,0.0004,0.0006,0.0006,0.0005,0.0003,0.0002,0.0,0.0,0.0,0.0,0.0,0.0,0.0,0.0,0.0,0.0,0.0,0.0,0.0,0.0,0.0,0.0,0.0,0.0,0.0,0.0,0.0,0.0,0.0,0.0,0.0,0.0,0.0,0.0,0.0,0.0,0.0,0.0,0.0,0.0,0.0,0.0,0.0,0.0,0.0,0.0
0.1295,0.1271,0.1224,0.1116,0.106,0.104,0.0993,0.0991,0.0985,0.0971,0.0969,0.0967,0.0962,0.0957,0.0943,0.0919,0.0856,0.0866,0.085,0.0846,0.0818,0.0785,0.076,0.0731,0.0696,0.0658,0.0626,0.0594,0.0555,0.0521,0.049,0.0454,0.0415,0.0383,0.035,0.0321,0.0295,0.027,0.0244,0.0215,0.0189,0.0168,0.0142,0.0114,0.009,0.0071,0.0051,0.0034,0.0016,0.0008,0.0002,0.0001,0.0,0.0,0.0,0.0,0.0,0.0,0.0,0.0,0.0,0.0,0.0,0.0,0.0,0.0,0.0,0.0,0.0,0.0,0.0,0.0,0.0,0.0,0.0,0.0,0.0,0.0,0.0,0.0,0.0,0.0,0.0,0.0,0.0,0.0,0.0,0.0,0.0,0.0
0.1752,0.1704,0.1685,0.1652,0.1601,0.1531,0.1485,0.1399,0.1307,0.1208,0.1116,0.1034,0.0937,0.0853,0.0774,0.0725,0.0673,0.0608,0.0535,0.0475,0.0438,0.0391,0.0346,0.0311,0.0277,0.0248,0.0225,0.0199,0.0174,0.0147,0.0124,0.0103,0.0086,0.0076,0.0067,0.0059,0.0052,0.0047,0.0041,0.0033,0.0027,0.0022,0.0019,0.0015,0.0012,0.0009,0.0007,0.0004,0.0001,0.0,0.0,0.0,0.0,0.0,0.0,0.0,0.0,0.0,0.0,0.0,0.0,0.0,0.0,0.0,0.0,0.0,0.0,0.0,0.0,0.0,0.0,0.0,0.0,0.0,0.0,0.0,0.0,0.0,0.0,0.0,0.0,0.0,0.0,0.0,0.0,0.0,0.0,0.0,0.0,0.0
0.0756,0.0725,0.0695,0.0674,0.0637,0.0613,0.0592,0.0565,0.054,0.0509,0.0465,0.0423,0.0371,0.0328,0.0287,0.0259,0.0243,0.022,0.0204,0.0176,0.0154,0.0139,0.0123,0.0106,0.0089,0.0075,0.0064,0.006,0.0059,0.0055,0.0052,0.0052,0.0051,0.0051,0.0047,0.0042,0.0045,0.0046,0.0047,0.0049,0.0051,0.005,0.0053,0.0056,0.0055,0.0058,0.0057,0.0054,0.0053,0.0048,0.0046,0.0042,0.0034,0.0027,0.0018,0.0013,0.0008,0.0004,0.0002,0.0,0.0,0.0,0.0,0.0,0.0,0.0,0.0,0.0,0.0,0.0,0.0,0.0,0.0,0.0,0.0,0.0,0.0,0.0,0.0,0.0,0.0,0.0,0.0,0.0,0.0,0.0,0.0,0.0,0.0,0.0
0.0708,0.0677,0.0662,0.0654,0.0626,0.0586,0.057,0.0558,0.0547,0.0535,0.0525,0.0505,0.0492,0.0469,0.0458,0.0443,0.0421,0.0362,0.0392,0.0381,0.0371,0.0361,0.0355,0.0354,0.0359,0.0358,0.0355,0.0354,0.0351,0.0346,0.0339,0.0334,0.0329,0.0318,0.0302,0.0278,0.0273,0.0252,0.0237,0.022,0.0197,0.0175,0.0157,0.0137,0.0118,0.01,0.0083,0.0066,0.0054,0.0048,0.0037,0.0026,0.0018,0.001,0.0006,0.0003,0.0002,0.0,0.0,0.0,0.0,0.0,0.0,0.0,0.0,0.0,0.0,0.0,0.0,0.0,0.0,0.0,0.0,0.0,0.0,0.0,0.0,0.0,0.0,0.0,0.0,0.0,0.0,0.0,0.0,0.0,0.0,0.0,0.0,0.0
0.0833,0.0784,0.0745,0.0711,0.0704,0.068,0.0649,0.0618,0.0583,0.0543,0.051,0.0484,0.0453,0.0415,0.0382,0.0359,0.0344,0.0316,0.0293,0.0267,0.0254,0.0238,0.0221,0.0212,0.0204,0.0197,0.0191,0.0182,0.0176,0.0166,0.0157,0.0148,0.0151,0.0154,0.0156,0.015,0.0139,0.0145,0.0146,0.0146,0.0147,0.0152,0.0146,0.0147,0.015,0.0153,0.015,0.0146,0.0135,0.0134,0.0129,0.0119,0.0115,0.0105,0.0098,0.0092,0.0093,0.0095,0.0102,0.0102,0.0101,0.0104,0.0103,0.0104,0.0097,0.0091,0.0084,0.0077,0.007,0.0063,0.0058,0.0052,0.0042,0.0032,0.0025,0.0017,0.0013,0.001,0.0006,0.0003,0.0001,0.0,0.0,0.0,0.0,0.0,0.0,0.0,0.0,0.0
0.0764,0.0752,0.0732,0.0728,0.0742,0.0742,0.0728,0.0725,0.0741,0.0744,0.0752,0.076,0.0739,0.0747,0.0716,0.0708,0.0704,0.0689,0.0676,0.0655,0.0655,0.065,0.0631,0.0617,0.061,0.0605,0.0601,0.06,0.0592,0.0581,0.0573,0.0564,0.0556,0.0534,0.0518,0.0515,0.0505,0.0479,0.0464,0.0457,0.0449,0.0432,0.0425,0.0406,0.0382,0.0365,0.0353,0.0343,0.0334,0.0317,0.0308,0.0294,0.0293,0.0289,0.0278,0.0266,0.0252,0.0238,0.0211,0.018,0.0161,0.0134,0.0115,0.0098,0.0082,0.0061,0.0042,0.0028,0.0019,0.0012,0.0008,0.0004,0.0002,0.0001,0.0001,0.0,0.0,0.0,0.0,0.0,0.0,0.0,0.0,0.0,0.0,0.0,0.0,0.0,0.0,0.0
0.0894,0.0879,0.085,0.0829,0.0827,0.0835,0.0839,0.0826,0.0809,0.0803,0.079,0.0776,0.0753,0.0744,0.0732,0.0727,0.0702,0.0698,0.0679,0.0669,0.0657,0.0634,0.0612,0.0587,0.0562,0.0535,0.0509,0.0479,0.0456,0.0436,0.0417,0.04,0.0365,0.0344,0.0325,0.0308,0.0295,0.0274,0.0255,0.0241,0.0218,0.0186,0.016,0.0147,0.0124,0.0095,0.0077,0.0065,0.0056,0.0048,0.0041,0.0035,0.0027,0.0018,0.0012,0.0009,0.0006,0.0003,0.0001,0.0,0.0,0.0,0.0,0.0,0.0,0.0,0.0,0.0,0.0,0.0,0.0,0.0,0.0,0.0,0.0,0.0,0.0,0.0,0.0,0.0,0.0,0.0,0.0,0.0,0.0,0.0,0.0,0.0,0.0,0.0
0.0635,0.0617,0.0615,0.0597,0.0551,0.0491,0.045,0.0424,0.0396,0.0353,0.0323,0.0294,0.028,0.026,0.0253,0.0239,0.0227,0.0219,0.0211,0.0196,0.0165,0.0137,0.0125,0.0109,0.0095,0.0083,0.0069,0.0055,0.0046,0.0039,0.0034,0.003,0.0024,0.0019,0.0016,0.0013,0.0009,0.0005,0.0002,0.0002,0.0001,0.0001,0.0,0.0,0.0,0.0,0.0,0.0,0.0,0.0,0.0,0.0,0.0,0.0,0.0,0.0,0.0,0.0,0.0,0.0,0.0,0.0,0.0,0.0,0.0,0.0,0.0,0.0,0.0,0.0,0.0,0.0,0.0,0.0,0.0,0.0,0.0,0.0,0.0,0.0,0.0,0.0,0.0,0.0,0.0,0.0,0.0,0.0,0.0,0.0
0.0358,0.0352,0.0342,0.034,0.0321,0.0314,0.0321,0.0327,0.0315,0.0308,0.0308,0.0308,0.0322,0.0321,0.0309,0.0298,0.0292,0.0284,0.0284,0.0316,0.0331,0.034,0.0351,0.0346,0.0332,0.032,0.0305,0.03,0.0287,0.0282,0.0278,0.0279,0.0272,0.026,0.0253,0.0245,0.0236,0.0238,0.0221,0.0209,0.0207,0.0196,0.0183,0.0176,0.0158,0.0151,0.0142,0.0127,0.0106,0.0085,0.0071,0.0058,0.0052,0.0038,0.0028,0.002,0.0013,0.0009,0.0006,0.0003,0.0001,0.0,0.0,0.0,0.0,0.0,0.0,0.0,0.0,0.0,0.0,0.0,0.0,0.0,0.0,0.0,0.0,0.0,0.0,0.0,0.0,0.0,0.0,0.0,0.0,0.0,0.0,0.0,0.0,0.0
0.0833,0.0848,0.0871,0.0902,0.0919,0.0902,0.089,0.088,0.0862,0.0837,0.0819,0.0804,0.0816,0.0839,0.0844,0.0836,0.083,0.0804,0.0765,0.0747,0.0737,0.0728,0.0712,0.0716,0.07,0.0693,0.0675,0.0645,0.062,0.059,0.059,0.0578,0.0577,0.0562,0.0547,0.0542,0.053,0.0549,0.054,0.0514,0.0504,0.05,0.0462,0.0421,0.0394,0.0371,0.0348,0.0326,0.0297,0.0261,0.0238,0.022,0.0205,0.0192,0.0173,0.0159,0.0139,0.0124,0.011,0.0088,0.0071,0.006,0.005,0.0043,0.0038,0.0031,0.0024,0.0017,0.0013,0.0006,0.0003,0.0,0.0,0.0,0.0,0.0,0.0,0.0,0.0,0.0,0.0,0.0,0.0,0.0,0.0,0.0,0.0,0.0,0.0,0.0
0.1866,0.1854,0.1802,0.1823,0.1862,0.1865,0.1874,0.184,0.1829,0.1817,0.1778,0.1727,0.1686,0.1688,0.1687,0.1683,0.1664,0.1626,0.1587,0.1526,0.1459,0.138,0.1311,0.1256,0.1228,0.1209,0.1204,0.1162,0.111,0.1069,0.1044,0.1003,0.0975,0.093,0.0873,0.082,0.0773,0.0724,0.0692,0.0654,0.0587,0.0527,0.0499,0.0465,0.0425,0.0366,0.033,0.0302,0.0277,0.0256,0.0221,0.0192,0.0158,0.0124,0.0091,0.0069,0.0057,0.0047,0.004,0.0028,0.002,0.0015,0.0012,0.0007,0.0004,0.0003,0.0001,0.0001,0.0001,0.0,0.0,0.0,0.0,0.0,0.0,0.0,0.0,0.0,0.0,0.0,0.0,0.0,0.0,0.0,0.0,0.0,0.0,0.0,0.0,0.0
0.2869,0.2809,0.2655,0.2556,0.2509,0.247,0.2412,0.2339,0.2255,0.2181,0.2087,0.1965,0.1822,0.1676,0.1565,0.1438,0.1312,0.1159,0.1042,0.0931,0.0807,0.0719,0.0664,0.0595,0.0533,0.048,0.0451,0.0428,0.0413,0.041,0.0342,0.0311,0.0273,0.0271,0.0253,0.0216,0.0197,0.0174,0.0134,0.0137,0.0116,0.0091,0.0083,0.007,0.0058,0.0044,0.0037,0.0035,0.0031,0.003,0.0027,0.0023,0.002,0.0016,0.0013,0.0011,0.001,0.0008,0.0006,0.0004,0.0002,0.0001,0.0001,0.0001,0.0001,0.0001,0.0001,0.0001,0.0,0.0,0.0,0.0,0.0,0.0,0.0,0.0,0.0,0.0,0.0,0.0,0.0,0.0,0.0,0.0,0.0,0.0,0.0,0.0,0.0,0.0
0.3084,0.2951,0.2932,0.2697,0.2652,0.2609,0.2468,0.2368,0.2274,0.2232,0.2157,0.2046,0.1896,0.1747,0.1663,0.1578,0.1485,0.1397,0.1284,0.118,0.1085,0.0994,0.0916,0.0907,0.0961,0.0977,0.0943,0.0901,0.0863,0.0804,0.0802,0.0849,0.0868,0.0831,0.0821,0.0829,0.0832,0.0818,0.0815,0.0776,0.0722,0.0687,0.0643,0.0589,0.0552,0.0522,0.0476,0.0433,0.0433,0.0417,0.0383,0.0367,0.0339,0.0321,0.0301,0.0261,0.0219,0.018,0.0152,0.013,0.0094,0.0067,0.0058,0.0062,0.0056,0.0039,0.0025,0.0015,0.0008,0.0002,0.0,0.0,0.0,0.0,0.0,0.0,0.0,0.0,0.0,0.0,0.0,0.0,0.0,0.0,0.0,0.0,0.0,0.0,0.0,0.0
0.4052,0.3858,0.3942,0.3836,0.3754,0.3703,0.3504,0.3369,0.3271,0.321,0.3174,0.3125,0.3037,0.2968,0.2897,0.2818,0.273,0.2641,0.2568,0.2538,0.2476,0.2404,0.2314,0.2247,0.2145,0.2052,0.1977,0.1925,0.1892,0.188,0.184,0.1796,0.1758,0.1731,0.1693,0.1638,0.1578,0.1521,0.1457,0.1398,0.134,0.1266,0.1214,0.1167,0.1114,0.1068,0.1022,0.0972,0.092,0.0872,0.083,0.0788,0.0737,0.0673,0.0616,0.057,0.0526,0.0496,0.0468,0.0425,0.0368,0.0309,0.0258,0.0227,0.0204,0.0165,0.0123,0.0078,0.0033,0.0011,0.0001,0.0,0.0,0.0,0.0,0.0,0.0,0.0,0.0,0.0,0.0,0.0,0.0,0.0,0.0,0.0,0.0,0.0,0.0,0.0
0.435,0.4219,0.419,0.4144,0.4065,0.3973,0.383,0.3688,0.3587,0.3462,0.3367,0.3296,0.3197,0.3082,0.2978,0.2872,0.2734,0.2589,0.2484,0.2403,0.2258,0.2142,0.2013,0.1901,0.1762,0.1621,0.1533,0.1441,0.1358,0.128,0.1207,0.1118,0.1032,0.0958,0.0843,0.0725,0.0618,0.0522,0.0435,0.0365,0.0309,0.026,0.0227,0.0208,0.017,0.0137,0.0117,0.01,0.0082,0.0072,0.0071,0.0058,0.0045,0.0034,0.0026,0.0023,0.0023,0.0023,0.0022,0.002,0.0017,0.0015,0.0013,0.0006,0.0005,0.0004,0.0003,0.0001,0.0,0.0,0.0,0.0,0.0,0.0,0.0,0.0,0.0,0.0,0.0,0.0,0.0,0.0,0.0,0.0,0.0,0.0,0.0,0.0,0.0,0.0
0.4016,0.3895,0.3855,0.3809,0.3682,0.3519,0.3344,0.3261,0.3204,0.313,0.3038,0.2994,0.2944,0.2848,0.276,0.2659,0.2529,0.2401,0.2303,0.2148,0.2013,0.1912,0.1819,0.1707,0.1633,0.1584,0.1544,0.1471,0.1388,0.1313,0.1225,0.1142,0.1081,0.0979,0.0848,0.0713,0.0589,0.0539,0.048,0.043,0.0408,0.0372,0.0323,0.0256,0.0203,0.0176,0.0151,0.0119,0.009,0.0064,0.0044,0.003,0.0015,0.0004,0.0001,0.0,0.0,0.0,0.0,0.0,0.0,0.0,0.0,0.0,0.0,0.0,0.0,0.0,0.0,0.0,0.0,0.0,0.0,0.0,0.0,0.0,0.0,0.0,0.0,0.0,0.0,0.0,0.0,0.0,0.0,0.0,0.0,0.0,0.0,0.0
0.5269,0.5101,0.4972,0.4845,0.4705,0.4588,0.4468,0.4275,0.4229,0.4176,0.4076,0.3979,0.3906,0.3797,0.369,0.3586,0.3467,0.3355,0.3224,0.3035,0.2921,0.2765,0.2583,0.2465,0.2354,0.2231,0.2058,0.1918,0.1778,0.163,0.1492,0.1342,0.1259,0.1155,0.1065,0.099,0.0931,0.0863,0.078,0.0692,0.0639,0.0581,0.0527,0.0459,0.0398,0.0323,0.025,0.0176,0.0113,0.007,0.0037,0.0023,0.0009,0.0002,0.0001,0.0,0.0,0.0,0.0,0.0,0.0,0.0,0.0,0.0,0.0,0.0,0.0,0.0,0.0,0.0,0.0,0.0,0.0,0.0,0.0,0.0,0.0,0.0,0.0,0.0,0.0,0.0,0.0,0.0,0.0,0.0,0.0,0.0,0.0,0.0
0.4278,0.4227,0.4165,0.4055,0.3928,0.3845,0.3818,0.3763,0.3653,0.3569,0.3495,0.3392,0.3283,0.3201,0.3116,0.3046,0.2981,0.2896,0.2796,0.2731,0.2656,0.2597,0.2486,0.2359,0.2273,0.22,0.2115,0.1986,0.1826,0.1665,0.1508,0.1358,0.126,0.1148,0.1031,0.0945,0.0843,0.075,0.0666,0.0582,0.0541,0.0474,0.0422,0.0383,0.0341,0.029,0.0237,0.0193,0.0145,0.01,0.0069,0.0049,0.0042,0.003,0.0026,0.0023,0.002,0.0016,0.0012,0.0012,0.0016,0.0021,0.0022,0.0023,0.0024,0.0025,0.0025,0.0025,0.0026,0.0035,0.0041,0.0042,0.0042,0.0039,0.0038,0.0037,0.0037,0.0035,0.0039,0.0045,0.0051,0.0059,0.0062,0.006,0.0054,0.0052,0.0055,0.0055,0.0056,0.0053
0.2066,0.2018,0.1925,0.1867,0.1802,0.174,0.17,0.166,0.1578,0.1489,0.1397,0.1311,0.1253,0.12,0.1155,0.1125,0.1095,0.1078,0.1058,0.1051,0.102,0.1002,0.0959,0.0933,0.0914,0.0908,0.0911,0.0891,0.0866,0.0814,0.0767,0.0741,0.0713,0.0686,0.0664,0.0638,0.0601,0.0566,0.0537,0.0518,0.048,0.0442,0.0411,0.038,0.0348,0.0308,0.0293,0.0292,0.029,0.0285,0.0277,0.0283,0.0297,0.0301,0.0311,0.0317,0.0326,0.0325,0.0321,0.0323,0.0322,0.0319,0.0316,0.0312,0.0309,0.0306,0.0299,0.0286,0.0283,0.0268,0.0248,0.0232,0.0218,0.0209,0.0199,0.0187,0.0176,0.0171,0.0166,0.0161,0.0155,0.0141,0.013,0.0117,0.0106,0.0101,0.0096,0.0083,0.0072,0.0065
0.1669,0.1605,0.1534,0.1485,0.1443,0.1384,0.1338,0.1304,0.1252,0.1191,0.1151,0.1102,0.1063,0.1024,0.0994,0.097,0.0954,0.0933,0.0919,0.0914,0.091,0.0885,0.0883,0.0877,0.0879,0.087,0.0862,0.0849,0.0831,0.0816,0.0801,0.0797,0.0791,0.0769,0.0762,0.0752,0.0739,0.0721,0.071,0.0694,0.0679,0.0659,0.0643,0.0626,0.0602,0.058,0.0558,0.0526,0.0491,0.0463,0.0442,0.041,0.0367,0.032,0.0278,0.0241,0.0202,0.0178,0.0159,0.0141,0.0125,0.0106,0.009,0.008,0.0069,0.0061,0.0059,0.0061,0.0052,0.0046,0.0043,0.004,0.0038,0.0038,0.0037,0.0036,0.0035,0.0033,0.003,0.0028,0.0022,0.0018,0.0012,0.0007,0.0008,0.0008,0.0007,0.0006,0.0005,0.0003
0.1822,0.1782,0.1729,0.1676,0.1656,0.1628,0.1572,0.1525,0.1466,0.141,0.1378,0.132,0.1268,0.1226,0.1196,0.1155,0.1113,0.1068,0.1024,0.0986,0.0965,0.0946,0.0906,0.0888,0.0863,0.0834,0.0801,0.0758,0.0717,0.0688,0.0644,0.0587,0.0541,0.0523,0.0482,0.0432,0.0402,0.0373,0.0345,0.0316,0.0287,0.0263,0.0231,0.0185,0.0156,0.0131,0.0105,0.0075,0.0054,0.0038,0.0023,0.0012,0.0004,0.0001,0.0,0.0,0.0,0.0,0.0,0.0,0.0,0.0,0.0,0.0,0.0,0.0,0.0,0.0,0.0,0.0,0.0,0.0,0.0,0.0,0.0,0.0,0.0,0.0,0.0,0.0,0.0,0.0,0.0,0.0,0.0,0.0,0.0,0.0,0.0,0.0
0.035,0.0317,0.0275,0.0256,0.0269,0.0274,0.0284,0.0316,0.0363,0.0362,0.036,0.0363,0.0342,0.0301,0.0262,0.0246,0.0234,0.0221,0.0212,0.0195,0.0196,0.0203,0.0212,0.0189,0.015,0.0123,0.0101,0.0083,0.0073,0.0067,0.0059,0.004,0.0022,0.0017,0.0008,0.0,0.0,0.0,0.0,0.0,0.0,0.0,0.0,0.0,0.0,0.0,0.0,0.0,0.0,0.0,0.0,0.0,0.0,0.0,0.0,0.0,0.0,0.0,0.0,0.0,0.0,0.0,0.0,0.0,0.0,0.0,0.0,0.0,0.0,0.0,0.0,0.0,0.0,0.0,0.0,0.0,0.0,0.0,0.0,0.0,0.0,0.0,0.0,0.0,0.0,0.0,0.0,0.0,0.0,0.0
0.0038,0.0028,0.0024,0.002,0.0017,0.0015,0.0014,0.0014,0.0014,0.0012,0.0011,0.0009,0.0007,0.0007,0.0007,0.0006,0.0006,0.0005,0.0004,0.0003,0.0003,0.0003,0.0003,0.0003,0.0003,0.0003,0.0002,0.0002,0.0002,0.0002,0.0001,0.0001,0.0001,0.0001,0.0001,0.0,0.0,0.0,0.0,0.0,0.0,0.0,0.0,0.0,0.0,0.0,0.0,0.0,0.0,0.0,0.0,0.0,0.0,0.0,0.0,0.0,0.0,0.0,0.0,0.0,0.0,0.0,0.0,0.0,0.0,0.0,0.0,0.0,0.0,0.0,0.0,0.0,0.0,0.0,0.0,0.0,0.0,0.0,0.0,0.0,0.0,0.0,0.0,0.0,0.0,0.0,0.0,0.0,0.0,0.0
0.0368,0.0355,0.035,0.0351,0.0353,0.0357,0.0363,0.0365,0.037,0.0367,0.0369,0.0375,0.0376,0.0374,0.0368,0.0357,0.0358,0.0359,0.0355,0.0352,0.0344,0.0334,0.0331,0.0329,0.033,0.0337,0.034,0.0338,0.0336,0.0334,0.0321,0.0309,0.0314,0.0332,0.0346,0.0347,0.0344,0.0341,0.0339,0.0338,0.0339,0.0339,0.0345,0.0351,0.035,0.0347,0.0343,0.0345,0.0344,0.0345,0.0341,0.0338,0.0341,0.0344,0.0345,0.0345,0.0345,0.0345,0.0344,0.0341,0.0339,0.0341,0.034,0.0337,0.0333,0.0329,0.0322,0.0311,0.0303,0.0303,0.0308,0.0307,0.0309,0.0313,0.031,0.0309,0.0315,0.0322,0.0315,0.0318,0.0329,0.0342,0.0344,0.0338,0.0317,0.0282,0.0263,0.0265,0.0264,0.0255
0.4407,0.437,0.441,0.4484,0.4539,0.4611,0.4626,0.4632,0.4612,0.4581,0.4678,0.4775,0.482,0.4917,0.5008,0.5025,0.5037,0.5025,0.5,0.5008,0.504,0.5052,0.5063,0.5045,0.5039,0.5068,0.5108,0.5109,0.5086,0.5036,0.4948,0.4886,0.4922,0.5022,0.51,0.511,0.5101,0.5084,0.5026,0.496,0.4952,0.5002,0.5029,0.5134,0.5148,0.5112,0.5048,0.5055,0.5042,0.5045,0.5044,0.5019,0.5016,0.4915,0.483,0.4798,0.4766,0.4754,0.4744,0.4723,0.4708,0.4647,0.4623,0.4596,0.4555,0.4505,0.4456,0.4415,0.4369,0.4338,0.4328,0.4296,0.4281,0.4263,0.4234,0.4223,0.4218,0.4209,0.4194,0.4179,0.4174,0.4154,0.4115,0.408,0.4069,0.4031,0.4039,0.4048,0.4059,0.4059
0.4921,0.4828,0.4731,0.4695,0.464,0.4575,0.4558,0.4525,0.4513,0.4546,0.4442,0.4345,0.4338,0.4305,0.4291,0.4268,0.4168,0.4056,0.3999,0.3928,0.3759,0.3629,0.3575,0.3564,0.3501,0.3459,0.3319,0.3241,0.3191,0.308,0.3076,0.308,0.3006,0.2907,0.2787,0.2791,0.2776,0.2725,0.27,0.2673,0.2607,0.2509,0.2421,0.2289,0.2148,0.2032,0.1914,0.1769,0.169,0.1623,0.1529,0.1421,0.1264,0.1148,0.1113,0.1088,0.1069,0.1031,0.0998,0.0951,0.0891,0.0832,0.0796,0.0783,0.0777,0.0781,0.0775,0.0777,0.0769,0.0753,0.0741,0.0751,0.0748,0.0742,0.0744,0.0743,0.0751,0.0754,0.0758,0.0778,0.0794,0.0794,0.0787,0.0798,0.0821,0.0845,0.0871,0.0898,0.0933,0.0963
0.4967,0.4814,0.4682,0.4557,0.4495,0.4434,0.44,0.4314,0.4234,0.4221,0.4136,0.4025,0.3956,0.3834,0.3685,0.3544,0.3435,0.3329,0.3198,0.3059,0.2827,0.2639,0.2547,0.2464,0.2372,0.2308,0.2219,0.2149,0.2066,0.1942,0.1848,0.1774,0.1736,0.1699,0.1624,0.1555,0.1479,0.1379,0.1293,0.1219,0.1142,0.1082,0.0992,0.088,0.0701,0.0514,0.0393,0.0278,0.0194,0.0134,0.0086,0.0054,0.0044,0.0038,0.0029,0.0027,0.0023,0.0022,0.0018,0.0017,0.0016,0.0016,0.0015,0.0013,0.0013,0.0012,0.0012,0.0009,0.0008,0.0007,0.0006,0.0006,0.0005,0.0003,0.0003,0.0003,0.0002,0.0002,0.0003,0.0004,0.0004,0.0004,0.0003,0.0003,0.0005,0.0007,0.001,0.0013,0.0017,0.0021
0.5303,0.5217,0.5126,0.4987,0.4864,0.4801,0.473,0.4673,0.4565,0.4529,0.4472,0.4344,0.424,0.4163,0.4046,0.4005,0.3958,0.3899,0.3799,0.3683,0.3605,0.3526,0.3391,0.3258,0.3136,0.2991,0.2844,0.2679,0.2507,0.2362,0.2224,0.2096,0.1953,0.1768,0.1609,0.1444,0.1262,0.108,0.0936,0.0794,0.0624,0.0535,0.0441,0.0357,0.0275,0.0205,0.0159,0.0123,0.0088,0.006,0.0037,0.0017,0.0008,0.0004,0.0001,0.0,0.0,0.0,0.0,0.0,0.0,0.0,0.0,0.0,0.0,0.0,0.0,0.0,0.0,0.0,0.0,0.0,0.0,0.0,0.0,0.0,0.0,0.0,0.0,0.0,0.0,0.0,0.0,0.0,0.0,0.0,0.0,0.0,0.0,0.0
0.485,0.4731,0.4663,0.4556,0.4414,0.4298,0.4205,0.4125,0.4043,0.3939,0.3871,0.3785,0.3685,0.3613,0.3546,0.3425,0.3303,0.3205,0.31,0.3,0.2903,0.2816,0.2701,0.2576,0.2431,0.2257,0.2073,0.1894,0.1696,0.1497,0.1329,0.1137,0.0994,0.0836,0.0682,0.0576,0.0453,0.0313,0.0189,0.0139,0.0053,0.0022,0.0007,0.0,0.0,0.0,0.0,0.0,0.0,0.0,0.0,0.0,0.0,0.0,0.0,0.0,0.0,0.0,0.0,0.0,0.0,0.0,0.0,0.0,0.0,0.0,0.0,0.0,0.0,0.0,0.0,0.0,0.0,0.0,0.0,0.0,0.0,0.0,0.0,0.0,0.0,0.0,0.0,0.0,0.0,0.0,0.0,0.0,0.0,0.0
0.4164,0.4046,0.3952,0.3865,0.3747,0.3593,0.3456,0.3298,0.312,0.2947,0.2788,0.264,0.2557,0.2429,0.2285,0.2111,0.1945,0.1773,0.1627,0.1484,0.1345,0.1244,0.1136,0.1015,0.0897,0.0802,0.0729,0.0683,0.0624,0.0559,0.049,0.0403,0.0333,0.0259,0.0189,0.0147,0.0094,0.0052,0.002,0.0012,0.0011,0.0014,0.0016,0.0021,0.0021,0.0021,0.0028,0.0034,0.0042,0.0051,0.0056,0.006,0.0057,0.0054,0.0054,0.0052,0.0041,0.0038,0.0036,0.0033,0.0029,0.0025,0.0021,0.0016,0.0011,0.0007,0.0008,0.0007,0.0004,0.0001,0.0001,0.0,0.0001,0.0,0.0001,0.0003,0.0003,0.0002,0.0,0.0,0.0002,0.0003,0.0009,0.0013,0.0015,0.002,0.0017,0.001,0.0007,0.0012
