0.3426,0.3333,0.3219,0.3124,0.305,0.2948,0.2831,0.2692,0.2572,0.2461,0.2311,0.2225,0.2108,0.1935,0.1774,0.1643,0.1479,0.1427,0.1312,0.1157,0.1054,0.0969,0.0854,0.0738,0.065,0.0587,0.056,0.0528,0.0468,0.042,0.0371,0.0328,0.0295,0.0217,0.0182,0.0164,0.0158,0.0152,0.0141,0.013,0.0115,0.0085,0.007,0.0073,0.0076,0.0075,0.0073,0.0068,0.0062,0.0057,0.0074,0.0102,0.0114,0.0118,0.0118,0.0118,0.0127,0.0138,0.0145,0.0142,0.0136,0.0131,0.0122,0.0115,0.0108,0.01,0.0099,0.0089,0.008,0.0074,0.0066,0.0058,0.0049,0.0044,0.0042,0.004,0.0042,0.0043,0.0043,0.0051,0.006,0.0067,0.0073,0.0078,0.0086,0.0086,0.0086,0.009,0.0088,0.0092
0.3796,0.3731,0.3665,0.3581,0.3495,0.341,0.3341,0.3248,0.3173,0.3126,0.3028,0.2927,0.2814,0.2669,0.255,0.2438,0.2334,0.2252,0.2134,0.1987,0.1825,0.1714,0.1607,0.1484,0.138,0.1292,0.1324,0.1335,0.1263,0.1156,0.1042,0.0927,0.0846,0.0732,0.064,0.0591,0.0556,0.0523,0.0498,0.0484,0.0468,0.045,0.0435,0.0436,0.0432,0.0425,0.0419,0.0415,0.0402,0.0381,0.0376,0.0351,0.0325,0.0312,0.0301,0.0292,0.0283,0.0265,0.0252,0.0243,0.0238,0.0239,0.0242,0.0246,0.0244,0.0237,0.0241,0.0248,0.0253,0.026,0.0268,0.0273,0.0275,0.0278,0.0285,0.0294,0.0301,0.0308,0.0309,0.0304,0.0295,0.0292,0.0298,0.0305,0.0302,0.0298,0.0294,0.0278,0.0266,0.0265
0.4317,0.4249,0.4169,0.4107,0.405,0.3987,0.3947,0.3895,0.384,0.3793,0.3786,0.3724,0.3664,0.3587,0.3492,0.3412,0.334,0.3276,0.3186,0.3091,0.3004,0.2891,0.2782,0.2664,0.2531,0.2391,0.2316,0.2137,0.2022,0.193,0.1818,0.1714,0.1605,0.1535,0.1455,0.138,0.1303,0.12,0.1101,0.1032,0.0974,0.0931,0.0887,0.0844,0.082,0.0785,0.0754,0.0734,0.0702,0.0666,0.0644,0.0629,0.0609,0.0592,0.0575,0.0547,0.0521,0.0492,0.0473,0.0459,0.0471,0.0467,0.0454,0.0442,0.0427,0.0414,0.0386,0.037,0.0357,0.0345,0.0332,0.0322,0.0305,0.0291,0.0275,0.0259,0.0239,0.0222,0.0218,0.0207,0.0176,0.015,0.0124,0.0106,0.0091,0.008,0.0076,0.0066,0.0068,0.0064
0.3086,0.308,0.3053,0.3,0.2966,0.2906,0.2805,0.2754,0.2692,0.2595,0.2491,0.2433,0.2379,0.2335,0.2287,0.2234,0.2175,0.2114,0.2032,0.1987,0.196,0.1903,0.1853,0.183,0.1794,0.1768,0.1715,0.166,0.1615,0.1553,0.1515,0.1491,0.1474,0.1466,0.1435,0.1428,0.1405,0.1379,0.1345,0.1298,0.1254,0.1222,0.1191,0.1159,0.1122,0.1085,0.1042,0.0997,0.0955,0.0943,0.0892,0.0841,0.0784,0.0734,0.0696,0.0659,0.0611,0.0582,0.0548,0.0514,0.0478,0.0439,0.0409,0.0383,0.0355,0.0331,0.0285,0.0259,0.0236,0.0218,0.0203,0.0193,0.0184,0.0177,0.017,0.0164,0.0157,0.0149,0.0137,0.0126,0.0115,0.0105,0.0098,0.0091,0.0081,0.0075,0.0072,0.0066,0.0064,0.0061
0.1587,0.1557,0.151,0.1438,0.1379,0.1346,0.1299,0.1226,0.1144,0.1085,0.1032,0.1009,0.0984,0.0956,0.096,0.0938,0.0911,0.0868,0.0835,0.0821,0.0781,0.0728,0.0696,0.0634,0.0604,0.0589,0.0542,0.0453,0.0354,0.0274,0.0228,0.0201,0.019,0.0177,0.0158,0.0152,0.013,0.01,0.0085,0.0076,0.0069,0.0063,0.0056,0.0049,0.0043,0.0038,0.0034,0.0029,0.0024,0.0024,0.0022,0.0015,0.0013,0.0011,0.001,0.0009,0.0009,0.0007,0.0006,0.0006,0.0005,0.0005,0.0005,0.0005,0.0005,0.0005,0.0003,0.0003,0.0003,0.0003,0.0003,0.0002,0.0002,0.0002,0.0001,0.0,0.0,0.0,0.0,0.0,0.0,0.0,0.0,0.0,0.0,0.0,0.0,0.0,0.0,0.0
0.0687,0.0662,0.0622,0.058,0.0568,0.055,0.051,0.0484,0.0474,0.0468,0.0457,0.0448,0.0422,0.0382,0.0338,0.0292,0.0239,0.0185,0.0142,0.0113,0.008,0.0062,0.0049,0.0032,0.0027,0.0019,0.0013,0.0006,0.0006,0.0009,0.0014,0.0024,0.0029,0.0029,0.0032,0.0031,0.0031,0.0027,0.0024,0.0019,0.0018,0.0031,0.0044,0.0046,0.0046,0.0044,0.0041,0.0042,0.0044,0.0042,0.0039,0.0032,0.0032,0.0034,0.0042,0.0041,0.0037,0.0029,0.0025,0.003,0.0023,0.0017,0.0014,0.0011,0.0007,0.0008,0.0003,0.0,0.0,0.0,0.0,0.0,0.0,0.0,0.0,0.0,0.0,0.0,0.0,0.0,0.0,0.0,0.0,0.0,0.0,0.0,0.0,0.0,0.0,0.0
0.1323,0.1308,0.1272,0.1187,0.117,0.1146,0.1087,0.1046,0.1029,0.1025,0.0995,0.0983,0.1005,0.0937,0.0885,0.087,0.0833,0.0793,0.0812,0.0739,0.0709,0.0719,0.0688,0.0659,0.0648,0.0623,0.0602,0.0565,0.0556,0.0542,0.0525,0.0526,0.0529,0.0522,0.0518,0.0507,0.0489,0.047,0.0449,0.0428,0.0403,0.0398,0.0362,0.0336,0.0308,0.0283,0.026,0.0233,0.0211,0.0191,0.017,0.0152,0.0132,0.0115,0.009,0.0071,0.0055,0.0044,0.0035,0.0025,0.0019,0.0015,0.0011,0.0007,0.0005,0.0001,0.0,0.0,0.0,0.0,0.0,0.0,0.0,0.0,0.0,0.0,0.0,0.0,0.0,0.0,0.0,0.0,0.0,0.0,0.0,0.0,0.0,0.0,0.0,0.0
0.1808,0.1802,0.1806,0.1788,0.1734,0.1697,0.1678,0.1631,0.1564,0.1486,0.1416,0.1341,0.1262,0.1229,0.1165,0.111,0.105,0.0996,0.09,0.0837,0.0789,0.0724,0.0683,0.0639,0.059,0.0559,0.0533,0.0506,0.0468,0.044,0.0414,0.0381,0.0347,0.0315,0.0277,0.025,0.0215,0.0191,0.0168,0.015,0.0133,0.0117,0.01,0.0088,0.0073,0.0061,0.0053,0.0045,0.0036,0.0029,0.0026,0.0025,0.0023,0.0021,0.0017,0.0013,0.001,0.0008,0.0007,0.0004,0.0002,0.0001,0.0001,0.0,0.0,0.0,0.0,0.0,0.0,0.0,0.0,0.0,0.0,0.0,0.0,0.0,0.0,0.0,0.0,0.0,0.0,0.0,0.0,0.0,0.0,0.0,0.0,0.0,0.0,0.0
0.0777,0.0766,0.0749,0.0735,0.0707,0.0689,0.0677,0.0654,0.0626,0.0596,0.0571,0.0538,0.0517,0.049,0.0444,0.0401,0.0372,0.0346,0.0322,0.0308,0.0287,0.028,0.027,0.0255,0.0237,0.0223,0.0208,0.0195,0.0189,0.018,0.0163,0.016,0.0158,0.0146,0.0137,0.0131,0.0128,0.0124,0.0122,0.0116,0.0104,0.0099,0.0084,0.0064,0.0054,0.0047,0.0041,0.0037,0.0036,0.0035,0.0036,0.0035,0.0031,0.0028,0.0024,0.0019,0.0016,0.0013,0.0009,0.0007,0.0005,0.0004,0.0002,0.0001,0.0,0.0,0.0,0.0,0.0,0.0,0.0,0.0,0.0,0.0,0.0,0.0,0.0,0.0,0.0,0.0,0.0,0.0,0.0,0.0,0.0,0.0,0.0,0.0,0.0,0.0
0.0725,0.0715,0.0704,0.0702,0.0683,0.0652,0.0642,0.0626,0.0611,0.0589,0.0585,0.0565,0.0554,0.0524,0.047,0.0434,0.0399,0.0374,0.0348,0.0327,0.0304,0.0285,0.0273,0.0272,0.0262,0.0268,0.0263,0.0252,0.0243,0.0229,0.0207,0.0184,0.0182,0.0168,0.0154,0.0143,0.0133,0.0126,0.0116,0.0108,0.0103,0.0095,0.0086,0.0078,0.0074,0.0069,0.0065,0.0061,0.0054,0.0039,0.0028,0.002,0.0014,0.0008,0.0002,0.0,0.0,0.0,0.0,0.0,0.0,0.0,0.0,0.0,0.0,0.0,0.0,0.0,0.0,0.0,0.0,0.0,0.0,0.0,0.0,0.0,0.0,0.0,0.0,0.0,0.0,0.0,0.0,0.0,0.0,0.0,0.0,0.0,0.0,0.0
0.0846,0.0809,0.0773,0.0738,0.0726,0.0703,0.0677,0.065,0.0616,0.0582,0.0544,0.0517,0.049,0.0504,0.045,0.0421,0.0391,0.0359,0.0337,0.0309,0.029,0.0267,0.024,0.0206,0.0175,0.0158,0.0144,0.0127,0.0114,0.0099,0.0082,0.0065,0.0054,0.0047,0.004,0.0031,0.0024,0.0019,0.0014,0.001,0.0007,0.0005,0.0003,0.0002,0.0001,0.0,0.0,0.0,0.0,0.0,0.0,0.0,0.0,0.0,0.0,0.0,0.0,0.0,0.0,0.0,0.0,0.0,0.0,0.0,0.0,0.0,0.0,0.0,0.0,0.0,0.0,0.0,0.0,0.0,0.0,0.0,0.0,0.0,0.0,0.0,0.0,0.0,0.0,0.0,0.0,0.0,0.0,0.0,0.0,0.0
0.0768,0.0759,0.0738,0.0739,0.0762,0.0758,0.0749,0.0783,0.0814,0.0825,0.0824,0.082,0.0818,0.0822,0.0795,0.0756,0.0712,0.0645,0.0599,0.0573,0.054,0.0524,0.0507,0.0494,0.0478,0.0463,0.0441,0.0423,0.0403,0.0383,0.0358,0.0328,0.0299,0.0271,0.0252,0.0215,0.018,0.0142,0.0119,0.0098,0.0078,0.0063,0.0049,0.0042,0.0029,0.002,0.0011,0.0008,0.0006,0.0004,0.0002,0.0001,0.0,0.0,0.0,0.0,0.0,0.0,0.0,0.0,0.0,0.0,0.0,0.0,0.0,0.0,0.0,0.0,0.0,0.0,0.0,0.0,0.0,0.0,0.0,0.0,0.0,0.0,0.0,0.0,0.0,0.0,0.0,0.0,0.0,0.0,0.0,0.0,0.0,0.0
0.0896,0.0881,0.0857,0.0843,0.0836,0.0836,0.0841,0.0824,0.0802,0.0772,0.0759,0.0736,0.0737,0.0731,0.0745,0.0733,0.0708,0.0689,0.0677,0.066,0.0634,0.0606,0.0575,0.0546,0.0523,0.05,0.0467,0.0447,0.0417,0.0381,0.0357,0.0337,0.0317,0.0289,0.0264,0.0242,0.0232,0.0218,0.02,0.0183,0.017,0.0157,0.0146,0.0133,0.012,0.011,0.0095,0.0083,0.0071,0.0058,0.005,0.0041,0.0032,0.0025,0.002,0.0014,0.0011,0.0006,0.0003,0.0,0.0,0.0,0.0,0.0,0.0,0.0,0.0,0.0,0.0,0.0,0.0,0.0,0.0,0.0,0.0,0.0,0.0,0.0,0.0,0.0,0.0,0.0,0.0,0.0,0.0,0.0,0.0,0.0,0.0,0.0
0.0638,0.0623,0.0622,0.0605,0.0563,0.0531,0.051,0.0475,0.0399,0.0372,0.0349,0.0333,0.0311,0.0291,0.0282,0.0269,0.0262,0.0263,0.0262,0.024,0.0225,0.0206,0.0191,0.0173,0.0155,0.0133,0.0121,0.0109,0.0095,0.008,0.0078,0.0076,0.0075,0.007,0.0062,0.0057,0.0035,0.0025,0.0024,0.0021,0.0018,0.0015,0.0011,0.0008,0.0006,0.0005,0.0004,0.0003,0.0004,0.0004,0.0001,0.0001,0.0,0.0,0.0,0.0,0.0,0.0,0.0,0.0,0.0,0.0,0.0,0.0,0.0,0.0,0.0,0.0,0.0,0.0,0.0,0.0,0.0,0.0,0.0,0.0,0.0,0.0,0.0,0.0,0.0,0.0,0.0,0.0,0.0,0.0,0.0,0.0,0.0,0.0
0.0364,0.0361,0.0347,0.0335,0.0318,0.0295,0.0278,0.0267,0.0267,0.0245,0.0233,0.0225,0.0209,0.0209,0.0209,0.0208,0.0196,0.0202,0.0205,0.0211,0.0208,0.0206,0.0197,0.0186,0.0177,0.0182,0.0176,0.0166,0.0157,0.0143,0.0132,0.0118,0.0096,0.0076,0.0062,0.0062,0.0062,0.0061,0.0055,0.0052,0.0047,0.0044,0.0045,0.0044,0.0038,0.0034,0.0032,0.0029,0.0022,0.0017,0.0013,0.0012,0.0009,0.0005,0.0003,0.0002,0.0002,0.0,0.0,0.0,0.0,0.0,0.0,0.0,0.0,0.0,0.0,0.0,0.0,0.0,0.0,0.0,0.0,0.0,0.0,0.0,0.0,0.0,0.0,0.0,0.0,0.0,0.0,0.0,0.0,0.0,0.0,0.0,0.0,0.0
0.083,0.0845,0.0871,0.0891,0.0877,0.0854,0.0841,0.0838,0.0794,0.075,0.0707,0.0674,0.0634,0.0587,0.0566,0.0555,0.0536,0.0531,0.053,0.0512,0.0494,0.0511,0.0538,0.0535,0.0495,0.0502,0.05,0.0485,0.0457,0.0404,0.0372,0.0331,0.029,0.0258,0.0226,0.0207,0.0195,0.0196,0.0196,0.0186,0.0173,0.0152,0.0131,0.0113,0.011,0.0091,0.008,0.0071,0.0056,0.0042,0.0033,0.003,0.0025,0.0017,0.0009,0.0003,0.0,0.0,0.0,0.0,0.0,0.0,0.0,0.0,0.0,0.0,0.0,0.0,0.0,0.0,0.0,0.0,0.0,0.0,0.0,0.0,0.0,0.0,0.0,0.0,0.0,0.0,0.0,0.0,0.0,0.0,0.0,0.0,0.0,0.0
0.1872,0.1875,0.1824,0.1822,0.1838,0.1838,0.1821,0.1809,0.1751,0.1707,0.1676,0.1632,0.1596,0.1542,0.1513,0.149,0.1446,0.1344,0.1306,0.1283,0.1268,0.1274,0.1292,0.1285,0.126,0.1185,0.1137,0.11,0.1058,0.1017,0.099,0.0954,0.0918,0.0879,0.0838,0.0786,0.0747,0.0689,0.0643,0.0597,0.0549,0.0511,0.0472,0.0438,0.0409,0.0376,0.0331,0.0297,0.0273,0.0248,0.0219,0.0193,0.0166,0.014,0.0119,0.0101,0.0085,0.0072,0.006,0.005,0.0041,0.0035,0.0031,0.0027,0.002,0.0012,0.0006,0.0003,0.0001,0.0,0.0,0.0,0.0,0.0,0.0,0.0,0.0,0.0,0.0,0.0,0.0,0.0,0.0,0.0,0.0,0.0,0.0,0.0,0.0,0.0
0.2904,0.2866,0.2717,0.2652,0.2661,0.2658,0.2616,0.255,0.2487,0.2399,0.2294,0.2184,0.2088,0.1986,0.1886,0.1769,0.1661,0.1558,0.1471,0.1363,0.1256,0.1153,0.0979,0.0828,0.0745,0.0678,0.0614,0.0529,0.0473,0.0448,0.0407,0.0376,0.0361,0.0342,0.031,0.0271,0.0236,0.0207,0.0174,0.0148,0.0127,0.0113,0.0101,0.0094,0.0089,0.0084,0.0077,0.0072,0.007,0.0064,0.0059,0.0046,0.0036,0.0028,0.0024,0.002,0.0016,0.0015,0.0013,0.0011,0.0008,0.0006,0.0004,0.0004,0.0004,0.0003,0.0003,0.0002,0.0002,0.0002,0.0001,0.0001,0.0001,0.0001,0.0001,0.0001,0.0001,0.0001,0.0001,0.0001,0.0,0.0,0.0,0.0,0.0,0.0,0.0,0.0,0.0,0.0
0.3109,0.3003,0.3019,0.2813,0.2719,0.2718,0.2551,0.2403,0.2341,0.22,0.2064,0.1902,0.1746,0.1588,0.141,0.1247,0.1059,0.0896,0.0752,0.064,0.0531,0.0472,0.0513,0.0545,0.0536,0.0465,0.0399,0.0424,0.0415,0.037,0.0314,0.0277,0.0239,0.0178,0.0125,0.0097,0.008,0.0059,0.0062,0.0066,0.006,0.0059,0.0041,0.0025,0.0019,0.0009,0.0003,0.0004,0.0003,0.0001,0.0,0.0,0.0,0.0,0.0,0.0,0.0,0.0,0.0,0.0,0.0,0.0,0.0,0.0,0.0,0.0,0.0,0.0,0.0,0.0,0.0,0.0,0.0,0.0,0.0,0.0,0.0,0.0,0.0,0.0,0.0,0.0,0.0,0.0,0.0,0.0,0.0,0.0,0.0,0.0
0.4077,0.3915,0.4008,0.395,0.3829,0.3741,0.3584,0.3441,0.3338,0.3301,0.3182,0.3031,0.2903,0.2786,0.2623,0.2476,0.239,0.2308,0.2205,0.2129,0.2117,0.2068,0.1994,0.1895,0.183,0.1772,0.1678,0.1579,0.1512,0.1473,0.1436,0.1376,0.1338,0.1303,0.1238,0.1199,0.1198,0.117,0.1108,0.1034,0.0976,0.0897,0.0792,0.0714,0.0639,0.054,0.0423,0.0403,0.0358,0.0299,0.0253,0.0237,0.0213,0.0177,0.0144,0.0113,0.0089,0.0066,0.005,0.0037,0.0026,0.0016,0.0006,0.0001,0.0,0.0,0.0,0.0,0.0,0.0,0.0,0.0,0.0,0.0,0.0,0.0,0.0,0.0,0.0,0.0,0.0,0.0,0.0,0.0,0.0,0.0,0.0,0.0,0.0,0.0
0.4376,0.4267,0.4259,0.4226,0.4138,0.4043,0.3934,0.3868,0.379,0.3778,0.3708,0.3618,0.3515,0.3421,0.332,0.3181,0.3047,0.2934,0.281,0.2698,0.2653,0.2531,0.2398,0.2258,0.2091,0.197,0.1892,0.1782,0.1651,0.1558,0.1481,0.14,0.133,0.13,0.1259,0.1186,0.1097,0.1019,0.0959,0.0896,0.0822,0.0814,0.0779,0.0722,0.067,0.0612,0.0554,0.0496,0.0449,0.0383,0.0314,0.0253,0.0182,0.0121,0.0079,0.0048,0.0029,0.0018,0.0009,0.0006,0.0002,0.0001,0.0,0.0,0.0,0.0,0.0,0.0,0.0,0.0,0.0,0.0,0.0,0.0,0.0,0.0,0.0,0.0,0.0,0.0,0.0,0.0,0.0,0.0,0.0,0.0,0.0,0.0,0.0,0.0
0.4039,0.3921,0.3867,0.3815,0.3721,0.3603,0.3508,0.3413,0.3364,0.3342,0.3259,0.3192,0.3108,0.2999,0.2921,0.2788,0.2619,0.249,0.2347,0.222,0.2134,0.2048,0.1952,0.1844,0.172,0.1572,0.1473,0.1374,0.124,0.1089,0.0972,0.0866,0.0763,0.0697,0.0636,0.0578,0.0535,0.0497,0.044,0.0379,0.0317,0.0265,0.0219,0.017,0.0123,0.0079,0.0046,0.0024,0.0005,0.0,0.0,0.0,0.0,0.0,0.0,0.0,0.0,0.0,0.0,0.0,0.0,0.0,0.0,0.0,0.0,0.0,0.0,0.0,0.0,0.0,0.0,0.0,0.0,0.0,0.0,0.0,0.0,0.0,0.0,0.0,0.0,0.0,0.0,0.0,0.0,0.0,0.0,0.0,0.0,0.0
0.5298,0.5162,0.5072,0.4984,0.4928,0.4882,0.4821,0.4694,0.4554,0.4533,0.4497,0.4412,0.4319,0.4214,0.4125,0.4002,0.3854,0.3685,0.3534,0.3359,0.3175,0.298,0.2831,0.2678,0.2458,0.2298,0.2163,0.2061,0.1965,0.1871,0.1769,0.1628,0.1519,0.1431,0.136,0.1282,0.1218,0.1156,0.1086,0.1033,0.0973,0.092,0.0874,0.0816,0.0761,0.0703,0.0637,0.0577,0.05,0.0408,0.0348,0.0313,0.0267,0.0238,0.0199,0.017,0.0125,0.0088,0.0056,0.003,0.0015,0.0003,0.0001,0.0,0.0,0.0,0.0,0.0,0.0,0.0,0.0,0.0,0.0,0.0,0.0,0.0,0.0,0.0,0.0,0.0,0.0,0.0,0.0,0.0,0.0,0.0,0.0,0.0,0.0,0.0
0.432,0.4312,0.4273,0.4192,0.4074,0.3977,0.3937,0.3921,0.3831,0.3714,0.3674,0.3627,0.3605,0.358,0.3532,0.3531,0.3508,0.3436,0.3364,0.3285,0.3186,0.3108,0.2978,0.2889,0.2781,0.2635,0.2494,0.2398,0.2319,0.2256,0.2156,0.2029,0.1887,0.1765,0.1662,0.1578,0.1511,0.1438,0.1336,0.1248,0.1178,0.1112,0.1058,0.0981,0.0902,0.0818,0.0744,0.0667,0.062,0.0557,0.0484,0.0415,0.0368,0.0318,0.0282,0.0249,0.0214,0.0164,0.0117,0.0059,0.0034,0.001,0.0006,0.0,0.0,0.0,0.0,0.0,0.0,0.0,0.0,0.0,0.0,0.0,0.0,0.0,0.0,0.0,0.0,0.0,0.0,0.0,0.0,0.0,0.0,0.0,0.0,0.0,0.0,0.0
0.2111,0.2103,0.2037,0.1997,0.1958,0.1903,0.1835,0.1795,0.1758,0.1686,0.1638,0.1587,0.1544,0.1492,0.1429,0.1394,0.1383,0.1347,0.1306,0.1269,0.1239,0.1214,0.1132,0.1111,0.109,0.1066,0.1037,0.1016,0.0992,0.096,0.0926,0.0862,0.0795,0.073,0.0672,0.063,0.0595,0.0589,0.055,0.049,0.0454,0.0435,0.0424,0.0429,0.0414,0.0372,0.0339,0.0306,0.0295,0.0289,0.0249,0.0215,0.0197,0.0175,0.016,0.0146,0.0128,0.0115,0.0104,0.0087,0.0074,0.0059,0.005,0.0037,0.003,0.0031,0.0029,0.0024,0.0022,0.0022,0.0023,0.0023,0.002,0.0017,0.0015,0.0012,0.0012,0.0012,0.001,0.0008,0.0006,0.0005,0.0004,0.0003,0.0003,0.0,0.0,0.0,0.0,0.0
0.1696,0.1658,0.1597,0.156,0.1534,0.1497,0.1449,0.1424,0.139,0.1315,0.1224,0.1162,0.1114,0.107,0.1039,0.1013,0.0985,0.0958,0.0937,0.0921,0.0902,0.0865,0.0827,0.0814,0.0814,0.0804,0.0783,0.0761,0.074,0.0718,0.0676,0.0648,0.0634,0.0612,0.0596,0.0586,0.0575,0.0564,0.0545,0.0528,0.0505,0.0489,0.0479,0.0469,0.0458,0.0442,0.042,0.0406,0.0394,0.0391,0.0362,0.0338,0.0323,0.031,0.0286,0.0268,0.0254,0.0235,0.0204,0.0176,0.0154,0.0132,0.0116,0.0102,0.0095,0.0087,0.0076,0.0069,0.0062,0.0054,0.0042,0.0034,0.003,0.0027,0.0024,0.0017,0.0013,0.0009,0.0005,0.0003,0.0002,0.0001,0.0001,0.0001,0.0001,0.0,0.0,0.0,0.0,0.0
0.1853,0.1834,0.1801,0.1765,0.1738,0.1705,0.1663,0.1628,0.1585,0.1529,0.1451,0.1362,0.1297,0.1218,0.1166,0.1136,0.1111,0.1089,0.1058,0.1033,0.0994,0.0955,0.0946,0.0939,0.0932,0.0912,0.0882,0.0851,0.0807,0.0757,0.0744,0.0701,0.0678,0.0642,0.0608,0.0581,0.0546,0.0516,0.0499,0.0458,0.043,0.0393,0.0364,0.0349,0.0325,0.0294,0.027,0.0252,0.0233,0.0216,0.0182,0.0153,0.0129,0.0115,0.0093,0.0077,0.0063,0.0048,0.0031,0.0016,0.0009,0.0005,0.0002,0.0,0.0,0.0,0.0,0.0,0.0,0.0,0.0,0.0,0.0,0.0,0.0,0.0,0.0,0.0,0.0,0.0,0.0,0.0,0.0,0.0,0.0,0.0,0.0,0.0,0.0,0.0
0.036,0.0324,0.0284,0.0266,0.0249,0.0261,0.0287,0.0308,0.0344,0.0401,0.0443,0.0476,0.0481,0.0482,0.0467,0.0441,0.0414,0.0395,0.0384,0.0379,0.0381,0.0356,0.0326,0.0291,0.0271,0.0268,0.0267,0.0267,0.0262,0.0261,0.0253,0.024,0.0214,0.0187,0.0172,0.0152,0.0131,0.0119,0.0131,0.0125,0.0108,0.0088,0.0067,0.0052,0.0045,0.0034,0.0027,0.0016,0.0008,0.0003,0.0,0.0,0.0,0.0,0.0,0.0,0.0,0.0,0.0,0.0,0.0,0.0,0.0,0.0,0.0,0.0,0.0,0.0,0.0,0.0,0.0,0.0,0.0,0.0,0.0,0.0,0.0,0.0,0.0,0.0,0.0,0.0,0.0,0.0,0.0,0.0,0.0,0.0,0.0,0.0
0.004,0.0029,0.0024,0.0019,0.0015,0.0013,0.0013,0.0012,0.0012,0.0011,0.0011,0.0009,0.0008,0.0007,0.0005,0.0004,0.0004,0.0003,0.0003,0.0003,0.0002,0.0002,0.0002,0.0002,0.0002,0.0002,0.0002,0.0002,0.0002,0.0001,0.0001,0.0001,0.0001,0.0001,0.0001,0.0001,0.0001,0.0001,0.0001,0.0001,0.0001,0.0001,0.0001,0.0001,0.0001,0.0001,0.0001,0.0001,0.0,0.0,0.0,0.0,0.0,0.0001,0.0001,0.0001,0.0001,0.0001,0.0001,0.0001,0.0001,0.0,0.0,0.0,0.0,0.0,0.0,0.0,0.0,0.0,0.0,0.0,0.0,0.0,0.0,0.0,0.0,0.0,0.0,0.0,0.0,0.0,0.0,0.0,0.0,0.0,0.0,0.0,0.0,0.0
0.0372,0.0359,0.0357,0.0353,0.0353,0.0355,0.0359,0.0362,0.0365,0.0373,0.037,0.0363,0.0358,0.0366,0.0374,0.0372,0.0371,0.0374,0.0377,0.0376,0.0371,0.0359,0.0357,0.0366,0.0365,0.0366,0.0364,0.0364,0.0359,0.0349,0.0335,0.0322,0.0308,0.0287,0.0281,0.0279,0.0278,0.0283,0.028,0.0249,0.0237,0.0239,0.0244,0.0248,0.0278,0.0287,0.028,0.0265,0.0258,0.0257,0.0257,0.0262,0.0274,0.0285,0.028,0.0273,0.0275,0.0278,0.0277,0.0274,0.0276,0.0279,0.0277,0.0301,0.0302,0.0295,0.0292,0.0291,0.0283,0.0268,0.0272,0.0276,0.0281,0.0284,0.0286,0.0292,0.0298,0.031,0.0315,0.0316,0.0317,0.0315,0.0321,0.0313,0.0305,0.03,0.0296,0.0293,0.0293,0.0297
0.4416,0.438,0.4401,0.4438,0.4507,0.4563,0.4591,0.4609,0.4629,0.4602,0.4514,0.4537,0.4559,0.4608,0.4602,0.4558,0.455,0.4568,0.4658,0.4726,0.4715,0.4677,0.4643,0.4565,0.448,0.4424,0.4393,0.4405,0.4387,0.4327,0.4282,0.4221,0.4157,0.4102,0.4089,0.4086,0.4068,0.4043,0.404,0.3942,0.3862,0.3845,0.3829,0.3819,0.3839,0.3906,0.3879,0.3806,0.3767,0.3788,0.376,0.3776,0.3822,0.387,0.3864,0.385,0.3868,0.387,0.3853,0.3838,0.3834,0.3839,0.3835,0.3878,0.3909,0.3899,0.3836,0.3834,0.3889,0.3908,0.3914,0.39,0.3858,0.3812,0.3776,0.3812,0.3845,0.384,0.3813,0.3742,0.3711,0.3732,0.3664,0.3649,0.3618,0.3599,0.3615,0.3629,0.3653,0.3678
0.4929,0.4838,0.4765,0.474,0.4698,0.4635,0.4626,0.4628,0.4586,0.4557,0.4571,0.4512,0.4471,0.4417,0.4392,0.4372,0.4342,0.4266,0.4104,0.3918,0.3834,0.3849,0.3785,0.3743,0.3769,0.375,0.3656,0.3533,0.3599,0.3608,0.3562,0.3517,0.3477,0.3452,0.3354,0.3226,0.3147,0.31,0.3028,0.3023,0.3018,0.3009,0.2961,0.2899,0.2844,0.2752,0.2736,0.2744,0.27,0.2628,0.2597,0.2535,0.2462,0.2372,0.2338,0.233,0.2279,0.222,0.2164,0.2152,0.2157,0.2128,0.2113,0.2007,0.1872,0.179,0.176,0.1692,0.1566,0.1405,0.1255,0.121,0.1199,0.1178,0.1161,0.1069,0.0931,0.0834,0.0793,0.0806,0.0793,0.0788,0.0757,0.0686,0.0652,0.0595,0.0543,0.0511,0.0498,0.0499
0.4974,0.4811,0.4674,0.4531,0.4403,0.4319,0.4267,0.4217,0.4139,0.406,0.4046,0.4044,0.3976,0.3886,0.3728,0.3596,0.3533,0.3371,0.328,0.3091,0.2966,0.2874,0.2752,0.265,0.2532,0.2408,0.2308,0.2193,0.206,0.1983,0.1919,0.182,0.1713,0.1667,0.1544,0.1428,0.1375,0.1342,0.13,0.1293,0.1259,0.1212,0.1146,0.1112,0.1066,0.1021,0.0997,0.0986,0.0971,0.0912,0.0868,0.0812,0.0764,0.0715,0.0681,0.0634,0.0589,0.056,0.0541,0.0524,0.0467,0.0409,0.0353,0.0311,0.027,0.0195,0.0142,0.0102,0.006,0.0034,0.0022,0.0018,0.0019,0.0018,0.0022,0.0015,0.0009,0.0008,0.0009,0.0013,0.0013,0.0013,0.0009,0.0003,0.0,0.0,0.0,0.0,0.0,0.0
0.5329,0.5258,0.5187,0.5064,0.4908,0.4793,0.4707,0.4602,0.4513,0.4446,0.4402,0.4362,0.4275,0.4166,0.4071,0.3971,0.3917,0.3897,0.3807,0.3684,0.3556,0.3409,0.3327,0.3275,0.3215,0.313,0.3022,0.2882,0.2764,0.2575,0.2381,0.221,0.2016,0.1872,0.1705,0.1585,0.1441,0.1283,0.1182,0.1016,0.0892,0.0792,0.0699,0.061,0.0539,0.0477,0.0416,0.0353,0.0297,0.0251,0.0205,0.0159,0.0124,0.0094,0.008,0.006,0.0039,0.0024,0.001,0.0002,0.0,0.0,0.0,0.0,0.0,0.0,0.0,0.0,0.0,0.0,0.0,0.0,0.0,0.0,0.0,0.0,0.0,0.0,0.0,0.0,0.0,0.0,0.0,0.0,0.0,0.0,0.0,0.0,0.0,0.0
0.4902,0.4827,0.4781,0.4726,0.463,0.4511,0.4414,0.4332,0.4264,0.4171,0.412,0.4145,0.4086,0.4025,0.3965,0.3871,0.3769,0.3722,0.3615,0.3494,0.3363,0.3255,0.3141,0.3013,0.2901,0.2801,0.2718,0.2586,0.248,0.2305,0.2127,0.1924,0.1693,0.1571,0.1412,0.1271,0.1087,0.093,0.082,0.0632,0.0466,0.0394,0.0342,0.0283,0.017,0.01,0.0052,0.0015,0.0005,0.0,0.0,0.0,0.0,0.0,0.0,0.0,0.0,0.0,0.0,0.0,0.0,0.0,0.0,0.0,0.0,0.0,0.0,0.0,0.0,0.0,0.0,0.0,0.0,0.0,0.0,0.0,0.0,0.0,0.0,0.0,0.0,0.0,0.0,0.0,0.0,0.0,0.0,0.0,0.0,0.0
0.4259,0.421,0.416,0.4113,0.4051,0.3951,0.3844,0.374,0.3652,0.3551,0.3421,0.3246,0.3078,0.2942,0.2801,0.2672,0.2515,0.2324,0.2195,0.2084,0.198,0.1793,0.1632,0.1487,0.1345,0.1251,0.1174,0.1071,0.1011,0.1002,0.095,0.0898,0.0802,0.0722,0.064,0.0558,0.045,0.0356,0.0294,0.0214,0.0136,0.0108,0.0069,0.0043,0.0014,0.0002,0.0,0.0,0.0,0.0,0.0,0.0,0.0,0.0,0.0,0.0,0.0,0.0,0.0,0.0,0.0001,0.0004,0.001,0.0012,0.0017,0.0017,0.0018,0.0022,0.0026,0.0026,0.0025,0.0028,0.0027,0.0026,0.0026,0.0028,0.0027,0.0028,0.0025,0.0017,0.0009,0.0006,0.0004,0.0001,0.0,0.0,0.0,0.0,0.0002,0.0006
