0.3386,0.3296,0.3164,0.3072,0.3012,0.2899,0.2788,0.2667,0.2567,0.2415,0.227,0.2186,0.2057,0.1898,0.1793,0.166,0.1554,0.1458,0.1364,0.1276,0.1181,0.1082,0.0982,0.0889,0.0793,0.0718,0.0638,0.0534,0.0459,0.0403,0.0357,0.0329,0.0306,0.028,0.0263,0.0276,0.0277,0.0256,0.0244,0.0232,0.0213,0.02,0.0191,0.0195,0.0203,0.021,0.021,0.0237,0.0241,0.0253,0.0276,0.0286,0.0294,0.0298,0.0291,0.0284,0.0278,0.0272,0.0268,0.0273,0.0282,0.0284,0.0285,0.0281,0.0287,0.0306,0.0316,0.032,0.032,0.0312,0.0294,0.0276,0.0279,0.0284,0.0287,0.0278,0.0268,0.0259,0.0261,0.0252,0.0247,0.0246,0.0251,0.0254,0.0244,0.0239,0.0236,0.0253,0.0278,0.0281
0.366,0.3586,0.3518,0.3442,0.3355,0.3282,0.3157,0.3059,0.2989,0.2869,0.2735,0.2665,0.2556,0.2436,0.2329,0.2235,0.2113,0.1955,0.1785,0.1631,0.1522,0.1453,0.1346,0.1261,0.1199,0.1143,0.1143,0.1147,0.1113,0.1092,0.1026,0.1003,0.1001,0.0981,0.0945,0.0935,0.0929,0.0908,0.0867,0.0824,0.0792,0.0776,0.0765,0.0755,0.0761,0.0753,0.075,0.0734,0.0706,0.0687,0.0673,0.067,0.0665,0.0657,0.0651,0.0643,0.0642,0.0634,0.0625,0.0617,0.0599,0.0587,0.058,0.0575,0.056,0.0542,0.0529,0.0527,0.0525,0.0524,0.0524,0.0511,0.0511,0.0501,0.0478,0.0464,0.0456,0.046,0.0467,0.0477,0.048,0.0484,0.0485,0.0483,0.0476,0.0476,0.0476,0.0463,0.045,0.0446
0.4283,0.4232,0.4152,0.4122,0.4088,0.4032,0.3954,0.3878,0.3812,0.378,0.3709,0.3628,0.3515,0.3438,0.3365,0.3247,0.3127,0.3048,0.2905,0.279,0.2703,0.2628,0.2535,0.2425,0.2333,0.2244,0.2169,0.2094,0.1973,0.1875,0.1811,0.1765,0.1665,0.1569,0.1498,0.1437,0.1369,0.1308,0.1253,0.1232,0.1195,0.1163,0.1118,0.1087,0.106,0.1027,0.0997,0.096,0.0921,0.0899,0.0886,0.0859,0.0834,0.0812,0.0795,0.0774,0.0746,0.0728,0.0708,0.0681,0.0654,0.0633,0.061,0.0593,0.0579,0.0545,0.05,0.0466,0.0428,0.0399,0.0382,0.0372,0.0344,0.0317,0.0298,0.0286,0.0279,0.027,0.0242,0.0239,0.0224,0.0197,0.017,0.0151,0.0142,0.0133,0.0126,0.0117,0.0103,0.0098
0.3023,0.3012,0.2995,0.2941,0.2905,0.2868,0.2838,0.2773,0.2725,0.2675,0.2643,0.2575,0.2523,0.2474,0.2418,0.2354,0.2268,0.2213,0.2141,0.2069,0.1966,0.1874,0.1803,0.175,0.1702,0.1662,0.1604,0.1503,0.1421,0.1386,0.1351,0.1291,0.1217,0.1171,0.1134,0.1091,0.1034,0.0999,0.098,0.0989,0.0998,0.0974,0.0948,0.0909,0.0851,0.0798,0.0747,0.069,0.0641,0.0586,0.0519,0.0473,0.0436,0.0408,0.0388,0.0381,0.0365,0.0348,0.0341,0.0327,0.0314,0.0305,0.0297,0.029,0.0282,0.0275,0.0264,0.0254,0.0245,0.0237,0.0231,0.0231,0.0228,0.022,0.0214,0.0213,0.0212,0.0213,0.0206,0.0194,0.0185,0.0181,0.0178,0.0175,0.0172,0.017,0.0165,0.0162,0.016,0.0159
0.1599,0.1579,0.1542,0.1464,0.1388,0.1312,0.1251,0.1194,0.1113,0.1035,0.0988,0.0956,0.0898,0.0851,0.0831,0.0809,0.0736,0.0673,0.0648,0.0626,0.061,0.0567,0.0503,0.0431,0.0378,0.0343,0.0314,0.0278,0.0255,0.0232,0.0205,0.0176,0.0158,0.0151,0.0145,0.0135,0.0125,0.0117,0.011,0.0104,0.0096,0.0089,0.0081,0.0073,0.0066,0.0061,0.0057,0.0053,0.005,0.004,0.0028,0.0018,0.0013,0.0011,0.0009,0.0008,0.0007,0.0007,0.0006,0.0006,0.0006,0.0006,0.0006,0.0005,0.0005,0.0005,0.0005,0.0005,0.0005,0.0005,0.0005,0.0005,0.0005,0.0005,0.0005,0.0005,0.0005,0.0005,0.0005,0.0004,0.0004,0.0004,0.0004,0.0004,0.0004,0.0003,0.0003,0.0003,0.0003,0.0003
0.0675,0.0654,0.0619,0.0577,0.0558,0.0533,0.0493,0.0466,0.0447,0.0445,0.0427,0.0394,0.0361,0.0337,0.0304,0.0287,0.0247,0.0226,0.02,0.0165,0.0147,0.0122,0.0089,0.0064,0.0045,0.0027,0.0013,0.0006,0.0001,0.0001,0.0,0.0,0.0,0.0,0.0,0.0,0.0,0.0,0.0,0.0,0.0,0.0,0.0,0.0,0.0,0.0,0.0,0.0,0.0,0.0,0.0,0.0,0.0,0.0,0.0,0.0,0.0,0.0,0.0,0.0,0.0,0.0,0.0,0.0,0.0,0.0,0.0,0.0,0.0,0.0,0.0,0.0,0.0,0.0,0.0,0.0,0.0,0.0,0.0,0.0,0.0,0.0,0.0,0.0,0.0,0.0,0.0,0.0,0.0,0.0
0.1309,0.1312,0.128,0.12,0.1192,0.1166,0.112,0.1078,0.1035,0.1004,0.0993,0.0928,0.0874,0.0852,0.0789,0.0773,0.0742,0.0723,0.0708,0.0658,0.0685,0.0668,0.0624,0.0591,0.0555,0.0515,0.0464,0.0399,0.0352,0.0365,0.0376,0.0388,0.0388,0.0365,0.0337,0.0327,0.0313,0.0311,0.0302,0.029,0.0284,0.0278,0.0264,0.0253,0.024,0.0221,0.02,0.0183,0.0167,0.0148,0.0123,0.0098,0.0071,0.0053,0.0038,0.0029,0.0022,0.0018,0.0014,0.0011,0.0009,0.0006,0.0003,0.0002,0.0001,0.0,0.0,0.0,0.0,0.0,0.0,0.0,0.0,0.0,0.0,0.0,0.0,0.0,0.0,0.0,0.0,0.0,0.0,0.0,0.0,0.0,0.0,0.0,0.0,0.0
0.1854,0.1838,0.1843,0.1834,0.1773,0.1737,0.1726,0.1679,0.1638,0.1574,0.153,0.1525,0.1496,0.1448,0.143,0.1373,0.1336,0.128,0.1222,0.1184,0.1122,0.1048,0.1032,0.0979,0.0921,0.0879,0.0833,0.0799,0.0763,0.0695,0.066,0.0596,0.0515,0.046,0.0413,0.0356,0.0305,0.026,0.0228,0.02,0.0158,0.0117,0.009,0.0064,0.0046,0.0037,0.0031,0.0022,0.0017,0.0013,0.0007,0.0002,0.0,0.0,0.0,0.0,0.0,0.0,0.0,0.0,0.0,0.0,0.0,0.0,0.0,0.0,0.0,0.0,0.0,0.0,0.0,0.0,0.0,0.0,0.0,0.0,0.0,0.0,0.0,0.0,0.0,0.0,0.0,0.0,0.0,0.0,0.0,0.0,0.0,0.0
0.0717,0.0699,0.0675,0.0666,0.0635,0.0623,0.0618,0.0606,0.0588,0.058,0.0556,0.0528,0.0512,0.0485,0.0461,0.0436,0.0415,0.0395,0.0366,0.0348,0.0321,0.0291,0.026,0.0236,0.0213,0.02,0.0183,0.0171,0.0154,0.013,0.0112,0.0098,0.0081,0.0066,0.0052,0.0043,0.0036,0.0029,0.0024,0.0018,0.0014,0.001,0.0007,0.0002,0.0,0.0,0.0,0.0,0.0,0.0,0.0,0.0,0.0,0.0,0.0,0.0,0.0,0.0,0.0,0.0,0.0,0.0,0.0,0.0,0.0,0.0,0.0,0.0,0.0,0.0,0.0,0.0,0.0,0.0,0.0,0.0,0.0,0.0,0.0,0.0,0.0,0.0,0.0,0.0,0.0,0.0,0.0,0.0,0.0,0.0
0.0679,0.0659,0.0633,0.0614,0.0593,0.0575,0.0568,0.0552,0.0528,0.0509,0.0507,0.047,0.0447,0.0425,0.0389,0.0361,0.0331,0.032,0.0304,0.0279,0.025,0.0239,0.0218,0.0198,0.0178,0.0167,0.0156,0.0142,0.0131,0.0122,0.0113,0.0101,0.0088,0.0071,0.006,0.005,0.004,0.0032,0.0025,0.0017,0.0012,0.0009,0.0006,0.0004,0.0003,0.0001,0.0001,0.0,0.0,0.0,0.0,0.0,0.0,0.0,0.0,0.0,0.0,0.0,0.0,0.0,0.0,0.0,0.0,0.0,0.0,0.0,0.0,0.0,0.0,0.0,0.0,0.0,0.0,0.0,0.0,0.0,0.0,0.0,0.0,0.0,0.0,0.0,0.0,0.0,0.0,0.0,0.0,0.0,0.0,0.0
0.0769,0.0738,0.0719,0.0688,0.0669,0.0637,0.0609,0.0589,0.0568,0.054,0.0524,0.0501,0.0471,0.0475,0.0424,0.0393,0.0349,0.0311,0.0289,0.0265,0.0239,0.0217,0.0197,0.0175,0.0162,0.0143,0.0133,0.012,0.0109,0.0099,0.0085,0.008,0.0072,0.0059,0.0049,0.004,0.0032,0.0024,0.0017,0.0013,0.001,0.0007,0.0004,0.0003,0.0005,0.0012,0.0016,0.0016,0.0019,0.0027,0.0037,0.0041,0.0041,0.0049,0.0047,0.0039,0.0025,0.0011,0.0003,0.0,0.0,0.0,0.0,0.0,0.0,0.0,0.0,0.0,0.0,0.0,0.0,0.0,0.0,0.0,0.0,0.0,0.0,0.0,0.0,0.0,0.0,0.0,0.0,0.0,0.0,0.0,0.0,0.0,0.0,0.0
0.0731,0.0721,0.0704,0.0693,0.0707,0.0722,0.0722,0.0732,0.0745,0.0742,0.0734,0.0769,0.0748,0.075,0.0712,0.0729,0.0698,0.0662,0.0652,0.065,0.0607,0.0581,0.0556,0.0557,0.0546,0.0533,0.052,0.05,0.0488,0.0487,0.0466,0.0453,0.0437,0.0424,0.0425,0.0411,0.0391,0.0372,0.0365,0.0344,0.0309,0.0291,0.0275,0.0247,0.0229,0.0205,0.0187,0.0167,0.0148,0.0126,0.0101,0.008,0.0065,0.0039,0.0018,0.0021,0.0032,0.0044,0.0044,0.0042,0.0042,0.0036,0.0029,0.0018,0.0009,0.0006,0.0001,0.0,0.0,0.0,0.0,0.0,0.0,0.0,0.0,0.0,0.0,0.0,0.0,0.0,0.0,0.0,0.0,0.0,0.0,0.0,0.0,0.0,0.0,0.0
0.0936,0.0928,0.0904,0.089,0.0851,0.0839,0.0833,0.0825,0.0815,0.0812,0.0793,0.0783,0.077,0.0752,0.0752,0.0734,0.0743,0.0735,0.0701,0.0707,0.0703,0.0677,0.0649,0.0618,0.0594,0.0569,0.0549,0.0532,0.051,0.0496,0.0481,0.0455,0.0421,0.0395,0.0378,0.0362,0.0341,0.0311,0.0291,0.0283,0.0266,0.0253,0.0251,0.0237,0.0223,0.0211,0.0203,0.0194,0.018,0.0173,0.0171,0.0159,0.0146,0.0135,0.0126,0.0113,0.0086,0.0056,0.0033,0.0021,0.0012,0.0006,0.0003,0.0001,0.0,0.0,0.0,0.0,0.0,0.0,0.0,0.0,0.0,0.0,0.0,0.0,0.0,0.0,0.0,0.0,0.0,0.0,0.0,0.0,0.0,0.0,0.0,0.0,0.0,0.0
0.0657,0.0642,0.0644,0.0636,0.0611,0.0569,0.0542,0.0513,0.0479,0.046,0.0452,0.0397,0.0374,0.0364,0.0364,0.0334,0.0322,0.0316,0.0302,0.0286,0.0284,0.0274,0.0263,0.0237,0.0214,0.0198,0.018,0.0168,0.0156,0.0128,0.0113,0.0101,0.0096,0.0087,0.0077,0.0076,0.0074,0.0071,0.0063,0.0047,0.0038,0.0033,0.0024,0.0018,0.0013,0.001,0.0007,0.0005,0.0003,0.0001,0.0001,0.0,0.0,0.0,0.0,0.0,0.0,0.0,0.0,0.0,0.0,0.0,0.0,0.0,0.0,0.0,0.0,0.0,0.0,0.0,0.0,0.0,0.0,0.0,0.0,0.0,0.0,0.0,0.0,0.0,0.0,0.0,0.0,0.0,0.0,0.0,0.0,0.0,0.0,0.0
0.0379,0.0376,0.0368,0.0355,0.0341,0.0321,0.0309,0.03,0.0294,0.028,0.028,0.0263,0.028,0.0304,0.0294,0.0283,0.0267,0.0248,0.0241,0.0223,0.0191,0.0147,0.0134,0.0121,0.0109,0.0106,0.0114,0.0109,0.0103,0.009,0.0087,0.0089,0.0087,0.0082,0.0066,0.0048,0.0031,0.0019,0.0012,0.0009,0.0007,0.0003,0.0002,0.0001,0.0,0.0,0.0,0.0,0.0,0.0,0.0,0.0,0.0,0.0,0.0,0.0,0.0,0.0,0.0,0.0,0.0,0.0,0.0,0.0,0.0,0.0,0.0,0.0,0.0,0.0,0.0,0.0,0.0,0.0,0.0,0.0,0.0,0.0,0.0,0.0,0.0,0.0,0.0,0.0,0.0,0.0,0.0,0.0,0.0,0.0
0.0697,0.0722,0.0737,0.0743,0.0727,0.0708,0.0693,0.0665,0.0643,0.061,0.0582,0.0564,0.0533,0.0495,0.0488,0.0477,0.0467,0.0443,0.0451,0.0437,0.0415,0.0392,0.0373,0.0354,0.0327,0.0311,0.0295,0.0271,0.0245,0.0221,0.0193,0.0169,0.0161,0.0138,0.0117,0.0101,0.0077,0.0054,0.0036,0.002,0.0011,0.0006,0.0003,0.0001,0.0,0.0,0.0,0.0,0.0,0.0,0.0,0.0,0.0,0.0,0.0,0.0,0.0,0.0,0.0,0.0,0.0,0.0,0.0,0.0,0.0,0.0,0.0,0.0,0.0,0.0,0.0,0.0,0.0,0.0,0.0,0.0,0.0,0.0,0.0,0.0,0.0,0.0,0.0,0.0,0.0,0.0,0.0,0.0,0.0,0.0
0.1698,0.1703,0.1653,0.1675,0.1678,0.1674,0.1622,0.1529,0.146,0.1396,0.134,0.1337,0.1236,0.1182,0.1123,0.107,0.1019,0.1006,0.0977,0.0934,0.0897,0.0869,0.082,0.0766,0.0719,0.0678,0.0632,0.0598,0.0529,0.0463,0.0403,0.0347,0.0338,0.0314,0.0267,0.0221,0.0196,0.0169,0.0146,0.0125,0.0107,0.0092,0.0085,0.008,0.0065,0.0051,0.0036,0.0025,0.0017,0.0013,0.0008,0.0004,0.0001,0.0,0.0,0.0,0.0,0.0,0.0,0.0,0.0,0.0,0.0,0.0,0.0,0.0,0.0,0.0,0.0,0.0,0.0,0.0,0.0,0.0,0.0,0.0,0.0,0.0,0.0,0.0,0.0,0.0,0.0,0.0,0.0,0.0,0.0,0.0,0.0,0.0
0.2815,0.2765,0.263,0.2559,0.2546,0.2529,0.2472,0.2359,0.2235,0.2129,0.2002,0.1931,0.1838,0.1754,0.1696,0.1649,0.1556,0.1453,0.1359,0.1289,0.1221,0.1159,0.109,0.1023,0.0965,0.0879,0.0798,0.0713,0.0647,0.0579,0.0521,0.0479,0.0431,0.0381,0.034,0.0314,0.0278,0.0244,0.0213,0.0178,0.0147,0.0121,0.0099,0.0082,0.0063,0.0048,0.0032,0.002,0.0013,0.0007,0.0002,0.0,0.0,0.0,0.0,0.0,0.0,0.0,0.0,0.0,0.0,0.0,0.0,0.0,0.0,0.0,0.0,0.0,0.0,0.0,0.0,0.0,0.0,0.0,0.0,0.0,0.0,0.0,0.0,0.0,0.0,0.0,0.0,0.0,0.0,0.0,0.0,0.0,0.0,0.0
0.309,0.2958,0.3016,0.2856,0.2777,0.2647,0.2552,0.2498,0.2331,0.2223,0.2041,0.1891,0.1733,0.1546,0.1379,0.1256,0.1054,0.0833,0.0602,0.045,0.0331,0.0244,0.0168,0.0104,0.0069,0.0045,0.0026,0.0019,0.001,0.0004,0.0003,0.0003,0.0003,0.0004,0.0003,0.0004,0.0004,0.0002,0.0001,0.0,0.0,0.0,0.0,0.0,0.0,0.0,0.0,0.0,0.0,0.0,0.0,0.0,0.0,0.0,0.0,0.0,0.0,0.0,0.0,0.0,0.0,0.0,0.0,0.0,0.0,0.0,0.0,0.0,0.0,0.0,0.0,0.0,0.0,0.0,0.0,0.0,0.0,0.0,0.0,0.0,0.0,0.0,0.0,0.0,0.0,0.0,0.0,0.0,0.0,0.0
0.415,0.3944,0.4049,0.396,0.3834,0.3644,0.3432,0.3483,0.3398,0.3313,0.3247,0.3015,0.2902,0.274,0.264,0.2604,0.2503,0.2364,0.2261,0.217,0.2056,0.1915,0.1803,0.1681,0.1654,0.157,0.1472,0.1412,0.1356,0.1269,0.12,0.1133,0.1071,0.1,0.0948,0.0905,0.0786,0.0717,0.0655,0.0598,0.0537,0.0491,0.0454,0.0433,0.0418,0.0409,0.0417,0.0437,0.046,0.0352,0.0254,0.0239,0.0174,0.014,0.0127,0.0106,0.0083,0.0068,0.0052,0.0053,0.0053,0.0052,0.0049,0.0045,0.0036,0.0029,0.0024,0.0021,0.0017,0.0008,0.0008,0.0008,0.0003,0.0001,0.0,0.0,0.0,0.0,0.0,0.0,0.0,0.0,0.0,0.0,0.0,0.0,0.0,0.0,0.0,0.0
0.4518,0.442,0.441,0.4385,0.4339,0.431,0.4245,0.4184,0.4189,0.4111,0.4111,0.4011,0.3893,0.384,0.3738,0.3676,0.3543,0.3404,0.3287,0.3135,0.3024,0.2903,0.2818,0.2761,0.273,0.2625,0.2499,0.2408,0.2349,0.2279,0.2181,0.2111,0.2066,0.2024,0.1959,0.1899,0.1857,0.1771,0.1723,0.1685,0.1655,0.1592,0.1526,0.1465,0.1417,0.1354,0.1289,0.1172,0.1082,0.0985,0.0884,0.0826,0.0756,0.0689,0.0621,0.0563,0.0511,0.0449,0.0387,0.035,0.032,0.0273,0.0237,0.0201,0.0175,0.015,0.0127,0.0109,0.0108,0.0092,0.0081,0.0066,0.0056,0.0043,0.0031,0.0027,0.0022,0.0017,0.0012,0.0009,0.0007,0.0004,0.0002,0.0001,0.0,0.0,0.0,0.0,0.0,0.0
0.4134,0.4006,0.3959,0.3931,0.3878,0.3844,0.3807,0.3705,0.3705,0.3652,0.3662,0.3616,0.3545,0.3509,0.3448,0.3341,0.3245,0.3177,0.3045,0.288,0.272,0.2613,0.2505,0.2457,0.2395,0.2331,0.2247,0.2134,0.2043,0.1938,0.1857,0.1817,0.1723,0.1632,0.154,0.1418,0.1366,0.1298,0.1258,0.1198,0.1141,0.1086,0.105,0.1013,0.0967,0.0908,0.0795,0.0707,0.063,0.0526,0.047,0.04,0.0326,0.0277,0.0256,0.0245,0.0225,0.0211,0.0199,0.0188,0.0176,0.0165,0.0175,0.0175,0.0179,0.0171,0.0155,0.0151,0.0134,0.0114,0.0093,0.0066,0.0053,0.0037,0.003,0.0024,0.0016,0.0013,0.0007,0.0005,0.0002,0.0001,0.0,0.0,0.0,0.0,0.0,0.0,0.0,0.0
0.5389,0.5266,0.5174,0.5057,0.4945,0.4843,0.4736,0.4641,0.4569,0.4538,0.4495,0.4388,0.4304,0.4201,0.4168,0.4091,0.3937,0.3778,0.3634,0.3501,0.3399,0.327,0.3155,0.3086,0.3005,0.2913,0.2802,0.269,0.2562,0.2472,0.2375,0.2253,0.2123,0.2034,0.1974,0.1899,0.1799,0.1741,0.166,0.1576,0.1523,0.1482,0.1428,0.1379,0.1357,0.1329,0.1295,0.1252,0.1198,0.1161,0.1076,0.1033,0.0981,0.091,0.0849,0.0801,0.076,0.0712,0.0669,0.0633,0.0593,0.0547,0.0521,0.0478,0.0428,0.037,0.0332,0.0295,0.0264,0.0225,0.0196,0.0171,0.0149,0.0128,0.0106,0.0098,0.0079,0.0074,0.0066,0.0059,0.0048,0.0042,0.0034,0.0023,0.0015,0.0008,0.0005,0.0002,0.0001,0.0
0.4295,0.429,0.4253,0.4178,0.4082,0.3951,0.3866,0.3829,0.3773,0.3724,0.3713,0.3717,0.3725,0.3674,0.3601,0.3589,0.352,0.3405,0.3296,0.325,0.3202,0.3165,0.3058,0.2919,0.2827,0.273,0.2664,0.2614,0.2543,0.2446,0.2342,0.2245,0.2162,0.2038,0.1922,0.1857,0.1751,0.1672,0.1575,0.1501,0.1431,0.1361,0.13,0.1245,0.1183,0.1126,0.1119,0.1073,0.1016,0.0956,0.0902,0.0849,0.08,0.0753,0.0694,0.0641,0.0593,0.0549,0.0512,0.0466,0.0436,0.04,0.036,0.0336,0.0289,0.0241,0.0203,0.017,0.0135,0.011,0.0082,0.0043,0.0015,0.0007,0.0004,0.0002,0.0,0.0,0.0,0.0,0.0,0.0,0.0,0.0,0.0,0.0,0.0,0.0,0.0,0.0
0.2091,0.2082,0.2022,0.1992,0.1949,0.189,0.1831,0.1776,0.1721,0.1648,0.1584,0.1543,0.1502,0.1446,0.1385,0.1363,0.1352,0.1331,0.1304,0.1282,0.1259,0.1233,0.1202,0.1151,0.1096,0.107,0.1027,0.1003,0.0977,0.0936,0.0906,0.0876,0.0865,0.083,0.0805,0.0797,0.0786,0.0758,0.0718,0.067,0.062,0.0597,0.0573,0.0529,0.0479,0.0449,0.0429,0.0429,0.0409,0.0411,0.0397,0.0372,0.0368,0.035,0.032,0.0278,0.0232,0.0206,0.0179,0.0151,0.0128,0.0106,0.0087,0.0075,0.0062,0.0049,0.0035,0.0021,0.0008,0.0003,0.0,0.0001,0.0001,0.0,0.0,0.0,0.0,0.0,0.0,0.0,0.0,0.0,0.0,0.0,0.0,0.0,0.0,0.0,0.0,0.0
0.173,0.1696,0.1647,0.161,0.1582,0.1543,0.1502,0.1465,0.1424,0.1363,0.1308,0.1269,0.1227,0.1193,0.1149,0.1118,0.1116,0.111,0.1088,0.1058,0.1038,0.0999,0.0978,0.0946,0.0913,0.0886,0.0853,0.0806,0.0757,0.0729,0.0709,0.069,0.0678,0.0634,0.062,0.06,0.0581,0.057,0.056,0.0544,0.0533,0.0525,0.0515,0.0501,0.0488,0.0482,0.0473,0.0462,0.0448,0.0437,0.0425,0.0413,0.0405,0.0392,0.0376,0.0363,0.0355,0.0352,0.0335,0.0319,0.0304,0.029,0.0276,0.0265,0.026,0.0253,0.0241,0.0218,0.0193,0.0164,0.0139,0.0119,0.0095,0.0071,0.0069,0.0059,0.0056,0.0056,0.0051,0.0048,0.0044,0.004,0.0037,0.0037,0.0035,0.0032,0.003,0.0028,0.0027,0.002
0.184,0.1831,0.1809,0.1777,0.1765,0.1747,0.1728,0.1701,0.1653,0.1582,0.1523,0.1483,0.1445,0.14,0.1329,0.1288,0.1253,0.1227,0.1201,0.1152,0.1113,0.1078,0.105,0.0997,0.0976,0.0943,0.0909,0.0865,0.0837,0.0811,0.0778,0.0745,0.0731,0.0711,0.0673,0.0641,0.0616,0.0594,0.0573,0.0549,0.0522,0.0501,0.0483,0.0459,0.0433,0.0404,0.0374,0.0352,0.0334,0.0309,0.0283,0.0258,0.0244,0.0232,0.0213,0.0187,0.0162,0.0129,0.0092,0.0069,0.0051,0.0036,0.0026,0.0016,0.0007,0.0005,0.0005,0.0005,0.0012,0.0017,0.0022,0.0031,0.004,0.0044,0.0039,0.0038,0.003,0.0021,0.002,0.0019,0.0019,0.0016,0.0013,0.0013,0.0011,0.0011,0.0009,0.0009,0.0008,0.0008
0.0388,0.0356,0.0317,0.0293,0.0293,0.0302,0.0297,0.0319,0.0376,0.0435,0.0453,0.0429,0.0405,0.0388,0.0386,0.0374,0.0376,0.0373,0.039,0.0425,0.045,0.0458,0.0477,0.0489,0.0447,0.038,0.0375,0.037,0.0358,0.0336,0.0314,0.0301,0.0287,0.0296,0.027,0.0244,0.0225,0.0195,0.0162,0.0138,0.0124,0.0102,0.0076,0.0055,0.0038,0.0023,0.0015,0.0011,0.0009,0.0007,0.0004,0.0002,0.0002,0.0001,0.0001,0.0,0.0,0.0,0.0,0.0,0.0,0.0,0.0,0.0,0.0,0.0,0.0,0.0,0.0,0.0,0.0,0.0,0.0,0.0,0.0,0.0,0.0,0.0,0.0,0.0,0.0,0.0,0.0,0.0,0.0,0.0,0.0,0.0,0.0,0.0
0.0046,0.0036,0.0031,0.0023,0.0018,0.0016,0.0014,0.0013,0.0012,0.0011,0.0009,0.0008,0.0008,0.0008,0.0007,0.0007,0.0007,0.0007,0.0007,0.0007,0.0006,0.0005,0.0004,0.0004,0.0003,0.0002,0.0002,0.0001,0.0001,0.0001,0.0001,0.0001,0.0001,0.0001,0.0001,0.0001,0.0001,0.0001,0.0001,0.0001,0.0001,0.0,0.0,0.0,0.0,0.0,0.0,0.0,0.0,0.0,0.0,0.0001,0.0001,0.0001,0.0,0.0,0.0,0.0,0.0,0.0,0.0,0.0,0.0,0.0,0.0,0.0,0.0,0.0,0.0,0.0,0.0,0.0,0.0,0.0,0.0,0.0,0.0,0.0,0.0,0.0,0.0,0.0,0.0,0.0,0.0,0.0,0.0,0.0,0.0,0.0
0.0365,0.0349,0.0346,0.0348,0.0345,0.0352,0.0359,0.0366,0.0368,0.0359,0.0346,0.0346,0.0345,0.0339,0.0337,0.0335,0.0333,0.0333,0.0318,0.0316,0.0309,0.0314,0.032,0.032,0.031,0.0315,0.0294,0.0256,0.0232,0.0227,0.0233,0.0242,0.0254,0.0253,0.0245,0.0238,0.0232,0.0227,0.0229,0.0246,0.0255,0.0256,0.0254,0.0251,0.025,0.0253,0.027,0.0282,0.0281,0.0276,0.0265,0.0228,0.0212,0.0237,0.0264,0.0282,0.0291,0.0302,0.0311,0.0313,0.0316,0.032,0.0321,0.0324,0.0324,0.0322,0.0316,0.0307,0.0268,0.0235,0.026,0.0261,0.0267,0.0265,0.0273,0.0276,0.028,0.0287,0.0289,0.0284,0.0281,0.0287,0.0288,0.0303,0.0317,0.0324,0.0326,0.0322,0.0321,0.0322
0.4524,0.4484,0.4501,0.4543,0.4602,0.4638,0.4679,0.4737,0.47,0.4655,0.465,0.4665,0.4601,0.4504,0.4454,0.447,0.45,0.4513,0.4478,0.4482,0.4506,0.4573,0.4633,0.4608,0.4543,0.4504,0.4409,0.4277,0.4174,0.41,0.4078,0.4037,0.4015,0.3973,0.3873,0.3793,0.3715,0.3662,0.3625,0.3621,0.3625,0.3609,0.3582,0.355,0.3546,0.3559,0.3566,0.3585,0.3576,0.3575,0.3522,0.3459,0.3441,0.3449,0.3488,0.3531,0.3569,0.3618,0.3625,0.3646,0.3641,0.3602,0.3554,0.3524,0.3513,0.3492,0.3452,0.3439,0.3387,0.3369,0.3362,0.3377,0.3375,0.3385,0.3396,0.3385,0.3365,0.3324,0.3305,0.3291,0.3283,0.3287,0.3292,0.3307,0.3299,0.3306,0.3333,0.3342,0.3328,0.3318
0.5056,0.4963,0.4891,0.485,0.4807,0.4781,0.476,0.4724,0.4703,0.4644,0.4611,0.4617,0.4618,0.4644,0.4619,0.4515,0.4373,0.4266,0.4232,0.4215,0.4265,0.4203,0.4072,0.402,0.4048,0.3986,0.4041,0.4141,0.4118,0.4123,0.4086,0.4027,0.3924,0.3815,0.3832,0.3775,0.3703,0.3618,0.3525,0.3412,0.3265,0.3109,0.2964,0.2805,0.2654,0.2524,0.2382,0.2256,0.2123,0.1995,0.1955,0.198,0.1956,0.1848,0.1699,0.1563,0.1422,0.1287,0.1128,0.0992,0.087,0.0806,0.0776,0.0746,0.0712,0.0696,0.0697,0.0685,0.067,0.0635,0.0595,0.057,0.0567,0.054,0.049,0.0473,0.0464,0.0422,0.0405,0.0397,0.0352,0.0317,0.029,0.0246,0.0232,0.0247,0.0282,0.0331,0.0365,0.0356
0.5134,0.4988,0.4851,0.4733,0.4631,0.4555,0.4446,0.4292,0.4225,0.4306,0.4231,0.4122,0.4062,0.4038,0.3954,0.3747,0.3538,0.3353,0.3256,0.3209,0.3048,0.2808,0.2516,0.2328,0.2225,0.2141,0.2048,0.2007,0.185,0.1694,0.1488,0.1321,0.1175,0.1028,0.0934,0.0822,0.0733,0.0645,0.0561,0.0474,0.0382,0.029,0.0223,0.0161,0.0107,0.0068,0.0045,0.0028,0.002,0.0015,0.001,0.0007,0.0007,0.0005,0.0004,0.0005,0.0008,0.0009,0.001,0.0009,0.0006,0.0003,0.0001,0.0,0.0,0.0,0.0,0.0,0.0,0.0,0.0,0.0,0.0,0.0,0.0,0.0,0.0,0.0,0.0,0.0,0.0,0.0,0.0,0.0,0.0,0.0,0.0,0.0,0.0,0.0
0.5123,0.5067,0.5009,0.491,0.4831,0.4777,0.4715,0.4651,0.455,0.4515,0.4488,0.4419,0.4345,0.4293,0.4234,0.4124,0.4014,0.3909,0.3785,0.3667,0.3555,0.3425,0.3306,0.3198,0.3097,0.3015,0.2929,0.285,0.2759,0.2597,0.2445,0.2145,0.1855,0.167,0.151,0.1328,0.1143,0.1012,0.091,0.0768,0.0656,0.0534,0.0436,0.0356,0.0292,0.0256,0.0215,0.0179,0.016,0.0143,0.0129,0.0118,0.0101,0.009,0.0078,0.007,0.0048,0.0036,0.0026,0.0015,0.0009,0.0004,0.0001,0.0,0.0,0.0,0.0,0.0,0.0,0.0,0.0,0.0,0.0,0.0,0.0,0.0,0.0,0.0,0.0,0.0,0.0,0.0,0.0,0.0,0.0,0.0,0.0,0.0,0.0,0.0
0.4891,0.479,0.4721,0.4606,0.4438,0.43,0.4194,0.4097,0.3996,0.3904,0.3877,0.3858,0.3746,0.364,0.3623,0.3613,0.3503,0.34,0.3302,0.3205,0.3134,0.3034,0.2908,0.2797,0.2691,0.2603,0.25,0.24,0.2315,0.2186,0.2094,0.1959,0.1788,0.1657,0.1481,0.1327,0.1158,0.1083,0.0936,0.0773,0.0623,0.0506,0.0393,0.0305,0.0237,0.0175,0.0106,0.0063,0.004,0.0026,0.0018,0.0011,0.0008,0.0006,0.0004,0.0001,0.0,0.0,0.0,0.0,0.0,0.0,0.0,0.0,0.0,0.0,0.0,0.0,0.0,0.0,0.0001,0.0002,0.0003,0.0003,0.0004,0.0005,0.0007,0.0011,0.0013,0.0017,0.0022,0.0025,0.0027,0.0029,0.0034,0.0041,0.0047,0.0052,0.0051,0.0044
0.4259,0.4204,0.4161,0.4129,0.4069,0.394,0.3812,0.3701,0.3559,0.3417,0.3285,0.3123,0.2927,0.2738,0.2602,0.246,0.2415,0.234,0.2263,0.2165,0.2062,0.1972,0.188,0.1785,0.1661,0.1515,0.1382,0.128,0.1224,0.1166,0.1131,0.108,0.1022,0.0975,0.0933,0.0868,0.0778,0.0708,0.062,0.0566,0.0485,0.0396,0.0306,0.0231,0.0157,0.0105,0.0051,0.0031,0.0019,0.0018,0.0021,0.0021,0.0017,0.0014,0.0012,0.0008,0.0006,0.0006,0.0007,0.0012,0.0021,0.003,0.004,0.0045,0.0053,0.0065,0.0069,0.0077,0.0083,0.0093,0.0098,0.0103,0.0108,0.0119,0.0125,0.0132,0.0138,0.0138,0.0142,0.0141,0.0142,0.0148,0.0151,0.0149,0.0155,0.0157,0.0157,0.017,0.0186,0.0193
