0.3548,0.3458,0.3353,0.3256,0.3232,0.3147,0.3053,0.2912,0.2817,0.2688,0.2538,0.2449,0.2346,0.2237,0.2134,0.2027,0.1942,0.1872,0.1817,0.173,0.1642,0.1585,0.1503,0.142,0.1363,0.1279,0.1231,0.117,0.1164,0.1122,0.1085,0.1035,0.0989,0.0955,0.0934,0.0853,0.0791,0.0735,0.0687,0.0661,0.0644,0.0611,0.0565,0.053,0.0496,0.0474,0.0441,0.0393,0.0341,0.0294,0.0261,0.0246,0.02,0.0177,0.0157,0.0145,0.0139,0.0137,0.0134,0.0128,0.0123,0.0123,0.0121,0.0115,0.011,0.0102,0.0106,0.0108,0.0104,0.0103,0.0112,0.0113,0.0124,0.0129,0.0127,0.0124,0.0117,0.0119,0.0124,0.0129,0.0135,0.0139,0.0143,0.0147,0.0141,0.0141,0.0139,0.014,0.0145,0.0153
0.3826,0.3764,0.3699,0.3607,0.3552,0.3512,0.3371,0.324,0.3163,0.3069,0.2931,0.2838,0.2696,0.2588,0.2517,0.2417,0.2327,0.2213,0.2085,0.1947,0.1771,0.1741,0.1611,0.1465,0.1361,0.125,0.1153,0.1032,0.0917,0.0837,0.0722,0.0634,0.0585,0.0537,0.0513,0.0508,0.051,0.0513,0.0494,0.0481,0.0477,0.0449,0.0432,0.0431,0.0427,0.0431,0.0434,0.0431,0.0421,0.0407,0.0403,0.0394,0.0385,0.0375,0.0372,0.0372,0.036,0.0347,0.0343,0.034,0.0327,0.0333,0.033,0.0325,0.032,0.0308,0.0322,0.0325,0.0321,0.0322,0.0324,0.0318,0.0302,0.0295,0.0293,0.0291,0.0281,0.0276,0.0278,0.0281,0.0283,0.0279,0.0275,0.0268,0.0253,0.0234,0.0218,0.0211,0.0203,0.0196
0.4415,0.4348,0.4251,0.417,0.407,0.4004,0.3878,0.3819,0.3734,0.3701,0.3613,0.351,0.3385,0.3258,0.3181,0.3115,0.304,0.2981,0.2862,0.275,0.2667,0.2587,0.2416,0.2274,0.2187,0.2082,0.2017,0.1948,0.1836,0.1756,0.1647,0.1561,0.1488,0.1427,0.1328,0.1251,0.1175,0.1079,0.0971,0.0895,0.0815,0.0774,0.073,0.0685,0.0673,0.0653,0.0611,0.0587,0.0573,0.0567,0.0573,0.0567,0.0557,0.0546,0.0538,0.0526,0.0516,0.0504,0.0498,0.0488,0.0479,0.0472,0.0459,0.0445,0.0431,0.0422,0.04,0.038,0.0354,0.0339,0.0311,0.0284,0.026,0.0235,0.0202,0.0177,0.0164,0.0157,0.0146,0.0131,0.0104,0.0092,0.0087,0.0073,0.0057,0.0044,0.0039,0.0037,0.0034,0.003
0.2995,0.2986,0.2984,0.2931,0.2908,0.2818,0.2799,0.2756,0.2699,0.2603,0.2564,0.2495,0.2479,0.2422,0.233,0.2267,0.2219,0.2211,0.2233,0.2222,0.2178,0.2085,0.2005,0.1896,0.1771,0.1686,0.1586,0.1495,0.1441,0.1415,0.1395,0.1353,0.1305,0.1257,0.1224,0.1186,0.1147,0.112,0.1078,0.1017,0.0976,0.0906,0.0845,0.0806,0.0758,0.0712,0.0678,0.0648,0.0625,0.0599,0.0564,0.0538,0.0512,0.049,0.0469,0.0449,0.043,0.0409,0.038,0.0359,0.0348,0.0311,0.0285,0.0268,0.0253,0.0249,0.0237,0.0217,0.0206,0.0204,0.0197,0.0195,0.0194,0.0186,0.0181,0.0177,0.0175,0.0174,0.0171,0.0167,0.0153,0.0146,0.0141,0.0137,0.0131,0.0128,0.0123,0.0118,0.011,0.0106
0.1426,0.1388,0.1319,0.1248,0.1187,0.1105,0.1043,0.0997,0.0923,0.0854,0.0825,0.0799,0.0747,0.0705,0.0647,0.0608,0.0573,0.0553,0.0543,0.052,0.0496,0.046,0.0405,0.0363,0.0328,0.0298,0.0272,0.0246,0.0231,0.0225,0.0224,0.022,0.0205,0.0194,0.0184,0.0173,0.0164,0.0134,0.0123,0.0099,0.0091,0.008,0.0063,0.0057,0.0051,0.004,0.0038,0.0036,0.0034,0.0033,0.003,0.0024,0.0019,0.0016,0.0015,0.0014,0.0012,0.001,0.0009,0.0008,0.0008,0.0007,0.0007,0.0006,0.0006,0.0006,0.0006,0.0005,0.0005,0.0005,0.0005,0.0005,0.0005,0.0005,0.0005,0.0005,0.0005,0.0005,0.0004,0.0004,0.0004,0.0003,0.0003,0.0003,0.0002,0.0001,0.0001,0.0001,0.0,0.0
0.0527,0.0506,0.0469,0.0432,0.0411,0.0381,0.0334,0.0345,0.0316,0.0303,0.0283,0.0245,0.0198,0.0182,0.016,0.0138,0.0104,0.0082,0.0064,0.0047,0.0029,0.0018,0.0009,0.0004,0.0003,0.0001,0.0001,0.0,0.0,0.0,0.0,0.0,0.0,0.0,0.0,0.0,0.0,0.0,0.0,0.0,0.0,0.0,0.0,0.0,0.0,0.0,0.0,0.0,0.0,0.0,0.0,0.0,0.0,0.0,0.0,0.0,0.0,0.0,0.0,0.0,0.0,0.0,0.0,0.0,0.0,0.0,0.0,0.0,0.0,0.0,0.0,0.0,0.0,0.0,0.0,0.0,0.0,0.0,0.0,0.0,0.0,0.0,0.0,0.0,0.0,0.0,0.0,0.0,0.0,0.0
0.1233,0.1214,0.117,0.1066,0.1048,0.106,0.0988,0.098,0.0957,0.0958,0.0996,0.1005,0.0952,0.0894,0.0849,0.0843,0.0806,0.0794,0.0757,0.0743,0.0711,0.0704,0.0674,0.0636,0.0609,0.0577,0.0549,0.0525,0.0495,0.0469,0.0447,0.041,0.0394,0.0373,0.0349,0.0325,0.0281,0.0249,0.0222,0.0185,0.0163,0.0159,0.0132,0.0104,0.0089,0.0064,0.0046,0.0035,0.0024,0.0014,0.0006,0.0002,0.0,0.0,0.0,0.0,0.0,0.0,0.0,0.0,0.0,0.0,0.0,0.0,0.0,0.0,0.0,0.0,0.0,0.0,0.0,0.0,0.0,0.0,0.0,0.0,0.0,0.0,0.0,0.0,0.0,0.0,0.0,0.0,0.0,0.0,0.0,0.0,0.0,0.0
0.1732,0.1715,0.1707,0.1698,0.1648,0.161,0.1595,0.1531,0.1472,0.1399,0.1312,0.1213,0.1166,0.1112,0.1063,0.0996,0.0926,0.0862,0.0806,0.0746,0.0704,0.0639,0.0602,0.0568,0.055,0.0516,0.0485,0.0448,0.0417,0.0382,0.035,0.0321,0.0287,0.0254,0.0223,0.0201,0.0176,0.0154,0.0138,0.013,0.0113,0.0112,0.0098,0.0081,0.0071,0.0059,0.0051,0.0042,0.0031,0.0019,0.001,0.0003,0.0001,0.0,0.0,0.0,0.0,0.0,0.0,0.0,0.0,0.0,0.0,0.0,0.0,0.0,0.0,0.0,0.0,0.0,0.0,0.0,0.0,0.0,0.0,0.0,0.0,0.0,0.0,0.0,0.0,0.0,0.0,0.0,0.0,0.0,0.0,0.0,0.0,0.0
0.0768,0.0749,0.0728,0.0719,0.069,0.0659,0.0642,0.0627,0.0613,0.0587,0.0539,0.0497,0.0465,0.0439,0.0407,0.0377,0.0357,0.0326,0.0302,0.0278,0.0255,0.0233,0.0209,0.0188,0.0171,0.0154,0.0137,0.0119,0.0099,0.0085,0.0073,0.0061,0.0049,0.0041,0.0036,0.0028,0.0022,0.0016,0.0009,0.0006,0.0003,0.0003,0.0001,0.0,0.0,0.0,0.0,0.0,0.0,0.0,0.0,0.0,0.0,0.0,0.0,0.0,0.0,0.0,0.0,0.0,0.0,0.0,0.0,0.0,0.0,0.0,0.0,0.0,0.0,0.0,0.0,0.0,0.0,0.0,0.0,0.0,0.0,0.0,0.0,0.0,0.0,0.0,0.0,0.0,0.0,0.0,0.0,0.0,0.0,0.0
0.0736,0.0714,0.07,0.0698,0.0683,0.0651,0.0662,0.066,0.0647,0.0602,0.0591,0.0593,0.0576,0.0556,0.0532,0.0472,0.0493,0.0476,0.0461,0.0446,0.044,0.0421,0.0408,0.0375,0.034,0.0316,0.0339,0.0326,0.0302,0.0281,0.0298,0.0287,0.0246,0.0222,0.0186,0.0192,0.0188,0.0135,0.0111,0.0096,0.0092,0.0075,0.0065,0.0059,0.005,0.0047,0.0041,0.0036,0.0027,0.0023,0.0018,0.0014,0.0011,0.0008,0.0006,0.0004,0.0003,0.0001,0.0,0.0,0.0,0.0,0.0,0.0,0.0,0.0,0.0,0.0,0.0,0.0,0.0,0.0,0.0,0.0,0.0,0.0,0.0,0.0,0.0,0.0,0.0,0.0,0.0,0.0,0.0,0.0,0.0,0.0,0.0,0.0
0.0866,0.0831,0.0802,0.077,0.0756,0.0737,0.0705,0.0675,0.065,0.0641,0.0599,0.0569,0.0548,0.0523,0.0503,0.0482,0.0456,0.0452,0.044,0.0423,0.0407,0.0385,0.0373,0.0364,0.0356,0.0326,0.0309,0.0295,0.0269,0.025,0.0228,0.0214,0.0198,0.0176,0.0158,0.0138,0.0131,0.0115,0.0106,0.0095,0.0093,0.0089,0.0078,0.0083,0.0077,0.0073,0.0076,0.0088,0.0099,0.0103,0.0107,0.0111,0.0123,0.0132,0.0147,0.0152,0.015,0.0153,0.0152,0.0155,0.0152,0.0146,0.0137,0.0116,0.0103,0.0092,0.0079,0.0073,0.0063,0.0051,0.0041,0.0038,0.0027,0.0018,0.0015,0.0012,0.0009,0.0006,0.0004,0.0001,0.0,0.0,0.0,0.0,0.0,0.0,0.0,0.0,0.0,0.0
0.0732,0.0722,0.07,0.0693,0.0712,0.0706,0.0687,0.0701,0.0733,0.074,0.0733,0.0724,0.0711,0.0698,0.0695,0.0667,0.0629,0.0627,0.0637,0.0638,0.0629,0.0607,0.0613,0.0625,0.0624,0.0616,0.0594,0.0585,0.0567,0.0553,0.0535,0.0525,0.0517,0.0514,0.0505,0.049,0.0479,0.0464,0.0452,0.0442,0.0426,0.0409,0.0388,0.038,0.0396,0.0377,0.0375,0.036,0.0344,0.0331,0.0316,0.0309,0.0295,0.0288,0.0271,0.0249,0.0235,0.0222,0.021,0.0191,0.0167,0.0141,0.0105,0.0085,0.007,0.0058,0.0046,0.0036,0.0026,0.0019,0.0013,0.0007,0.0003,0.0001,0.0001,0.0,0.0,0.0,0.0,0.0,0.0,0.0,0.0,0.0,0.0,0.0,0.0,0.0,0.0,0.0
0.0887,0.0878,0.0856,0.0838,0.0826,0.0842,0.085,0.0825,0.0806,0.0773,0.0761,0.0744,0.0732,0.0723,0.0721,0.0728,0.0705,0.067,0.0665,0.0679,0.0675,0.0665,0.064,0.0624,0.06,0.0566,0.0544,0.0524,0.0514,0.0501,0.0484,0.047,0.0442,0.0419,0.0403,0.0391,0.0378,0.036,0.0344,0.033,0.0315,0.0294,0.028,0.0264,0.0266,0.0254,0.0241,0.0236,0.0222,0.0206,0.0194,0.0182,0.0164,0.0149,0.012,0.0097,0.0078,0.0056,0.0037,0.0014,0.0002,0.0,0.0,0.0,0.0,0.0,0.0,0.0,0.0,0.0,0.0,0.0,0.0,0.0,0.0,0.0,0.0,0.0,0.0,0.0,0.0,0.0,0.0,0.0,0.0,0.0,0.0,0.0,0.0,0.0
0.0647,0.0631,0.0627,0.0623,0.0582,0.0534,0.0506,0.0487,0.0438,0.0418,0.0403,0.0393,0.0382,0.0369,0.0346,0.0324,0.0309,0.0291,0.0264,0.0221,0.0198,0.0194,0.0177,0.0147,0.0126,0.0122,0.0115,0.0113,0.0109,0.0104,0.0097,0.0082,0.0069,0.0054,0.0042,0.0032,0.0022,0.0011,0.0008,0.0006,0.0003,0.0001,0.0,0.0,0.0,0.0,0.0,0.0,0.0,0.0,0.0,0.0,0.0,0.0,0.0,0.0,0.0,0.0,0.0,0.0,0.0,0.0,0.0,0.0,0.0,0.0,0.0,0.0,0.0,0.0,0.0,0.0,0.0,0.0,0.0,0.0,0.0,0.0,0.0,0.0,0.0,0.0,0.0,0.0,0.0,0.0,0.0,0.0,0.0,0.0
0.0318,0.0309,0.0301,0.0296,0.0286,0.0285,0.0287,0.0284,0.0269,0.026,0.0233,0.0215,0.021,0.0193,0.0175,0.0187,0.0197,0.0206,0.0211,0.0231,0.0247,0.0248,0.0234,0.0235,0.0231,0.0221,0.0207,0.0192,0.0174,0.0162,0.0151,0.0132,0.0124,0.0111,0.0099,0.0089,0.0085,0.0082,0.0073,0.0063,0.0055,0.0054,0.0048,0.0045,0.0042,0.0039,0.0032,0.0022,0.0013,0.0007,0.0004,0.0002,0.0001,0.0,0.0,0.0,0.0,0.0,0.0,0.0,0.0,0.0,0.0,0.0,0.0,0.0,0.0,0.0,0.0,0.0,0.0,0.0,0.0,0.0,0.0,0.0,0.0,0.0,0.0,0.0,0.0,0.0,0.0,0.0,0.0,0.0,0.0,0.0,0.0,0.0
0.0828,0.0839,0.0869,0.0892,0.0898,0.0875,0.0853,0.083,0.0811,0.0772,0.0733,0.0693,0.067,0.0633,0.0601,0.0581,0.0583,0.0588,0.0559,0.0538,0.0558,0.0572,0.0555,0.0528,0.0524,0.0488,0.0479,0.0463,0.044,0.0405,0.0378,0.0376,0.0328,0.0281,0.0251,0.0221,0.0204,0.0172,0.0144,0.0117,0.0091,0.0074,0.0056,0.0042,0.0031,0.0019,0.001,0.0005,0.0001,0.0,0.0,0.0,0.0,0.0,0.0,0.0,0.0,0.0,0.0,0.0,0.0,0.0,0.0,0.0,0.0,0.0,0.0,0.0,0.0,0.0,0.0,0.0,0.0,0.0,0.0,0.0,0.0,0.0,0.0,0.0,0.0,0.0,0.0,0.0,0.0,0.0,0.0,0.0,0.0,0.0
0.1893,0.1903,0.1852,0.1889,0.1923,0.1914,0.1913,0.1848,0.1823,0.1767,0.1693,0.1606,0.1541,0.1507,0.1463,0.1412,0.1429,0.1431,0.1422,0.1421,0.1384,0.1356,0.1363,0.1324,0.1239,0.1141,0.1078,0.1053,0.0995,0.0951,0.0902,0.0887,0.0842,0.0765,0.0723,0.0664,0.0594,0.0523,0.0477,0.0436,0.0363,0.0323,0.0311,0.0279,0.025,0.0224,0.0198,0.0166,0.0142,0.0121,0.0107,0.0104,0.0094,0.0072,0.0056,0.0044,0.0031,0.0024,0.0019,0.0015,0.0012,0.0008,0.0004,0.0,0.0,0.0,0.0,0.0,0.0,0.0,0.0,0.0,0.0,0.0,0.0,0.0,0.0,0.0,0.0,0.0,0.0,0.0,0.0,0.0,0.0,0.0,0.0,0.0,0.0,0.0
0.2875,0.2831,0.2692,0.2608,0.2593,0.2583,0.2539,0.2451,0.2375,0.2311,0.2232,0.2132,0.202,0.1943,0.1867,0.1761,0.1682,0.1591,0.1497,0.1409,0.1324,0.1238,0.1149,0.1085,0.1008,0.0982,0.0915,0.0841,0.0802,0.0756,0.0713,0.0657,0.0634,0.0624,0.0591,0.0556,0.0525,0.049,0.044,0.0411,0.037,0.0319,0.0276,0.0228,0.0196,0.0163,0.013,0.011,0.0091,0.008,0.0064,0.0048,0.0038,0.0033,0.0026,0.0019,0.0013,0.0009,0.0009,0.0006,0.0002,0.0001,0.0,0.0,0.0,0.0,0.0,0.0,0.0,0.0,0.0,0.0,0.0,0.0,0.0,0.0,0.0,0.0,0.0,0.0,0.0,0.0,0.0,0.0,0.0,0.0,0.0,0.0,0.0,0.0
0.3112,0.2991,0.2955,0.2764,0.2694,0.2574,0.2475,0.2434,0.2323,0.2232,0.2135,0.2009,0.182,0.1632,0.1429,0.1206,0.1091,0.0964,0.0838,0.0704,0.0613,0.0539,0.0506,0.0458,0.0368,0.0259,0.0148,0.0089,0.004,0.0016,0.0006,0.0003,0.0002,0.0002,0.0001,0.0001,0.0,0.0,0.0,0.0,0.0,0.0,0.0,0.0,0.0,0.0,0.0,0.0,0.0,0.0,0.0,0.0,0.0,0.0,0.0,0.0,0.0,0.0,0.0,0.0,0.0,0.0,0.0,0.0,0.0,0.0,0.0,0.0,0.0,0.0,0.0,0.0,0.0,0.0,0.0,0.0,0.0,0.0,0.0,0.0,0.0,0.0,0.0,0.0,0.0,0.0,0.0,0.0,0.0,0.0
0.4162,0.4002,0.4073,0.3988,0.3865,0.3771,0.3554,0.3426,0.3483,0.3385,0.3188,0.3113,0.3042,0.2938,0.2849,0.272,0.2576,0.2484,0.2378,0.2227,0.2148,0.2139,0.2097,0.2013,0.1879,0.1733,0.1601,0.1487,0.1327,0.1195,0.1098,0.1018,0.1014,0.0939,0.0871,0.0861,0.0781,0.0696,0.0609,0.0575,0.0546,0.0473,0.0451,0.0447,0.0419,0.0392,0.0364,0.0343,0.0336,0.0323,0.0288,0.0248,0.0199,0.017,0.0161,0.0156,0.0133,0.0112,0.01,0.0083,0.0075,0.0068,0.0059,0.0052,0.0045,0.0034,0.0026,0.0015,0.0012,0.0009,0.0013,0.0011,0.0009,0.0006,0.0007,0.0018,0.0017,0.0015,0.0011,0.0012,0.0012,0.0008,0.0007,0.0007,0.0006,0.0003,0.0001,0.0,0.0,0.0
0.4446,0.4339,0.4325,0.4312,0.4254,0.4159,0.4029,0.3925,0.3908,0.3759,0.3637,0.3522,0.3464,0.3386,0.3334,0.3296,0.3186,0.3044,0.2858,0.2731,0.2653,0.2635,0.2546,0.2501,0.2463,0.2412,0.238,0.2321,0.221,0.2124,0.2043,0.196,0.1872,0.1828,0.1753,0.1694,0.1647,0.1581,0.1525,0.1458,0.1411,0.1384,0.1324,0.1268,0.1234,0.1177,0.1125,0.1083,0.1044,0.0996,0.0952,0.0908,0.0857,0.0803,0.0768,0.0737,0.0687,0.0638,0.0571,0.0525,0.0469,0.0428,0.0384,0.0349,0.0304,0.0257,0.0216,0.0175,0.0159,0.0135,0.013,0.0118,0.0093,0.0072,0.0062,0.0048,0.003,0.0023,0.0016,0.0016,0.0014,0.0012,0.0009,0.0004,0.0002,0.0001,0.0,0.0,0.0,0.0
0.4239,0.4126,0.4105,0.4063,0.3987,0.3894,0.3833,0.3816,0.3834,0.3733,0.3574,0.3463,0.3378,0.3283,0.319,0.3152,0.3053,0.289,0.2716,0.2567,0.2484,0.2336,0.2208,0.2108,0.1993,0.1882,0.1795,0.1671,0.1559,0.1497,0.144,0.136,0.1291,0.1253,0.1193,0.111,0.1065,0.0998,0.0922,0.0863,0.0775,0.0751,0.0723,0.0664,0.0612,0.0567,0.0514,0.0464,0.0415,0.0388,0.0356,0.0332,0.0304,0.0275,0.0258,0.0226,0.0202,0.0166,0.0143,0.014,0.0125,0.0111,0.0093,0.0083,0.0083,0.0072,0.0065,0.0056,0.0048,0.004,0.0032,0.0023,0.0015,0.0008,0.0003,0.0001,0.0,0.0,0.0,0.0,0.0,0.0,0.0,0.0,0.0,0.0,0.0,0.0,0.0,0.0
0.535,0.523,0.5131,0.5042,0.4944,0.4878,0.4834,0.4754,0.4673,0.4707,0.4643,0.4541,0.4437,0.4345,0.4236,0.4163,0.4109,0.4036,0.3884,0.3719,0.3528,0.3261,0.3039,0.2921,0.2818,0.2708,0.2575,0.2476,0.2328,0.2188,0.2061,0.194,0.1846,0.178,0.172,0.1638,0.1594,0.1534,0.1464,0.1395,0.132,0.126,0.1194,0.1105,0.1046,0.0974,0.0901,0.0834,0.0795,0.0746,0.069,0.0625,0.0583,0.0529,0.0488,0.0475,0.0443,0.0405,0.0377,0.0335,0.0304,0.0263,0.0247,0.0228,0.0196,0.0159,0.0128,0.0099,0.0074,0.0048,0.0024,0.0014,0.0007,0.0001,0.0,0.0,0.0,0.0,0.0,0.0,0.0,0.0,0.0,0.0,0.0,0.0,0.0,0.0,0.0,0.0
0.4348,0.4333,0.4293,0.4198,0.4099,0.4052,0.4018,0.3964,0.3874,0.3875,0.3884,0.3877,0.3866,0.3843,0.3773,0.3661,0.3584,0.3544,0.3544,0.3468,0.3333,0.3266,0.3183,0.3053,0.302,0.2924,0.2835,0.2814,0.2718,0.2603,0.2452,0.2326,0.2217,0.2079,0.1998,0.1956,0.1887,0.1855,0.1797,0.1746,0.1721,0.1623,0.1573,0.1526,0.1431,0.138,0.133,0.1276,0.1229,0.1177,0.1154,0.1113,0.1075,0.1016,0.0943,0.0892,0.0838,0.0775,0.072,0.0646,0.0579,0.0533,0.0496,0.0447,0.0418,0.0384,0.0331,0.0277,0.0222,0.0177,0.0134,0.0106,0.0075,0.0049,0.0029,0.0019,0.0012,0.0005,0.0,0.0,0.0,0.0,0.0,0.0,0.0,0.0,0.0,0.0,0.0,0.0
0.2211,0.2192,0.2117,0.2061,0.2,0.1921,0.1863,0.1813,0.1748,0.1688,0.1691,0.164,0.158,0.1522,0.1446,0.1379,0.1326,0.1296,0.1303,0.1321,0.1292,0.1286,0.1257,0.122,0.1219,0.121,0.1195,0.118,0.1161,0.1125,0.1108,0.1071,0.1032,0.0989,0.0928,0.0877,0.0798,0.0743,0.0707,0.0645,0.0621,0.0594,0.0551,0.053,0.0501,0.046,0.0441,0.042,0.0385,0.0339,0.0303,0.0267,0.0238,0.0229,0.0209,0.0184,0.0157,0.0135,0.012,0.01,0.0075,0.006,0.0049,0.0038,0.0027,0.0016,0.0007,0.0002,0.0001,0.0001,0.0002,0.0003,0.0002,0.0001,0.0,0.0,0.0,0.0,0.0,0.0,0.0,0.0,0.0,0.0,0.0,0.0,0.0,0.0,0.0,0.0
0.1762,0.1724,0.1668,0.1627,0.1602,0.1541,0.149,0.143,0.1378,0.1312,0.1279,0.1228,0.1181,0.1131,0.1095,0.1063,0.1031,0.1002,0.0987,0.1007,0.1012,0.1007,0.1,0.097,0.0954,0.0939,0.094,0.0935,0.0947,0.0939,0.0927,0.0909,0.0895,0.0867,0.0845,0.0825,0.0798,0.078,0.0761,0.0733,0.0702,0.0687,0.0662,0.0626,0.0585,0.0544,0.0514,0.0475,0.0439,0.0419,0.0386,0.0358,0.0334,0.0307,0.0284,0.0251,0.0222,0.0198,0.0173,0.0153,0.0123,0.0102,0.0082,0.0065,0.0049,0.0037,0.0028,0.0018,0.0014,0.0008,0.0005,0.0001,0.0,0.0,0.0,0.0,0.0,0.0,0.0,0.0,0.0,0.0,0.0,0.0,0.0,0.0,0.0,0.0,0.0,0.0
0.1947,0.1936,0.1911,0.1882,0.1865,0.1843,0.1806,0.1744,0.1695,0.1655,0.162,0.1574,0.1534,0.1462,0.1412,0.1349,0.1273,0.1197,0.1125,0.1072,0.1029,0.0988,0.0952,0.0898,0.0863,0.0827,0.0797,0.0765,0.073,0.0683,0.065,0.0618,0.0581,0.0544,0.0496,0.0461,0.0423,0.0387,0.036,0.034,0.0318,0.0297,0.0246,0.0219,0.0197,0.0177,0.0147,0.0105,0.0076,0.0061,0.0048,0.0037,0.003,0.0025,0.0018,0.0012,0.0006,0.0003,0.0001,0.0,0.0,0.0,0.0,0.0,0.0,0.0,0.0,0.0,0.0,0.0,0.0,0.0,0.0,0.0,0.0,0.0,0.0,0.0,0.0,0.0,0.0,0.0,0.0,0.0,0.0,0.0,0.0,0.0,0.0,0.0
0.039,0.0356,0.0317,0.0297,0.0285,0.0305,0.0289,0.0311,0.0349,0.0381,0.0375,0.0362,0.0339,0.0305,0.0255,0.0223,0.0227,0.0248,0.0279,0.0278,0.0259,0.0249,0.0249,0.022,0.0178,0.0172,0.0159,0.0159,0.0155,0.0138,0.0117,0.0095,0.0076,0.0065,0.0051,0.0037,0.0024,0.0017,0.0011,0.0006,0.0003,0.0,0.0,0.0,0.0,0.0,0.0,0.0,0.0,0.0,0.0,0.0,0.0,0.0,0.0,0.0,0.0,0.0,0.0,0.0,0.0,0.0,0.0,0.0,0.0,0.0,0.0,0.0,0.0,0.0,0.0,0.0,0.0,0.0,0.0,0.0,0.0,0.0,0.0,0.0,0.0,0.0,0.0,0.0,0.0,0.0,0.0,0.0,0.0,0.0
0.0035,0.0025,0.0021,0.0018,0.0015,0.0013,0.0012,0.0011,0.0011,0.0011,0.0009,0.001,0.0011,0.0012,0.0012,0.0012,0.0011,0.0009,0.0007,0.0004,0.0003,0.0002,0.0002,0.0001,0.0001,0.0001,0.0001,0.0001,0.0001,0.0001,0.0001,0.0001,0.0001,0.0001,0.0001,0.0001,0.0001,0.0,0.0,0.0,0.0,0.0,0.0,0.0,0.0,0.0,0.0,0.0,0.0,0.0,0.0,0.0,0.0,0.0,0.0,0.0,0.0,0.0,0.0,0.0,0.0,0.0,0.0,0.0,0.0,0.0,0.0,0.0,0.0,0.0,0.0,0.0,0.0,0.0,0.0,0.0,0.0,0.0,0.0,0.0,0.0,0.0,0.0,0.0,0.0,0.0,0.0,0.0,0.0,0.0
0.0335,0.0328,0.0331,0.0334,0.0338,0.0342,0.0344,0.0343,0.0335,0.0311,0.0293,0.0289,0.0321,0.0348,0.0359,0.0362,0.036,0.0356,0.0355,0.0349,0.0343,0.033,0.0322,0.0317,0.0316,0.0311,0.031,0.0314,0.0319,0.0321,0.0309,0.03,0.0297,0.0301,0.0298,0.0292,0.0285,0.0282,0.0295,0.0299,0.0295,0.0291,0.0292,0.029,0.0283,0.027,0.0266,0.0272,0.0282,0.0288,0.0292,0.0294,0.0303,0.0302,0.0295,0.0292,0.0289,0.028,0.0283,0.0282,0.0278,0.0281,0.0288,0.0288,0.0288,0.0287,0.0287,0.0284,0.0283,0.0282,0.028,0.0283,0.0283,0.028,0.0278,0.0286,0.029,0.0289,0.0289,0.029,0.0292,0.0297,0.03,0.0304,0.0278,0.0241,0.0259,0.0271,0.0271,0.0284
0.4349,0.4317,0.4348,0.44,0.444,0.4473,0.4515,0.4549,0.4525,0.4451,0.4396,0.4333,0.4342,0.4366,0.4418,0.4456,0.4505,0.4523,0.4512,0.4462,0.4443,0.4444,0.4413,0.4388,0.4332,0.4301,0.4316,0.4366,0.4367,0.4311,0.4229,0.4149,0.4091,0.4076,0.4027,0.397,0.3919,0.3869,0.386,0.3856,0.3841,0.3802,0.3768,0.3739,0.3695,0.3676,0.3689,0.3646,0.3666,0.3653,0.3621,0.3616,0.364,0.3656,0.3609,0.3569,0.3522,0.3457,0.3409,0.3368,0.3316,0.3281,0.3256,0.3231,0.3197,0.3173,0.3149,0.3119,0.308,0.3039,0.3007,0.2978,0.296,0.2931,0.2921,0.2921,0.2952,0.2965,0.2957,0.2944,0.2946,0.2965,0.3,0.3026,0.2968,0.2918,0.2875,0.2844,0.2823,0.2812
0.5061,0.4986,0.4916,0.4863,0.4796,0.4725,0.4706,0.4651,0.4633,0.459,0.4553,0.4522,0.4454,0.4355,0.4264,0.4189,0.4108,0.409,0.4092,0.4091,0.4094,0.405,0.4026,0.3942,0.3898,0.3781,0.3634,0.3579,0.3492,0.3452,0.3452,0.3436,0.3424,0.3331,0.319,0.3041,0.2857,0.2684,0.2493,0.2311,0.216,0.2028,0.1831,0.1669,0.1563,0.1463,0.1395,0.1312,0.1208,0.1108,0.1023,0.0929,0.0834,0.076,0.0706,0.0651,0.0609,0.0577,0.0539,0.0517,0.0503,0.0477,0.0454,0.0449,0.0437,0.04,0.0379,0.0363,0.0358,0.0351,0.0334,0.032,0.031,0.0315,0.0299,0.0279,0.0253,0.0257,0.0257,0.0259,0.0253,0.0232,0.0217,0.0224,0.0229,0.0239,0.0248,0.0239,0.025,0.0251
0.4959,0.4799,0.4661,0.4565,0.4481,0.4368,0.4249,0.417,0.4159,0.4204,0.4128,0.4102,0.4056,0.3868,0.3655,0.3444,0.3293,0.3177,0.3022,0.2886,0.2702,0.2518,0.232,0.2132,0.1943,0.1736,0.1581,0.1495,0.1362,0.1204,0.1053,0.0946,0.0847,0.0772,0.0695,0.0646,0.0573,0.0527,0.0487,0.0474,0.043,0.0392,0.0321,0.0286,0.0303,0.0296,0.0245,0.0263,0.026,0.0266,0.0284,0.027,0.0171,0.0211,0.0235,0.023,0.0217,0.0202,0.0119,0.0067,0.0045,0.0037,0.0031,0.0027,0.0023,0.002,0.0017,0.0012,0.0008,0.0005,0.0004,0.0002,0.0002,0.0002,0.0002,0.0003,0.0003,0.0003,0.0002,0.0003,0.0003,0.0001,0.0001,0.0001,0.0001,0.0001,0.0001,0.0001,0.0001,0.0001
0.5598,0.5517,0.5439,0.5298,0.519,0.51,0.4999,0.4901,0.4809,0.478,0.4806,0.4776,0.4756,0.469,0.4598,0.449,0.4351,0.4246,0.417,0.4082,0.3975,0.3867,0.3773,0.3641,0.3516,0.3417,0.3295,0.3161,0.2975,0.2764,0.2583,0.242,0.2203,0.2054,0.1854,0.1654,0.1495,0.1366,0.1246,0.1169,0.1071,0.0952,0.0826,0.0669,0.0531,0.0423,0.0335,0.0263,0.0217,0.0187,0.0166,0.0136,0.0111,0.0097,0.0076,0.0064,0.0056,0.005,0.0046,0.004,0.0034,0.0027,0.0022,0.0019,0.0019,0.0016,0.0011,0.0007,0.0004,0.0002,0.0001,0.0001,0.0,0.0,0.0,0.0,0.0,0.0,0.0,0.0,0.0,0.0,0.0,0.0,0.0,0.0,0.0,0.0001,0.0001,0.0003
0.5382,0.5301,0.5267,0.5209,0.5076,0.4996,0.4913,0.4863,0.4801,0.4734,0.4746,0.4791,0.4787,0.4787,0.4778,0.4725,0.462,0.4428,0.4245,0.4108,0.4007,0.389,0.3805,0.3686,0.3519,0.3414,0.325,0.3114,0.2926,0.2704,0.2516,0.2355,0.2213,0.2066,0.1928,0.1761,0.16,0.1464,0.1341,0.1238,0.1113,0.0959,0.0843,0.0708,0.0591,0.0457,0.0354,0.0273,0.0207,0.0157,0.0126,0.0091,0.0053,0.0023,0.0011,0.001,0.0011,0.001,0.0011,0.0012,0.0012,0.0009,0.0009,0.0009,0.0008,0.0006,0.0005,0.0005,0.0003,0.0003,0.0003,0.0004,0.0005,0.0005,0.0002,0.0001,0.0001,0.0001,0.0,0.0,0.0,0.0,0.0,0.0,0.0,0.0,0.0,0.0001,0.0002,0.0003
0.4961,0.4922,0.4878,0.4843,0.4761,0.4645,0.4534,0.4393,0.4255,0.4092,0.3881,0.3693,0.3566,0.3466,0.3394,0.335,0.3352,0.3282,0.3115,0.2962,0.2883,0.2786,0.2699,0.2623,0.2537,0.2465,0.2381,0.2279,0.2259,0.2187,0.2094,0.1993,0.1958,0.1867,0.1825,0.1776,0.1694,0.1586,0.1466,0.1332,0.1213,0.1102,0.1022,0.095,0.0878,0.078,0.0697,0.0611,0.0519,0.0432,0.0382,0.035,0.0277,0.0243,0.0203,0.0154,0.0128,0.0104,0.0087,0.0076,0.0066,0.0061,0.0055,0.0052,0.0047,0.0044,0.0045,0.0043,0.0038,0.0041,0.0043,0.0047,0.0048,0.0043,0.0042,0.0042,0.0043,0.0037,0.0035,0.0029,0.0027,0.0027,0.0031,0.0034,0.003,0.0031,0.004,0.0045,0.005,0.0058
