0.3329,0.3191,0.3046,0.2917,0.2765,0.2609,0.2468,0.2287,0.2138,0.1961,0.1909,0.1772,0.1641,0.1501,0.1388,0.1308,0.1217,0.1172,0.11,0.1024,0.0942,0.0857,0.0765,0.0719,0.0644,0.0573,0.0514,0.0459,0.0419,0.0395,0.0363,0.0343,0.032,0.0296,0.0279,0.026,0.025,0.0245,0.0236,0.0235,0.023,0.0225,0.0216,0.0206,0.0198,0.0201,0.0197,0.0195,0.0194,0.0192,0.0191,0.0177,0.0168,0.0161,0.0156,0.0153,0.0149,0.014,0.0133,0.0125,0.0127,0.0127,0.0127,0.0121,0.0116,0.0125,0.0136,0.0139,0.0146,0.0154,0.0163,0.0166,0.0161,0.0149,0.0138,0.0124,0.0105,0.0089,0.0078,0.0068,0.0061,0.0056,0.005,0.0046,0.005,0.0057,0.0056,0.0063,0.0077,0.0086
0.363,0.3522,0.3396,0.3268,0.3187,0.3033,0.2857,0.2675,0.258,0.2438,0.2325,0.2202,0.2075,0.1899,0.1744,0.1612,0.1494,0.1442,0.1369,0.1313,0.1263,0.115,0.1051,0.1003,0.0964,0.0934,0.0916,0.0912,0.0909,0.0898,0.0888,0.0882,0.0846,0.0797,0.0757,0.0732,0.0717,0.0685,0.065,0.0634,0.0622,0.0608,0.0601,0.0584,0.058,0.0581,0.0575,0.0573,0.057,0.0552,0.0538,0.0516,0.0487,0.0468,0.0453,0.0434,0.0418,0.0408,0.04,0.0383,0.037,0.0363,0.035,0.0339,0.0329,0.0311,0.0273,0.0235,0.0205,0.019,0.0171,0.0144,0.0133,0.0122,0.0117,0.0133,0.0142,0.0144,0.0164,0.019,0.02,0.0208,0.0199,0.0194,0.0211,0.0225,0.0226,0.023,0.0249,0.0255
0.4261,0.4187,0.4107,0.4053,0.3969,0.3882,0.3789,0.3689,0.3587,0.351,0.3414,0.3314,0.3248,0.3201,0.3105,0.2998,0.2883,0.2765,0.2614,0.2462,0.2351,0.2255,0.2161,0.2085,0.2009,0.1956,0.1895,0.1842,0.1808,0.1777,0.174,0.1708,0.1652,0.1589,0.1499,0.1405,0.1329,0.1271,0.122,0.1157,0.1107,0.1067,0.1033,0.1013,0.0975,0.0949,0.0936,0.0925,0.0883,0.0863,0.0839,0.0804,0.0749,0.069,0.064,0.0599,0.0582,0.0567,0.0549,0.0516,0.0514,0.0514,0.0508,0.0499,0.0473,0.045,0.0432,0.0415,0.0403,0.0397,0.0392,0.0376,0.0359,0.0348,0.0336,0.032,0.0292,0.0279,0.0256,0.023,0.0213,0.0198,0.0196,0.0191,0.0174,0.015,0.0143,0.014,0.0143,0.0139
0.3015,0.2999,0.2975,0.2924,0.287,0.2834,0.2795,0.2787,0.2741,0.2715,0.2714,0.2666,0.2583,0.25,0.2444,0.237,0.2333,0.2273,0.2191,0.2071,0.1977,0.1929,0.1863,0.1792,0.1734,0.1686,0.1651,0.1616,0.1578,0.1558,0.1513,0.1449,0.1388,0.1355,0.1342,0.1324,0.1294,0.1254,0.1232,0.1212,0.1182,0.1152,0.1111,0.1095,0.1086,0.1045,0.0994,0.0938,0.0891,0.0843,0.0817,0.0797,0.0785,0.0769,0.0742,0.071,0.068,0.0651,0.0632,0.0621,0.058,0.053,0.0488,0.0455,0.044,0.0414,0.0384,0.0364,0.0346,0.0316,0.0292,0.028,0.0265,0.0252,0.0245,0.0233,0.0222,0.0212,0.0205,0.0201,0.0196,0.0193,0.0188,0.0186,0.0183,0.0176,0.0167,0.016,0.0155,0.0154
0.1599,0.1575,0.1526,0.1456,0.1406,0.1351,0.1315,0.1322,0.128,0.1215,0.1158,0.1085,0.0992,0.093,0.0895,0.0875,0.0859,0.0846,0.0793,0.0747,0.068,0.0611,0.0579,0.057,0.0559,0.0534,0.0493,0.0456,0.0395,0.0328,0.0258,0.0211,0.0193,0.0184,0.0181,0.0177,0.0163,0.0151,0.0144,0.0139,0.0133,0.0126,0.0115,0.0108,0.01,0.0093,0.0086,0.0076,0.0063,0.0054,0.0045,0.0041,0.0041,0.0042,0.0041,0.0039,0.0032,0.0028,0.0024,0.0021,0.0017,0.0012,0.001,0.0008,0.0007,0.0007,0.0007,0.0006,0.0006,0.0006,0.0005,0.0005,0.0005,0.0005,0.0005,0.0005,0.0005,0.0005,0.0005,0.0005,0.0005,0.0005,0.0005,0.0005,0.0004,0.0004,0.0004,0.0004,0.0003,0.0003
0.0671,0.0648,0.0608,0.0566,0.0541,0.0518,0.0486,0.0461,0.0438,0.0407,0.038,0.034,0.0319,0.0294,0.0257,0.0217,0.0181,0.015,0.0122,0.01,0.008,0.0061,0.0053,0.0048,0.0038,0.0028,0.0015,0.0008,0.0005,0.0002,0.0,0.0,0.0,0.0,0.0,0.0,0.0,0.0,0.0,0.0,0.0,0.0,0.0,0.0,0.0,0.0,0.0,0.0,0.0,0.0,0.0,0.0,0.0,0.0,0.0,0.0,0.0,0.0,0.0,0.0,0.0,0.0,0.0,0.0,0.0,0.0,0.0,0.0,0.0,0.0,0.0,0.0,0.0,0.0,0.0,0.0,0.0,0.0,0.0,0.0,0.0,0.0,0.0,0.0,0.0,0.0,0.0,0.0,0.0,0.0
0.1296,0.1286,0.1242,0.116,0.1111,0.1067,0.0999,0.0942,0.0844,0.076,0.0681,0.0621,0.0563,0.051,0.0478,0.0447,0.0397,0.0351,0.031,0.0257,0.0263,0.0215,0.0185,0.0162,0.0142,0.0125,0.012,0.0118,0.0102,0.0098,0.0089,0.0071,0.0053,0.0044,0.0033,0.0025,0.0017,0.0009,0.0003,0.0001,0.0,0.0,0.0,0.0,0.0,0.0,0.0,0.0,0.0,0.0,0.0,0.0,0.0,0.0,0.0,0.0,0.0,0.0,0.0,0.0,0.0,0.0,0.0,0.0,0.0,0.0,0.0,0.0,0.0,0.0,0.0,0.0,0.0,0.0,0.0,0.0,0.0,0.0,0.0,0.0,0.0,0.0,0.0,0.0,0.0,0.0,0.0,0.0,0.0,0.0
0.1846,0.1827,0.1827,0.1807,0.177,0.1746,0.1745,0.172,0.1693,0.1622,0.1543,0.1454,0.1359,0.1273,0.1203,0.116,0.1123,0.1077,0.1027,0.0986,0.0931,0.0904,0.084,0.078,0.0708,0.0649,0.0578,0.0537,0.0471,0.0412,0.0377,0.0362,0.0304,0.027,0.0242,0.0214,0.0186,0.0162,0.0136,0.0117,0.0102,0.0085,0.0069,0.0054,0.0042,0.0032,0.0026,0.0017,0.0012,0.0006,0.0002,0.0,0.0,0.0,0.0,0.0,0.0,0.0,0.0,0.0,0.0,0.0,0.0,0.0,0.0,0.0,0.0,0.0,0.0,0.0,0.0,0.0,0.0,0.0,0.0,0.0,0.0,0.0,0.0,0.0,0.0,0.0,0.0,0.0,0.0,0.0,0.0,0.0,0.0,0.0
0.0714,0.0696,0.0675,0.0659,0.0636,0.0613,0.0593,0.0575,0.059,0.057,0.0552,0.0531,0.05,0.0478,0.0448,0.0415,0.0392,0.0372,0.0351,0.0334,0.0317,0.0315,0.0306,0.0293,0.0276,0.0262,0.0242,0.0219,0.0206,0.0182,0.0169,0.0154,0.0137,0.0116,0.0099,0.0084,0.0072,0.006,0.0049,0.0035,0.0026,0.0018,0.0012,0.0005,0.0001,0.0,0.0,0.0,0.0,0.0,0.0,0.0,0.0,0.0,0.0,0.0,0.0,0.0,0.0,0.0,0.0,0.0,0.0,0.0,0.0,0.0,0.0,0.0,0.0,0.0,0.0,0.0,0.0,0.0,0.0,0.0,0.0,0.0,0.0,0.0,0.0,0.0,0.0,0.0,0.0,0.0,0.0,0.0,0.0,0.0
0.0673,0.065,0.0628,0.0621,0.0602,0.0574,0.0547,0.0528,0.0506,0.0483,0.0458,0.0422,0.0396,0.0363,0.0325,0.0293,0.0271,0.0244,0.0214,0.0183,0.0161,0.0134,0.0115,0.0097,0.0084,0.0071,0.0064,0.005,0.0041,0.0035,0.0026,0.0022,0.0015,0.0012,0.001,0.0008,0.0006,0.0005,0.0003,0.0001,0.0,0.0,0.0,0.0,0.0,0.0,0.0,0.0,0.0,0.0,0.0,0.0,0.0,0.0,0.0,0.0,0.0,0.0,0.0,0.0,0.0,0.0,0.0,0.0,0.0,0.0,0.0,0.0,0.0,0.0,0.0,0.0,0.0,0.0,0.0,0.0,0.0,0.0,0.0,0.0,0.0,0.0,0.0,0.0,0.0,0.0,0.0,0.0,0.0,0.0
0.0763,0.0724,0.0694,0.0654,0.0643,0.0625,0.0602,0.0585,0.0556,0.0546,0.0514,0.0492,0.0473,0.0446,0.0428,0.0398,0.0377,0.0347,0.0323,0.0295,0.0282,0.0266,0.0253,0.0238,0.0216,0.0196,0.0179,0.0159,0.0147,0.0132,0.0115,0.0106,0.0089,0.0077,0.0066,0.0058,0.005,0.0043,0.0035,0.0024,0.0013,0.0007,0.0004,0.0002,0.0,0.0,0.0,0.0,0.0,0.0,0.0,0.0,0.0,0.0,0.0,0.0,0.0,0.0,0.0,0.0,0.0,0.0,0.0,0.0,0.0,0.0,0.0,0.0,0.0,0.0,0.0,0.0,0.0,0.0,0.0,0.0,0.0,0.0,0.0,0.0,0.0,0.0,0.0,0.0,0.0,0.0,0.0,0.0,0.0,0.0
0.0729,0.0721,0.07,0.0693,0.0722,0.0735,0.0731,0.0718,0.0713,0.07,0.0682,0.0677,0.0657,0.0637,0.0622,0.0604,0.0623,0.0594,0.0556,0.0526,0.0502,0.0477,0.0461,0.0449,0.0427,0.0412,0.0396,0.0364,0.0333,0.0314,0.0285,0.0252,0.0245,0.0216,0.019,0.0166,0.0145,0.0123,0.0107,0.0094,0.0078,0.0063,0.0049,0.0047,0.0053,0.0061,0.0063,0.0062,0.0063,0.0058,0.0063,0.0059,0.005,0.0046,0.0043,0.0034,0.0028,0.0028,0.0026,0.0024,0.0016,0.0012,0.0008,0.0004,0.0003,0.0001,0.0,0.0,0.0,0.0,0.0,0.0,0.0,0.0,0.0,0.0,0.0,0.0,0.0,0.0,0.0,0.0,0.0,0.0,0.0,0.0,0.0,0.0,0.0,0.0
0.0937,0.0932,0.0912,0.0892,0.0853,0.0844,0.0841,0.0826,0.0825,0.0824,0.081,0.0798,0.0782,0.077,0.0758,0.0749,0.0726,0.0723,0.0703,0.0699,0.0687,0.0667,0.0644,0.0625,0.0601,0.0583,0.0583,0.0586,0.0568,0.0543,0.0517,0.0486,0.0472,0.0443,0.0416,0.0391,0.0365,0.0342,0.0319,0.0303,0.0281,0.0256,0.0224,0.0202,0.0188,0.0175,0.0159,0.0145,0.0131,0.0111,0.0099,0.008,0.0064,0.0048,0.0034,0.002,0.0014,0.001,0.0004,0.0001,0.0,0.0,0.0,0.0,0.0,0.0,0.0,0.0,0.0,0.0,0.0,0.0,0.0,0.0,0.0,0.0,0.0,0.0,0.0,0.0,0.0,0.0,0.0,0.0,0.0,0.0,0.0,0.0,0.0,0.0
0.0654,0.0637,0.0631,0.0625,0.059,0.0552,0.0525,0.0515,0.0495,0.048,0.047,0.0459,0.0452,0.0439,0.0426,0.0414,0.039,0.037,0.0363,0.0349,0.0335,0.0324,0.0312,0.0292,0.0281,0.0257,0.021,0.0167,0.0134,0.0109,0.0102,0.0095,0.0083,0.0076,0.0066,0.0056,0.0046,0.0037,0.0025,0.0018,0.0014,0.0009,0.0005,0.0002,0.0,0.0,0.0,0.0,0.0,0.0,0.0,0.0,0.0,0.0,0.0,0.0,0.0,0.0,0.0,0.0,0.0,0.0,0.0,0.0,0.0,0.0,0.0,0.0,0.0,0.0,0.0,0.0,0.0,0.0,0.0,0.0,0.0,0.0,0.0,0.0,0.0,0.0,0.0,0.0,0.0,0.0,0.0,0.0,0.0,0.0
0.0376,0.0367,0.0353,0.0335,0.0322,0.0299,0.0278,0.0267,0.0251,0.025,0.0239,0.0221,0.0218,0.023,0.023,0.0231,0.023,0.0231,0.0228,0.0217,0.0213,0.021,0.0201,0.0196,0.0194,0.0189,0.0204,0.0202,0.0204,0.0199,0.0183,0.0157,0.0145,0.0137,0.0135,0.0122,0.011,0.0116,0.0102,0.0097,0.0084,0.0075,0.0078,0.0059,0.0045,0.0033,0.0025,0.0018,0.0011,0.0004,0.0002,0.0002,0.0001,0.0,0.0,0.0,0.0,0.0,0.0,0.0,0.0,0.0,0.0,0.0,0.0,0.0,0.0,0.0,0.0,0.0,0.0,0.0,0.0,0.0,0.0,0.0,0.0,0.0,0.0,0.0,0.0,0.0,0.0,0.0,0.0,0.0,0.0,0.0,0.0,0.0
0.0695,0.0715,0.0737,0.0754,0.0747,0.0726,0.0699,0.0672,0.0643,0.0601,0.0576,0.0555,0.0528,0.0529,0.0517,0.051,0.0505,0.0481,0.0469,0.045,0.0422,0.041,0.0388,0.0371,0.0348,0.0325,0.0285,0.0254,0.0232,0.0202,0.0184,0.0177,0.0159,0.014,0.0122,0.011,0.0095,0.0065,0.0056,0.0045,0.0038,0.0028,0.0014,0.0007,0.0002,0.0,0.0,0.0,0.0,0.0,0.0,0.0,0.0,0.0,0.0,0.0,0.0,0.0,0.0,0.0,0.0,0.0,0.0,0.0,0.0,0.0,0.0,0.0,0.0,0.0,0.0,0.0,0.0,0.0,0.0,0.0,0.0,0.0,0.0,0.0,0.0,0.0,0.0,0.0,0.0,0.0,0.0,0.0,0.0,0.0
0.1704,0.1712,0.1655,0.1633,0.1608,0.158,0.1531,0.1469,0.1403,0.136,0.1325,0.1295,0.1245,0.12,0.1171,0.1126,0.1153,0.1156,0.1145,0.1119,0.1115,0.1068,0.1012,0.0976,0.0955,0.09,0.0821,0.0765,0.071,0.0645,0.0565,0.0482,0.0426,0.0394,0.0365,0.0325,0.0283,0.0247,0.0221,0.0192,0.0167,0.0139,0.0127,0.0129,0.0126,0.012,0.0107,0.0096,0.0083,0.0071,0.0078,0.0076,0.0063,0.0059,0.0059,0.0052,0.0046,0.0036,0.0028,0.0025,0.0027,0.002,0.0015,0.001,0.0008,0.0005,0.0003,0.0001,0.0001,0.0,0.0,0.0,0.0,0.0,0.0,0.0,0.0,0.0,0.0,0.0,0.0,0.0,0.0,0.0,0.0,0.0,0.0,0.0,0.0,0.0
0.2806,0.275,0.2608,0.254,0.2556,0.2519,0.2422,0.2329,0.2223,0.2108,0.1987,0.1878,0.1766,0.1651,0.1546,0.1454,0.1347,0.1234,0.1102,0.1023,0.0974,0.0907,0.0869,0.0807,0.0719,0.0678,0.0646,0.0592,0.0574,0.0559,0.0541,0.052,0.049,0.0448,0.0396,0.0355,0.0326,0.0307,0.0294,0.0277,0.0253,0.0232,0.0207,0.0177,0.0148,0.0127,0.0103,0.0083,0.0069,0.0064,0.0047,0.0036,0.0031,0.0024,0.0017,0.0012,0.001,0.0009,0.0006,0.0002,0.0001,0.0,0.0,0.0,0.0001,0.0001,0.0001,0.0,0.0,0.0,0.0,0.0,0.0,0.0,0.0,0.0,0.0,0.0,0.0,0.0,0.0,0.0,0.0,0.0,0.0,0.0,0.0,0.0,0.0,0.0
0.308,0.2945,0.2978,0.2895,0.2747,0.2579,0.2484,0.2384,0.2277,0.2158,0.1988,0.1829,0.1643,0.1442,0.1298,0.1164,0.1082,0.0978,0.0902,0.0741,0.0687,0.0707,0.0639,0.0515,0.0482,0.0486,0.0467,0.0422,0.0385,0.0343,0.0289,0.0246,0.0219,0.0188,0.0166,0.0139,0.0094,0.0053,0.0038,0.0014,0.0003,0.0,0.0,0.0,0.0,0.0,0.0,0.0,0.0,0.0,0.0,0.0,0.0,0.0,0.0,0.0,0.0,0.0,0.0,0.0,0.0,0.0,0.0,0.0,0.0,0.0,0.0,0.0,0.0,0.0,0.0,0.0,0.0,0.0,0.0,0.0,0.0,0.0,0.0,0.0,0.0,0.0,0.0,0.0,0.0,0.0,0.0,0.0,0.0,0.0
0.4138,0.3946,0.4026,0.3966,0.3845,0.3706,0.3617,0.3535,0.3449,0.3361,0.3252,0.3108,0.3011,0.2883,0.2716,0.2616,0.2579,0.2511,0.2455,0.2292,0.2173,0.2166,0.2052,0.1949,0.1885,0.1865,0.1784,0.1699,0.1635,0.157,0.152,0.1462,0.1372,0.1302,0.1244,0.1201,0.1164,0.1108,0.105,0.0954,0.0785,0.0717,0.0627,0.0538,0.0538,0.0563,0.0595,0.0628,0.0655,0.0649,0.0607,0.0577,0.0545,0.0518,0.0476,0.0441,0.0402,0.0359,0.032,0.029,0.025,0.0188,0.0173,0.014,0.0107,0.0082,0.006,0.004,0.0028,0.0022,0.0015,0.0011,0.0008,0.0005,0.0004,0.0002,0.0001,0.0,0.0,0.0,0.0,0.0,0.0,0.0,0.0,0.0,0.0,0.0,0.0,0.0
0.451,0.44,0.4375,0.4319,0.4241,0.4143,0.4072,0.4013,0.3929,0.3836,0.3809,0.3747,0.3763,0.3686,0.3568,0.3435,0.3373,0.3253,0.3134,0.2972,0.2799,0.2667,0.2516,0.2463,0.2382,0.2278,0.2186,0.2092,0.1976,0.1888,0.1835,0.1809,0.1773,0.1727,0.1675,0.1604,0.1531,0.1477,0.1488,0.1522,0.1481,0.1437,0.1407,0.1333,0.1255,0.1162,0.1092,0.0996,0.0893,0.081,0.0747,0.0699,0.0674,0.0638,0.0604,0.0567,0.0524,0.0489,0.0468,0.0446,0.0432,0.0409,0.0362,0.0331,0.029,0.0251,0.0206,0.0168,0.0149,0.0132,0.0106,0.0085,0.0069,0.0052,0.004,0.003,0.0018,0.0006,0.0004,0.0003,0.0,0.0,0.0,0.0,0.0,0.0,0.0,0.0,0.0,0.0
0.4119,0.397,0.3909,0.387,0.3798,0.3747,0.3668,0.357,0.3497,0.3409,0.3359,0.3274,0.3239,0.3212,0.3163,0.3057,0.2948,0.2844,0.2727,0.2621,0.2507,0.2396,0.2262,0.2212,0.2093,0.2013,0.1934,0.186,0.1804,0.1734,0.1662,0.1605,0.1527,0.1409,0.1282,0.1194,0.1137,0.111,0.1078,0.1007,0.0919,0.0843,0.0774,0.0707,0.0656,0.0621,0.0568,0.0501,0.0467,0.0449,0.042,0.0376,0.0335,0.032,0.0299,0.0252,0.0207,0.0171,0.0124,0.0079,0.005,0.001,0.0001,0.0001,0.0,0.0,0.0,0.0,0.0,0.0,0.0,0.0,0.0,0.0,0.0,0.0,0.0,0.0,0.0,0.0,0.0,0.0,0.0,0.0,0.0,0.0,0.0,0.0,0.0,0.0
0.5385,0.5257,0.516,0.5055,0.4952,0.4909,0.4859,0.4711,0.462,0.4502,0.4367,0.4265,0.4094,0.3998,0.3942,0.3853,0.3722,0.3644,0.3564,0.3455,0.3295,0.3151,0.3044,0.2945,0.2867,0.2813,0.2667,0.2538,0.2482,0.2424,0.2355,0.226,0.2181,0.2127,0.2042,0.1929,0.1839,0.1755,0.1702,0.1677,0.1626,0.1561,0.1462,0.1391,0.1325,0.1273,0.1222,0.1154,0.1081,0.1011,0.0955,0.0896,0.0835,0.079,0.0743,0.0696,0.0648,0.0593,0.0535,0.048,0.0451,0.0384,0.0314,0.0266,0.0212,0.0167,0.0131,0.0088,0.0058,0.0036,0.0022,0.0014,0.0012,0.001,0.0007,0.0004,0.0002,0.0,0.0,0.0,0.0,0.0,0.0,0.0,0.0,0.0,0.0,0.0,0.0,0.0
0.4285,0.427,0.4233,0.4165,0.4083,0.3971,0.3899,0.391,0.3887,0.3886,0.3849,0.3832,0.376,0.3692,0.3669,0.3635,0.3541,0.3454,0.3365,0.334,0.3234,0.3162,0.3061,0.2908,0.2779,0.2576,0.2454,0.2354,0.2245,0.216,0.2068,0.1978,0.1884,0.1765,0.1675,0.1597,0.1515,0.1391,0.1275,0.1203,0.1143,0.1097,0.1049,0.0967,0.089,0.0815,0.0766,0.0735,0.0695,0.0644,0.0584,0.0524,0.0463,0.04,0.0346,0.0301,0.0261,0.0226,0.0195,0.0165,0.0149,0.0139,0.013,0.0118,0.0106,0.0091,0.0076,0.0065,0.0054,0.0051,0.0045,0.004,0.0034,0.0027,0.0026,0.0022,0.0014,0.0006,0.0002,0.0001,0.0,0.0,0.0,0.0,0.0,0.0,0.0,0.0,0.0,0.0
0.2067,0.2045,0.1974,0.1938,0.1889,0.182,0.1743,0.1698,0.164,0.1595,0.1523,0.1492,0.1466,0.1413,0.1388,0.1358,0.1333,0.13,0.128,0.129,0.1273,0.1255,0.1257,0.1225,0.1193,0.1124,0.1057,0.1026,0.0981,0.0941,0.0903,0.0865,0.0827,0.0782,0.075,0.0726,0.0693,0.0669,0.0651,0.063,0.0618,0.0601,0.0585,0.0557,0.0521,0.0499,0.0472,0.0444,0.0423,0.041,0.0387,0.0372,0.0356,0.0336,0.0318,0.0306,0.0299,0.0291,0.0271,0.0252,0.0233,0.0219,0.0211,0.0199,0.0192,0.0181,0.0166,0.0158,0.0154,0.0144,0.0138,0.0132,0.0125,0.0113,0.0101,0.0096,0.009,0.008,0.0067,0.0063,0.0047,0.0033,0.003,0.0036,0.0043,0.0046,0.0035,0.003,0.0024,0.0019
0.1705,0.1655,0.1594,0.1544,0.1513,0.1469,0.1435,0.1406,0.1361,0.1316,0.1277,0.124,0.1209,0.1167,0.1139,0.112,0.1114,0.1081,0.1053,0.1052,0.1036,0.1014,0.1004,0.0995,0.0978,0.096,0.0933,0.0913,0.089,0.086,0.083,0.0812,0.0787,0.0767,0.0749,0.0731,0.0709,0.068,0.0642,0.0619,0.0612,0.0594,0.0567,0.0533,0.0496,0.0477,0.0462,0.0447,0.0422,0.0392,0.0366,0.0346,0.0328,0.0309,0.0292,0.0276,0.0262,0.025,0.0243,0.0235,0.0228,0.0219,0.0203,0.0188,0.0178,0.0169,0.0158,0.0145,0.0136,0.0133,0.0125,0.0109,0.0099,0.0093,0.0091,0.0087,0.0073,0.0075,0.0082,0.0079,0.0082,0.0079,0.0074,0.007,0.0068,0.0056,0.0056,0.0057,0.0054,0.0054
0.1807,0.1776,0.1737,0.1696,0.1657,0.1625,0.1569,0.1521,0.1482,0.1385,0.1307,0.1244,0.1201,0.1168,0.1127,0.1111,0.108,0.1059,0.1039,0.102,0.1011,0.0982,0.0948,0.0917,0.0876,0.0857,0.0821,0.0772,0.074,0.0708,0.0672,0.0639,0.06,0.0565,0.0528,0.0489,0.0454,0.0427,0.0392,0.035,0.0324,0.0299,0.0266,0.0228,0.0183,0.0151,0.0133,0.0122,0.0112,0.0099,0.009,0.0077,0.0064,0.0052,0.0045,0.004,0.0034,0.0028,0.0025,0.0021,0.0018,0.0015,0.0013,0.0009,0.0005,0.0001,0.0,0.0,0.0,0.0,0.0,0.0,0.0,0.0,0.0,0.0,0.0,0.0,0.0,0.0,0.0,0.0,0.0,0.0,0.0,0.0,0.0,0.0,0.0,0.0
0.0377,0.0343,0.0296,0.0264,0.0269,0.0282,0.0304,0.0342,0.0394,0.0432,0.0436,0.042,0.0406,0.039,0.0387,0.0357,0.033,0.0304,0.0267,0.0248,0.0239,0.0228,0.0222,0.0228,0.0217,0.022,0.0226,0.0221,0.0205,0.0184,0.0156,0.0124,0.0106,0.0094,0.0069,0.0039,0.0026,0.0024,0.0017,0.0008,0.0002,0.0001,0.0,0.0,0.0,0.0,0.0,0.0,0.0,0.0,0.0,0.0,0.0,0.0,0.0,0.0,0.0,0.0,0.0,0.0,0.0,0.0,0.0,0.0,0.0,0.0,0.0,0.0,0.0,0.0,0.0,0.0,0.0,0.0,0.0,0.0,0.0,0.0,0.0,0.0,0.0,0.0,0.0,0.0,0.0,0.0,0.0,0.0,0.0,0.0
0.0046,0.0035,0.0029,0.0023,0.0019,0.0017,0.0016,0.0015,0.0015,0.0011,0.0008,0.0006,0.0005,0.0004,0.0003,0.0003,0.0003,0.0003,0.0003,0.0003,0.0003,0.0003,0.0003,0.0003,0.0003,0.0003,0.0003,0.0003,0.0003,0.0003,0.0002,0.0002,0.0002,0.0002,0.0001,0.0001,0.0001,0.0001,0.0001,0.0001,0.0001,0.0001,0.0001,0.0001,0.0001,0.0001,0.0001,0.0001,0.0001,0.0001,0.0001,0.0,0.0,0.0001,0.0,0.0,0.0,0.0,0.0,0.0,0.0,0.0,0.0,0.0,0.0,0.0,0.0,0.0,0.0,0.0,0.0,0.0,0.0,0.0,0.0,0.0,0.0,0.0,0.0,0.0,0.0,0.0,0.0,0.0,0.0,0.0,0.0,0.0,0.0,0.0
0.0365,0.035,0.0346,0.0344,0.0343,0.0339,0.0333,0.033,0.0328,0.0319,0.0306,0.0304,0.0302,0.0282,0.027,0.0283,0.0288,0.0298,0.03,0.0297,0.0304,0.0314,0.032,0.0321,0.033,0.0338,0.0339,0.034,0.034,0.034,0.0334,0.0332,0.0341,0.0341,0.0333,0.0332,0.0335,0.0335,0.0333,0.0332,0.0347,0.035,0.0349,0.0351,0.0346,0.0342,0.0344,0.0346,0.0349,0.0346,0.0349,0.0347,0.0348,0.0353,0.0355,0.0355,0.0355,0.0355,0.0355,0.0355,0.0354,0.0354,0.0353,0.0352,0.0351,0.0348,0.035,0.034,0.0328,0.0328,0.0339,0.0347,0.0348,0.0349,0.0342,0.0333,0.0331,0.0329,0.0327,0.0328,0.0333,0.0333,0.0332,0.033,0.033,0.0331,0.0329,0.0324,0.032,0.032
0.4523,0.4492,0.4499,0.4523,0.455,0.4549,0.4541,0.4546,0.4548,0.4507,0.4515,0.4482,0.4409,0.4311,0.4221,0.4232,0.4265,0.4241,0.4207,0.418,0.415,0.413,0.416,0.4159,0.42,0.4255,0.4272,0.4268,0.4257,0.4243,0.4199,0.4144,0.4136,0.4124,0.4094,0.4094,0.4115,0.4137,0.4112,0.4095,0.4146,0.4209,0.4246,0.4278,0.4279,0.4227,0.4194,0.4135,0.4104,0.4094,0.4087,0.4053,0.4019,0.3921,0.3834,0.3798,0.3772,0.3761,0.3746,0.3734,0.3737,0.3724,0.3717,0.37,0.3674,0.3647,0.3632,0.3612,0.3593,0.356,0.3493,0.3422,0.3394,0.3381,0.3364,0.3374,0.3395,0.3407,0.3392,0.3366,0.3367,0.3356,0.3358,0.3391,0.3439,0.3467,0.3476,0.3496,0.3514,0.3553
0.5048,0.495,0.4884,0.4825,0.4767,0.4758,0.4749,0.4717,0.4687,0.4693,0.4645,0.4592,0.4576,0.4575,0.4536,0.4457,0.438,0.4269,0.4158,0.4133,0.4168,0.4143,0.4063,0.4027,0.3978,0.3915,0.3898,0.3885,0.385,0.3818,0.3776,0.3741,0.3651,0.3541,0.3459,0.3302,0.3202,0.3085,0.2978,0.2868,0.2777,0.2562,0.2392,0.2249,0.1967,0.1776,0.167,0.1513,0.1405,0.1289,0.115,0.1018,0.096,0.0916,0.0793,0.0709,0.0661,0.062,0.0593,0.0574,0.0552,0.0533,0.0503,0.0479,0.0466,0.0436,0.0406,0.0368,0.0318,0.0288,0.0236,0.0189,0.0157,0.0137,0.0121,0.0116,0.0121,0.0133,0.0133,0.0121,0.012,0.0127,0.0128,0.0128,0.0123,0.0107,0.0097,0.0111,0.0123,0.0143
0.5127,0.4978,0.4853,0.4774,0.4686,0.4652,0.4639,0.4605,0.4506,0.4451,0.4381,0.4297,0.4211,0.4134,0.3993,0.3831,0.3693,0.3523,0.3338,0.3189,0.308,0.2935,0.2796,0.2657,0.2477,0.2297,0.2141,0.1973,0.183,0.1722,0.1631,0.1545,0.1415,0.1331,0.127,0.1208,0.1129,0.1036,0.094,0.0871,0.0797,0.0691,0.0618,0.057,0.0481,0.0403,0.0324,0.026,0.0189,0.0117,0.0062,0.0022,0.001,0.0005,0.0004,0.0005,0.0005,0.0005,0.0005,0.0004,0.0004,0.0003,0.0003,0.0003,0.0002,0.0002,0.0002,0.0001,0.0,0.0,0.0,0.0,0.0,0.0,0.0,0.0,0.0,0.0,0.0,0.0,0.0,0.0,0.0,0.0,0.0,0.0,0.0,0.0,0.0,0.0
0.5111,0.5045,0.4983,0.4915,0.4853,0.4785,0.4755,0.4756,0.4714,0.4646,0.4595,0.4508,0.4433,0.4339,0.4172,0.4064,0.3959,0.3906,0.3828,0.3714,0.3634,0.3529,0.3425,0.3336,0.3213,0.3045,0.2892,0.2754,0.2593,0.2483,0.2346,0.2217,0.2115,0.1964,0.1741,0.1532,0.1326,0.1185,0.1036,0.0879,0.0718,0.0601,0.0523,0.0477,0.0365,0.0267,0.0205,0.0159,0.0111,0.007,0.0041,0.003,0.0007,0.0002,0.0,0.0,0.0,0.0,0.0,0.0,0.0,0.0,0.0,0.0,0.0,0.0,0.0,0.0,0.0,0.0,0.0,0.0,0.0,0.0,0.0,0.0,0.0,0.0,0.0,0.0,0.0,0.0,0.0,0.0,0.0,0.0,0.0,0.0,0.0,0.0
0.4872,0.4749,0.467,0.4554,0.4478,0.4392,0.4292,0.4249,0.4185,0.413,0.4091,0.4002,0.3921,0.3859,0.3786,0.3673,0.357,0.3514,0.3487,0.3366,0.3267,0.3152,0.3022,0.2856,0.2689,0.2534,0.238,0.2268,0.2132,0.2034,0.1921,0.1798,0.1709,0.159,0.1454,0.1333,0.1213,0.1107,0.1015,0.0931,0.0833,0.0715,0.0601,0.0544,0.0415,0.0306,0.0198,0.0121,0.0071,0.0042,0.0027,0.0021,0.0009,0.0003,0.0,0.0,0.0,0.0,0.0,0.0,0.0,0.0,0.0,0.0,0.0,0.0,0.0,0.0,0.0,0.0,0.0,0.0,0.0,0.0,0.0,0.0,0.0,0.0,0.0,0.0,0.0,0.0,0.0,0.0,0.0,0.0001,0.0002,0.0005,0.0011,0.0015
0.4223,0.4145,0.4074,0.3974,0.3815,0.3698,0.3548,0.3382,0.3258,0.3107,0.293,0.2753,0.2616,0.2507,0.2445,0.2318,0.2199,0.2074,0.1988,0.194,0.1869,0.1815,0.1749,0.1666,0.1597,0.1525,0.1436,0.1337,0.1256,0.1158,0.1023,0.0928,0.0871,0.0828,0.074,0.0638,0.055,0.0439,0.0335,0.025,0.0166,0.0093,0.0055,0.0037,0.0019,0.0009,0.0004,0.0005,0.0012,0.0017,0.0017,0.0016,0.0023,0.0021,0.0018,0.0016,0.0012,0.0011,0.0009,0.0004,0.0003,0.0003,0.0004,0.0004,0.0005,0.0003,0.0002,0.0006,0.0006,0.0004,0.0002,0.0002,0.0002,0.0004,0.0009,0.0014,0.0018,0.0022,0.0029,0.0036,0.0043,0.005,0.0054,0.0059,0.0065,0.0069,0.0076,0.0077,0.0073,0.0053
