0.3568,0.3541,0.349,0.3412,0.34,0.3396,0.3338,0.3254,0.3151,0.3019,0.2889,0.2758,0.2623,0.2479,0.2351,0.2203,0.2059,0.189,0.1745,0.1644,0.155,0.1445,0.1335,0.1216,0.1117,0.1011,0.0905,0.0813,0.0733,0.0689,0.0646,0.0618,0.0573,0.0517,0.0459,0.0404,0.0362,0.0306,0.026,0.0227,0.0197,0.0164,0.0131,0.0098,0.0065,0.0047,0.0039,0.0023,0.0014,0.0007,0.0004,0.0003,0.0002,0.0002,0.0001,0.0001,0.0001,0.0001,0.0001,0.0001,0.0001,0.0,0.0,0.0,0.0,0.0,0.0,0.0,0.0,0.0,0.0,0.0,0.0,0.0,0.0,0.0,0.0,0.0,0.0,0.0,0.0,0.0,0.0,0.0,0.0,0.0,0.0,0.0,0.0,0.0
0.3956,0.3926,0.3901,0.386,0.3789,0.3763,0.3754,0.3726,0.3624,0.3532,0.3427,0.3334,0.3267,0.3147,0.3061,0.2962,0.2861,0.2753,0.2609,0.2469,0.2334,0.2223,0.2096,0.1989,0.1873,0.1726,0.1571,0.1471,0.1414,0.1358,0.1304,0.1286,0.1284,0.1246,0.1193,0.114,0.1079,0.0993,0.0899,0.0846,0.0789,0.0727,0.0639,0.0565,0.0498,0.0436,0.0381,0.0312,0.025,0.018,0.0146,0.0114,0.0097,0.0076,0.0059,0.0049,0.004,0.0028,0.0015,0.0007,0.0003,0.0003,0.0002,0.0001,0.0,0.0001,0.0,0.0,0.0,0.0,0.0,0.0,0.0,0.0,0.0,0.0,0.0,0.0,0.0,0.0,0.0,0.0,0.0,0.0,0.0,0.0,0.0,0.0,0.0,0.0
0.4381,0.4333,0.4271,0.4248,0.4185,0.4127,0.406,0.4025,0.3995,0.3939,0.3887,0.3819,0.3768,0.3695,0.361,0.3543,0.3483,0.3417,0.3353,0.3258,0.3144,0.3043,0.2943,0.2855,0.2741,0.2642,0.2535,0.2461,0.2422,0.2316,0.2201,0.2062,0.1899,0.1747,0.1606,0.1462,0.1323,0.1185,0.1036,0.0947,0.0873,0.0804,0.0724,0.0645,0.0574,0.0532,0.0488,0.0432,0.0385,0.0348,0.0319,0.0298,0.027,0.0241,0.0216,0.02,0.0176,0.0154,0.0145,0.0131,0.0101,0.0077,0.006,0.0052,0.0043,0.0035,0.0029,0.0024,0.002,0.0016,0.001,0.0008,0.0004,0.0002,0.0,0.0,0.0,0.0,0.0,0.0,0.0,0.0,0.0,0.0,0.0,0.0,0.0,0.0,0.0,0.0
0.312,0.3115,0.3109,0.3048,0.3012,0.2956,0.2845,0.2772,0.2737,0.2685,0.264,0.2591,0.2527,0.2495,0.2429,0.2366,0.2313,0.2263,0.225,0.2233,0.2151,0.2053,0.199,0.1922,0.1849,0.1791,0.1737,0.1666,0.1613,0.1558,0.1495,0.1414,0.1318,0.1213,0.1112,0.1003,0.0916,0.085,0.0795,0.0754,0.0724,0.0696,0.0664,0.0627,0.0588,0.0546,0.0502,0.0457,0.0402,0.0359,0.0326,0.0306,0.0285,0.0257,0.0231,0.0207,0.0183,0.0163,0.0148,0.0134,0.0122,0.0116,0.0111,0.0104,0.0097,0.0088,0.0081,0.0076,0.007,0.0065,0.006,0.0056,0.0055,0.0054,0.0049,0.0043,0.0038,0.0034,0.0033,0.0031,0.0029,0.0024,0.002,0.0016,0.0014,0.0013,0.0011,0.0011,0.001,0.0005
0.1573,0.1543,0.1484,0.1417,0.1321,0.1246,0.1168,0.1105,0.1066,0.102,0.0978,0.0943,0.0904,0.0878,0.0824,0.0779,0.0725,0.0705,0.0699,0.0665,0.0638,0.0613,0.0567,0.0513,0.0485,0.0461,0.043,0.0401,0.0348,0.03,0.0249,0.0192,0.0134,0.0088,0.0059,0.0039,0.0029,0.0023,0.0019,0.0014,0.001,0.0007,0.0006,0.0005,0.0005,0.0005,0.0005,0.0005,0.0004,0.0004,0.0004,0.0004,0.0004,0.0003,0.0003,0.0003,0.0002,0.0002,0.0002,0.0002,0.0001,0.0001,0.0001,0.0,0.0,0.0,0.0,0.0,0.0,0.0,0.0,0.0,0.0,0.0,0.0,0.0,0.0,0.0,0.0,0.0,0.0,0.0,0.0,0.0,0.0,0.0,0.0,0.0,0.0,0.0
0.0695,0.0671,0.0629,0.0588,0.0573,0.0553,0.0521,0.0517,0.0535,0.0513,0.0477,0.0452,0.0418,0.0374,0.0334,0.0291,0.0249,0.0233,0.0228,0.0201,0.019,0.0175,0.0143,0.0127,0.0124,0.0118,0.0111,0.0099,0.0085,0.0072,0.0068,0.0064,0.0062,0.0064,0.0069,0.0083,0.009,0.0096,0.0113,0.0118,0.0121,0.0116,0.0105,0.0094,0.0082,0.0071,0.006,0.0054,0.005,0.0045,0.0039,0.0034,0.0027,0.0018,0.0007,0.0001,0.0,0.0,0.0,0.0,0.0,0.0,0.0,0.0,0.0,0.0,0.0,0.0,0.0,0.0,0.0,0.0,0.0,0.0,0.0,0.0,0.0,0.0,0.0,0.0,0.0,0.0,0.0,0.0,0.0,0.0,0.0,0.0,0.0,0.0
0.1359,0.1354,0.1311,0.1231,0.1212,0.1186,0.1139,0.1091,0.0995,0.0946,0.0858,0.0837,0.0803,0.0782,0.0789,0.0797,0.0768,0.0803,0.0816,0.0795,0.0763,0.0734,0.0709,0.0702,0.0695,0.0695,0.0686,0.0662,0.0639,0.0618,0.06,0.0573,0.0553,0.0538,0.0519,0.0487,0.0447,0.0414,0.0377,0.0331,0.0278,0.0241,0.0212,0.0181,0.0157,0.0132,0.0109,0.0088,0.007,0.0049,0.0035,0.0023,0.0011,0.0004,0.0001,0.0,0.0,0.0,0.0,0.0,0.0,0.0,0.0,0.0,0.0,0.0,0.0,0.0,0.0,0.0,0.0,0.0,0.0,0.0,0.0,0.0,0.0,0.0,0.0,0.0,0.0,0.0,0.0,0.0,0.0,0.0,0.0,0.0,0.0,0.0
0.1816,0.1832,0.1852,0.1828,0.1776,0.1721,0.1683,0.1621,0.1573,0.1512,0.1433,0.1348,0.125,0.1161,0.1096,0.1025,0.0994,0.0905,0.0791,0.0743,0.0694,0.0667,0.0633,0.0592,0.055,0.0524,0.0505,0.0488,0.0458,0.0427,0.0391,0.0371,0.0339,0.0305,0.0271,0.0238,0.0206,0.0178,0.0151,0.0127,0.0111,0.0103,0.0095,0.0088,0.0081,0.0073,0.0064,0.0059,0.0052,0.0045,0.004,0.0034,0.0023,0.0015,0.0009,0.0004,0.0002,0.0,0.0,0.0,0.0,0.0,0.0,0.0,0.0,0.0,0.0,0.0,0.0,0.0,0.0,0.0,0.0,0.0,0.0,0.0,0.0,0.0,0.0,0.0,0.0,0.0,0.0,0.0,0.0,0.0,0.0,0.0,0.0,0.0
0.0851,0.0844,0.0823,0.0818,0.0791,0.0765,0.075,0.0729,0.0725,0.0698,0.0678,0.0642,0.0603,0.0576,0.0535,0.051,0.0487,0.0454,0.0415,0.039,0.0371,0.0345,0.0326,0.0307,0.0275,0.0231,0.0195,0.0162,0.0137,0.0118,0.0105,0.0102,0.01,0.0086,0.0065,0.0048,0.0035,0.0039,0.0043,0.0047,0.0055,0.0059,0.006,0.006,0.0057,0.0053,0.0051,0.0051,0.0048,0.0047,0.0045,0.0044,0.0045,0.0039,0.0035,0.0033,0.0028,0.0022,0.0016,0.0014,0.0011,0.0009,0.0006,0.0002,0.0001,0.0,0.0,0.0,0.0,0.0,0.0,0.0,0.0,0.0,0.0,0.0,0.0,0.0,0.0,0.0,0.0,0.0,0.0,0.0,0.0,0.0,0.0,0.0,0.0,0.0
0.079,0.079,0.0777,0.0772,0.0746,0.0716,0.0694,0.0677,0.0647,0.0639,0.0611,0.054,0.0506,0.0489,0.051,0.0518,0.0522,0.0495,0.0476,0.0462,0.0443,0.0398,0.0409,0.0415,0.0421,0.0417,0.0413,0.0401,0.0387,0.0374,0.0346,0.0325,0.0296,0.0284,0.0296,0.0281,0.0253,0.0218,0.0182,0.0147,0.011,0.0084,0.0062,0.0048,0.0037,0.0027,0.0021,0.0016,0.0011,0.0007,0.0004,0.0002,0.0001,0.0,0.0,0.0,0.0,0.0,0.0,0.0,0.0,0.0,0.0,0.0,0.0,0.0,0.0,0.0,0.0,0.0,0.0,0.0,0.0,0.0,0.0,0.0,0.0,0.0,0.0,0.0,0.0,0.0,0.0,0.0,0.0,0.0,0.0,0.0,0.0,0.0
0.096,0.0925,0.0895,0.087,0.0872,0.0859,0.0839,0.0812,0.0794,0.0761,0.0778,0.075,0.0726,0.0669,0.063,0.0586,0.0552,0.051,0.047,0.0437,0.0409,0.0392,0.0364,0.0337,0.0312,0.0286,0.0266,0.0253,0.0234,0.0215,0.0196,0.0172,0.0151,0.0125,0.0111,0.0096,0.008,0.0059,0.004,0.0021,0.0007,0.0,0.0,0.0,0.0,0.0,0.0,0.0,0.0,0.0,0.0,0.0,0.0,0.0,0.0,0.0,0.0,0.0,0.0001,0.0001,0.0001,0.0001,0.0001,0.0001,0.0,0.0,0.0,0.0,0.0,0.0,0.0,0.0,0.0,0.0,0.0,0.0,0.0,0.0,0.0,0.0,0.0,0.0,0.0,0.0,0.0,0.0,0.0,0.0,0.0,0.0
0.0807,0.08,0.0783,0.0776,0.0805,0.081,0.0802,0.08,0.0783,0.0747,0.0727,0.0714,0.0669,0.0613,0.0578,0.0585,0.0588,0.0579,0.0558,0.054,0.0529,0.0511,0.0497,0.0488,0.0471,0.0449,0.0445,0.0432,0.041,0.0389,0.0379,0.0354,0.032,0.029,0.0259,0.0232,0.0211,0.0181,0.0151,0.0129,0.013,0.0131,0.0126,0.0123,0.0112,0.0099,0.0096,0.0088,0.0081,0.0075,0.0072,0.0068,0.0058,0.0049,0.0042,0.0033,0.0023,0.0017,0.0011,0.0008,0.0006,0.0003,0.0002,0.0002,0.0001,0.0,0.0,0.0,0.0,0.0,0.0,0.0,0.0,0.0,0.0,0.0,0.0,0.0,0.0,0.0,0.0,0.0,0.0,0.0,0.0,0.0,0.0,0.0,0.0,0.0
0.0865,0.0857,0.0837,0.0826,0.0816,0.0818,0.081,0.0801,0.0799,0.0803,0.0781,0.0773,0.0761,0.0755,0.0728,0.0689,0.0642,0.0615,0.0584,0.0555,0.0529,0.0508,0.0491,0.0448,0.0393,0.035,0.0316,0.0286,0.0263,0.0231,0.0183,0.0157,0.0139,0.0132,0.0122,0.0108,0.0098,0.0092,0.0085,0.0075,0.005,0.0034,0.0023,0.0015,0.0011,0.0008,0.0004,0.0002,0.0001,0.0,0.0,0.0,0.0,0.0,0.0,0.0,0.0,0.0,0.0,0.0,0.0,0.0,0.0,0.0,0.0,0.0,0.0,0.0,0.0,0.0,0.0,0.0,0.0,0.0,0.0,0.0,0.0,0.0,0.0,0.0,0.0,0.0,0.0,0.0,0.0,0.0,0.0,0.0,0.0,0.0
0.0611,0.0596,0.0592,0.0577,0.0548,0.0505,0.0479,0.0446,0.0406,0.0399,0.039,0.0375,0.035,0.0336,0.0326,0.0303,0.0251,0.0211,0.0201,0.0191,0.0177,0.0163,0.0149,0.0134,0.0115,0.01,0.0091,0.0088,0.0081,0.0077,0.0072,0.0064,0.0051,0.0047,0.004,0.0036,0.0034,0.0033,0.0029,0.0026,0.0022,0.0018,0.0014,0.0009,0.0004,0.0001,0.0,0.0,0.0,0.0,0.0,0.0,0.0001,0.0001,0.0001,0.0001,0.0,0.0,0.0,0.0,0.0,0.0001,0.0001,0.0001,0.0001,0.0001,0.0001,0.0001,0.0001,0.0,0.0,0.0,0.0,0.0,0.0,0.0001,0.0001,0.0,0.0,0.0,0.0,0.0,0.0,0.0,0.0,0.0,0.0,0.0,0.0,0.0
0.0361,0.0353,0.0345,0.0346,0.0335,0.0319,0.0306,0.0283,0.0267,0.0252,0.0228,0.0225,0.0221,0.0218,0.0224,0.0222,0.0221,0.0226,0.0223,0.0213,0.0212,0.0222,0.0224,0.0228,0.0225,0.0225,0.0237,0.0243,0.0237,0.023,0.0226,0.0238,0.0229,0.0225,0.0212,0.0203,0.0202,0.0217,0.0226,0.0234,0.0236,0.0248,0.0255,0.0265,0.0255,0.0246,0.0246,0.0242,0.0245,0.0247,0.0245,0.0231,0.0225,0.0218,0.0214,0.0214,0.021,0.0206,0.0203,0.0198,0.0188,0.0173,0.0158,0.0145,0.0128,0.011,0.0094,0.0083,0.0073,0.0063,0.0054,0.0048,0.0042,0.0037,0.0032,0.0027,0.0022,0.0016,0.0007,0.0003,0.0001,0.0,0.0,0.0,0.0002,0.0001,0.0001,0.0,0.0,0.0
0.0931,0.0951,0.0983,0.1015,0.103,0.1017,0.0993,0.0969,0.0926,0.0884,0.0844,0.0871,0.0885,0.0897,0.0903,0.0914,0.0891,0.0858,0.0819,0.0799,0.0796,0.0801,0.0775,0.0771,0.0756,0.0737,0.0739,0.0753,0.078,0.0794,0.0768,0.0724,0.0702,0.0664,0.0611,0.0573,0.0553,0.0541,0.051,0.0482,0.0448,0.0413,0.0393,0.0369,0.0323,0.0308,0.0291,0.0278,0.0263,0.0246,0.022,0.0198,0.0167,0.0151,0.0131,0.0104,0.0072,0.0051,0.0033,0.002,0.0009,0.0003,0.0001,0.0,0.0,0.0,0.0,0.0,0.0,0.0,0.0,0.0,0.0,0.0,0.0,0.0,0.0,0.0,0.0,0.0,0.0,0.0,0.0,0.0,0.0,0.0,0.0,0.0,0.0,0.0
0.2026,0.2004,0.1965,0.197,0.1974,0.1962,0.1936,0.1903,0.1855,0.1799,0.1739,0.1727,0.1681,0.1602,0.1542,0.1528,0.1542,0.1562,0.1543,0.1514,0.1479,0.1494,0.1472,0.1431,0.1411,0.1378,0.1316,0.1283,0.1245,0.1197,0.1164,0.1105,0.1043,0.0996,0.0914,0.0845,0.0789,0.0728,0.0677,0.0646,0.0605,0.0545,0.05,0.0455,0.0399,0.0359,0.0321,0.0282,0.0251,0.022,0.0195,0.0172,0.0149,0.0131,0.0113,0.0094,0.0078,0.0065,0.0046,0.0034,0.0025,0.0014,0.0008,0.0005,0.0004,0.0002,0.0002,0.0002,0.0001,0.0001,0.0001,0.0,0.0,0.0,0.0,0.0,0.0,0.0,0.0,0.0,0.0,0.0,0.0,0.0,0.0,0.0,0.0,0.0,0.0,0.0
0.3027,0.2992,0.2856,0.277,0.2758,0.2755,0.2742,0.2711,0.2655,0.2598,0.2521,0.2423,0.2313,0.2189,0.2084,0.203,0.2017,0.1923,0.1813,0.1688,0.1575,0.1468,0.1375,0.1243,0.111,0.102,0.092,0.0801,0.068,0.0578,0.051,0.0452,0.0406,0.0394,0.0383,0.0367,0.033,0.0302,0.028,0.0267,0.0254,0.0237,0.0218,0.0199,0.0178,0.0164,0.0141,0.0123,0.0113,0.0096,0.0086,0.008,0.0071,0.006,0.0048,0.0041,0.0034,0.0031,0.0027,0.0024,0.002,0.0018,0.0015,0.0013,0.0011,0.0008,0.0007,0.0007,0.0007,0.0006,0.0004,0.0002,0.0001,0.0001,0.0,0.0,0.0,0.0,0.0,0.0,0.0,0.0,0.0,0.0,0.0,0.0,0.0,0.0,0.0,0.0
0.3194,0.3086,0.3046,0.2847,0.2753,0.2702,0.2612,0.2527,0.2439,0.2341,0.2221,0.2089,0.1972,0.1784,0.1604,0.1497,0.1376,0.1215,0.1089,0.0979,0.086,0.0821,0.0812,0.0779,0.0711,0.0695,0.0668,0.0634,0.0594,0.0536,0.049,0.0427,0.0363,0.0289,0.0168,0.0076,0.0029,0.0016,0.0014,0.0014,0.0008,0.0005,0.0003,0.0002,0.0001,0.0,0.0,0.0,0.0,0.0,0.0,0.0,0.0,0.0,0.0,0.0,0.0,0.0,0.0,0.0,0.0,0.0,0.0,0.0,0.0,0.0,0.0,0.0,0.0,0.0,0.0,0.0,0.0,0.0,0.0,0.0,0.0,0.0,0.0,0.0,0.0,0.0,0.0,0.0,0.0,0.0,0.0,0.0,0.0,0.0
0.4045,0.388,0.3956,0.3875,0.3738,0.3657,0.3438,0.3295,0.3241,0.3171,0.3116,0.2971,0.2824,0.2674,0.2492,0.2316,0.2134,0.1964,0.1882,0.1812,0.1699,0.1632,0.1605,0.1573,0.1507,0.1474,0.1464,0.1429,0.1382,0.1331,0.1271,0.1209,0.1143,0.1051,0.0899,0.0802,0.0733,0.069,0.065,0.0642,0.058,0.0535,0.0474,0.0431,0.04,0.0384,0.0332,0.0289,0.0258,0.0214,0.0195,0.017,0.0142,0.0128,0.0112,0.0097,0.0075,0.0058,0.0046,0.0033,0.0025,0.002,0.0014,0.0008,0.0005,0.0004,0.0007,0.0007,0.0003,0.0001,0.0,0.0,0.0,0.0,0.0,0.0,0.0,0.0,0.0,0.0,0.0,0.0,0.0,0.0,0.0,0.0,0.0,0.0,0.0,0.0
0.4258,0.4155,0.4149,0.4111,0.401,0.3934,0.3856,0.3779,0.3698,0.3568,0.3514,0.3445,0.3336,0.3248,0.3132,0.2985,0.2826,0.2698,0.2577,0.2525,0.2461,0.2373,0.2291,0.2196,0.2135,0.2047,0.1963,0.1881,0.1831,0.1774,0.1709,0.1661,0.1598,0.1588,0.1509,0.1439,0.1407,0.1343,0.1289,0.1225,0.1201,0.1144,0.1103,0.1049,0.0995,0.0968,0.0937,0.0897,0.0844,0.081,0.0764,0.0722,0.0669,0.0621,0.0577,0.0544,0.0507,0.0464,0.042,0.0372,0.0328,0.0304,0.0263,0.0226,0.0181,0.0149,0.015,0.0126,0.009,0.0055,0.0023,0.0013,0.0005,0.0001,0.0,0.0,0.0,0.0,0.0,0.0,0.0,0.0,0.0,0.0,0.0,0.0,0.0,0.0,0.0,0.0
0.3954,0.3867,0.3837,0.3791,0.3728,0.3632,0.3502,0.3389,0.3288,0.3211,0.3155,0.3081,0.2967,0.2888,0.2805,0.2702,0.2582,0.2434,0.2296,0.2217,0.2182,0.2168,0.212,0.2045,0.197,0.1893,0.1817,0.1731,0.1657,0.1585,0.1487,0.1413,0.1359,0.1315,0.1214,0.111,0.1035,0.0961,0.0891,0.0822,0.0779,0.0698,0.0643,0.0591,0.0539,0.0478,0.0445,0.0376,0.0334,0.0327,0.0284,0.0263,0.0228,0.018,0.0141,0.0123,0.0092,0.005,0.0022,0.0011,0.0006,0.0004,0.0001,0.0,0.0,0.0,0.0,0.0,0.0,0.0,0.0,0.0,0.0,0.0,0.0,0.0,0.0,0.0,0.0,0.0,0.0,0.0,0.0,0.0,0.0,0.0,0.0,0.0,0.0,0.0
0.5005,0.4846,0.4712,0.4587,0.4471,0.4407,0.4317,0.4179,0.4044,0.3943,0.3864,0.3784,0.3673,0.3577,0.3513,0.3452,0.3307,0.3124,0.294,0.2758,0.2667,0.2625,0.2512,0.2359,0.2239,0.2114,0.1991,0.1864,0.1733,0.1634,0.1523,0.1384,0.1242,0.1153,0.1059,0.0903,0.077,0.0682,0.0568,0.0478,0.0414,0.0342,0.0276,0.0226,0.0178,0.0132,0.0102,0.0068,0.0042,0.0028,0.0011,0.0006,0.0003,0.0002,0.0001,0.0,0.0,0.0,0.0,0.0,0.0,0.0,0.0,0.0,0.0,0.0,0.0,0.0,0.0,0.0,0.0,0.0,0.0,0.0,0.0,0.0,0.0,0.0,0.0,0.0,0.0,0.0,0.0,0.0,0.0,0.0,0.0,0.0,0.0,0.0
0.4264,0.4253,0.4221,0.412,0.4,0.3917,0.3886,0.3848,0.3805,0.3751,0.3683,0.3644,0.3612,0.355,0.3488,0.3409,0.3351,0.3322,0.3237,0.3139,0.2973,0.279,0.2672,0.2607,0.2527,0.2425,0.2292,0.2174,0.2062,0.1942,0.1848,0.1738,0.1606,0.1447,0.1393,0.1286,0.1165,0.1077,0.0995,0.0898,0.0826,0.0783,0.0707,0.0631,0.0571,0.0502,0.0434,0.0377,0.0311,0.0251,0.0211,0.016,0.0106,0.0073,0.0045,0.0024,0.0011,0.0005,0.0004,0.0004,0.0003,0.0002,0.0001,0.0001,0.0001,0.0,0.0,0.0,0.0,0.0,0.0,0.0,0.0,0.0,0.0,0.0,0.0,0.0,0.0,0.0,0.0,0.0,0.0,0.0,0.0,0.0,0.0,0.0,0.0,0.0
0.226,0.2282,0.2256,0.2232,0.2192,0.2126,0.2083,0.2047,0.2018,0.1968,0.1936,0.1871,0.1792,0.1694,0.1651,0.1562,0.1506,0.147,0.1398,0.1337,0.1273,0.1192,0.1168,0.1133,0.108,0.1035,0.0992,0.0961,0.0928,0.0891,0.086,0.0843,0.0816,0.078,0.0761,0.0741,0.0727,0.0719,0.0713,0.0692,0.0675,0.0657,0.0631,0.0614,0.0581,0.055,0.0521,0.0512,0.0499,0.0483,0.046,0.0448,0.0436,0.0423,0.0407,0.039,0.0377,0.0363,0.0351,0.0341,0.0327,0.0316,0.0308,0.0301,0.0294,0.0288,0.0275,0.0262,0.0254,0.0245,0.0235,0.0226,0.0212,0.02,0.0189,0.018,0.0169,0.0162,0.0156,0.015,0.0137,0.0129,0.0124,0.0113,0.0107,0.0102,0.01,0.0096,0.0094,0.0096
0.1732,0.1713,0.1668,0.1646,0.1634,0.1589,0.1542,0.1515,0.1492,0.1467,0.1394,0.1345,0.1289,0.1256,0.1203,0.1137,0.1104,0.1098,0.1086,0.1072,0.1065,0.1043,0.1015,0.0977,0.0938,0.0913,0.0908,0.0878,0.0868,0.0846,0.0811,0.0769,0.0745,0.0731,0.0727,0.0713,0.0678,0.065,0.0633,0.0617,0.0595,0.0574,0.056,0.0545,0.0531,0.0509,0.0481,0.0451,0.0416,0.0391,0.0367,0.0338,0.0299,0.0262,0.0231,0.0215,0.0196,0.0177,0.0159,0.0143,0.0134,0.0124,0.0113,0.0107,0.0102,0.0095,0.0089,0.0082,0.0075,0.0067,0.0062,0.0056,0.0049,0.0038,0.0029,0.0024,0.0021,0.0018,0.0014,0.0009,0.0004,0.0001,0.0,0.0,0.0,0.0,0.0,0.0,0.0,0.0
0.1879,0.1876,0.1862,0.1833,0.1826,0.18,0.176,0.1715,0.1683,0.1638,0.1564,0.1477,0.1403,0.135,0.1295,0.1243,0.12,0.1176,0.1139,0.1091,0.1067,0.1039,0.101,0.0986,0.0934,0.0902,0.0882,0.0855,0.0817,0.0787,0.0757,0.0724,0.0695,0.0663,0.0632,0.0584,0.0517,0.0462,0.0407,0.0345,0.029,0.0241,0.0203,0.0164,0.0131,0.011,0.0095,0.0075,0.0055,0.0043,0.0031,0.002,0.0012,0.0006,0.0002,0.0001,0.0,0.0,0.0,0.0,0.0,0.0,0.0,0.0,0.0,0.0,0.0,0.0,0.0,0.0,0.0,0.0,0.0,0.0,0.0,0.0,0.0,0.0,0.0,0.0,0.0,0.0,0.0,0.0,0.0,0.0,0.0,0.0,0.0,0.0
0.0339,0.0302,0.0264,0.0263,0.0248,0.0236,0.026,0.0287,0.0321,0.0348,0.0368,0.0409,0.0422,0.0378,0.0316,0.0257,0.0228,0.024,0.0251,0.0243,0.0213,0.0183,0.0161,0.0143,0.0145,0.0138,0.0126,0.0105,0.0093,0.0082,0.0071,0.0061,0.005,0.0039,0.0025,0.0013,0.0003,0.0001,0.0,0.0,0.0,0.0,0.0,0.0,0.0,0.0,0.0,0.0,0.0,0.0,0.0,0.0,0.0,0.0,0.0,0.0,0.0,0.0,0.0,0.0,0.0,0.0,0.0,0.0,0.0,0.0,0.0,0.0,0.0,0.0,0.0,0.0,0.0,0.0,0.0,0.0,0.0,0.0,0.0,0.0,0.0,0.0,0.0,0.0,0.0,0.0,0.0,0.0,0.0,0.0
0.0035,0.0026,0.0021,0.0018,0.0015,0.0013,0.0012,0.0012,0.0012,0.0011,0.001,0.0007,0.0005,0.0004,0.0003,0.0003,0.0003,0.0003,0.0003,0.0003,0.0003,0.0002,0.0002,0.0002,0.0002,0.0002,0.0002,0.0002,0.0002,0.0002,0.0002,0.0001,0.0001,0.0001,0.0001,0.0001,0.0001,0.0001,0.0001,0.0001,0.0,0.0,0.0,0.0,0.0,0.0,0.0,0.0,0.0,0.0,0.0,0.0,0.0,0.0,0.0,0.0,0.0,0.0,0.0,0.0,0.0,0.0,0.0,0.0,0.0,0.0,0.0,0.0,0.0,0.0,0.0,0.0,0.0,0.0,0.0,0.0,0.0,0.0,0.0,0.0,0.0,0.0,0.0,0.0,0.0,0.0,0.0,0.0,0.0,0.0
0.0316,0.0313,0.032,0.0325,0.0328,0.0335,0.034,0.0342,0.0343,0.034,0.0343,0.0306,0.0279,0.0277,0.0289,0.0309,0.0315,0.0323,0.0328,0.0336,0.0343,0.0347,0.035,0.0352,0.0346,0.0348,0.035,0.0354,0.035,0.0343,0.0341,0.035,0.0353,0.0351,0.0347,0.0344,0.0344,0.035,0.0352,0.0352,0.0352,0.035,0.035,0.0349,0.0349,0.035,0.0347,0.0346,0.0345,0.0341,0.0335,0.0328,0.0325,0.0327,0.0332,0.0334,0.0335,0.0342,0.0339,0.0338,0.0334,0.0333,0.0331,0.0332,0.0329,0.0326,0.0329,0.0329,0.0329,0.0332,0.0336,0.0336,0.0334,0.0332,0.033,0.0328,0.0332,0.0333,0.0333,0.0332,0.033,0.0329,0.0331,0.0351,0.0359,0.0358,0.0354,0.0349,0.0339,0.0332
0.4221,0.4201,0.425,0.4283,0.4331,0.4421,0.4495,0.4528,0.4517,0.4476,0.4468,0.4426,0.436,0.433,0.4339,0.4371,0.4408,0.4426,0.4461,0.4488,0.4511,0.4529,0.4529,0.4495,0.4409,0.4335,0.4293,0.4281,0.421,0.4141,0.4229,0.4323,0.4391,0.4454,0.448,0.4502,0.4591,0.4723,0.4769,0.479,0.4808,0.4781,0.473,0.4752,0.4767,0.4772,0.4775,0.4794,0.4807,0.4814,0.4832,0.4834,0.4796,0.4759,0.469,0.4664,0.4621,0.456,0.4539,0.4523,0.4486,0.4429,0.4372,0.431,0.4297,0.4229,0.4165,0.4121,0.4099,0.4053,0.4019,0.3991,0.3968,0.3944,0.3918,0.39,0.3883,0.3859,0.3845,0.3852,0.3855,0.3803,0.3751,0.3713,0.3643,0.3635,0.3616,0.3581,0.3565,0.3534
0.4784,0.4725,0.4645,0.4631,0.4609,0.4565,0.4533,0.4507,0.4476,0.4462,0.4457,0.4445,0.4453,0.4434,0.438,0.4347,0.4263,0.422,0.4153,0.4078,0.4015,0.388,0.3723,0.3603,0.3568,0.3583,0.3534,0.3422,0.339,0.3388,0.3284,0.3128,0.2982,0.2799,0.2682,0.2574,0.242,0.2299,0.2193,0.2116,0.204,0.1978,0.188,0.1731,0.1625,0.1551,0.149,0.1396,0.131,0.1238,0.1159,0.1064,0.1117,0.0994,0.0812,0.0689,0.0609,0.0525,0.0457,0.0398,0.0363,0.0335,0.03,0.0247,0.0182,0.0123,0.0089,0.0074,0.0048,0.003,0.0021,0.0017,0.0016,0.0017,0.0018,0.0025,0.0029,0.0025,0.0028,0.0044,0.0056,0.0075,0.0082,0.0084,0.0085,0.0097,0.0137,0.0152,0.0139,0.0123
0.4784,0.463,0.4481,0.4348,0.4199,0.4077,0.3995,0.3967,0.3906,0.3801,0.3676,0.3553,0.3394,0.3209,0.3105,0.2963,0.2831,0.277,0.2704,0.2703,0.2682,0.2504,0.2405,0.2305,0.2233,0.2166,0.2113,0.2071,0.2029,0.1957,0.1869,0.1799,0.1718,0.1637,0.1556,0.1484,0.144,0.1355,0.1265,0.1181,0.1089,0.1001,0.0909,0.0819,0.0721,0.0625,0.053,0.0448,0.0368,0.029,0.022,0.0165,0.0128,0.009,0.0065,0.005,0.0031,0.002,0.0014,0.001,0.0006,0.0004,0.0002,0.0,0.0,0.0,0.0,0.0,0.0,0.0,0.0,0.0,0.0,0.0,0.0,0.0,0.0,0.0,0.0,0.0,0.0,0.0,0.0,0.0,0.0,0.0,0.0,0.0,0.0,0.0
0.5522,0.5446,0.5357,0.5224,0.5072,0.4902,0.4734,0.4567,0.4448,0.4365,0.4284,0.4153,0.4078,0.3961,0.3866,0.3757,0.3619,0.3468,0.3303,0.3116,0.2964,0.2866,0.277,0.2687,0.2585,0.2478,0.2386,0.2307,0.2219,0.2131,0.1982,0.1853,0.1732,0.1586,0.142,0.1272,0.1116,0.0941,0.0782,0.0641,0.0512,0.0412,0.0338,0.027,0.0211,0.0148,0.0099,0.0061,0.0048,0.002,0.0012,0.0009,0.0006,0.0004,0.0003,0.0001,0.0,0.0,0.0,0.0,0.0,0.0,0.0,0.0,0.0,0.0,0.0,0.0,0.0,0.0,0.0,0.0,0.0,0.0,0.0,0.0,0.0,0.0,0.0,0.0,0.0,0.0,0.0,0.0,0.0,0.0,0.0,0.0,0.0,0.0
0.4883,0.4836,0.4807,0.4777,0.4711,0.4623,0.4569,0.446,0.4353,0.4298,0.4304,0.4272,0.4208,0.4147,0.4057,0.3988,0.3889,0.3811,0.3768,0.3711,0.3622,0.3553,0.3444,0.3358,0.3251,0.3148,0.3045,0.293,0.2822,0.2745,0.2634,0.2485,0.2323,0.2156,0.1993,0.1841,0.1726,0.1585,0.1482,0.1332,0.1199,0.1061,0.0961,0.086,0.0819,0.0733,0.0653,0.0571,0.0508,0.0402,0.0307,0.0201,0.0142,0.0106,0.009,0.0051,0.0032,0.0019,0.0007,0.0005,0.0003,0.0001,0.0,0.0,0.0,0.0,0.0,0.0,0.0,0.0,0.0,0.0,0.0,0.0,0.0,0.0,0.0,0.0,0.0,0.0,0.0,0.0,0.0,0.0,0.0,0.0,0.0,0.0,0.0,0.0
0.4312,0.4276,0.424,0.4207,0.4178,0.413,0.405,0.3925,0.3787,0.3653,0.3515,0.3392,0.3252,0.3165,0.3061,0.297,0.2907,0.2802,0.2679,0.2545,0.2349,0.2145,0.1976,0.1845,0.1748,0.1648,0.1539,0.1395,0.1256,0.1094,0.096,0.0828,0.0731,0.0636,0.0554,0.0491,0.044,0.0374,0.0325,0.0273,0.0209,0.0161,0.0125,0.0093,0.0079,0.0072,0.0069,0.0066,0.0067,0.007,0.0071,0.0069,0.0068,0.0062,0.0058,0.0052,0.0041,0.0031,0.0023,0.0015,0.0009,0.0004,0.0001,0.0,0.0,0.0,0.0,0.0,0.0,0.0,0.0,0.0,0.0,0.0,0.0,0.0,0.0,0.0,0.0,0.0,0.0,0.0,0.0,0.0,0.0,0.0,0.0,0.0,0.0,0.0
