0.3263,0.315,0.3,0.2855,0.2801,0.2685,0.2585,0.2426,0.2296,0.2155,0.201,0.1909,0.172,0.1585,0.1475,0.1399,0.1312,0.1243,0.1186,0.1117,0.1048,0.0972,0.0889,0.0816,0.0761,0.0741,0.0747,0.0728,0.0683,0.065,0.0614,0.0572,0.0537,0.0484,0.0441,0.0398,0.0349,0.0311,0.0284,0.0273,0.025,0.0236,0.0224,0.0214,0.0203,0.0183,0.0168,0.0154,0.0139,0.013,0.0121,0.0113,0.0108,0.0105,0.0104,0.01,0.0097,0.009,0.0082,0.0071,0.0066,0.0063,0.0067,0.0066,0.0064,0.006,0.0055,0.005,0.0045,0.0041,0.0032,0.0025,0.0019,0.001,0.0005,0.0006,0.0012,0.002,0.0031,0.0044,0.0049,0.0048,0.0047,0.004,0.0037,0.0033,0.0028,0.0022,0.0022,0.0025
0.3743,0.3658,0.3577,0.3471,0.338,0.3388,0.3326,0.3226,0.3132,0.3044,0.2914,0.2793,0.2606,0.2491,0.2366,0.229,0.2221,0.2188,0.2175,0.2156,0.2128,0.2055,0.1966,0.189,0.1806,0.1766,0.1729,0.1673,0.1606,0.1546,0.1478,0.1391,0.1318,0.1232,0.1133,0.1053,0.0967,0.0877,0.0809,0.0741,0.0697,0.0642,0.0588,0.0548,0.0507,0.0459,0.0416,0.0387,0.0346,0.0314,0.0301,0.0278,0.0268,0.0267,0.0257,0.0251,0.0235,0.0231,0.0216,0.0209,0.0214,0.0222,0.0227,0.0223,0.0215,0.0223,0.0222,0.0218,0.0215,0.0211,0.0203,0.019,0.0183,0.0173,0.0157,0.0141,0.0128,0.011,0.0093,0.0072,0.0052,0.0042,0.0035,0.0033,0.0039,0.0043,0.0047,0.005,0.0062,0.0084
0.423,0.417,0.4093,0.4043,0.3978,0.3889,0.3801,0.3748,0.3694,0.3656,0.3614,0.3538,0.3466,0.3361,0.3272,0.3162,0.3058,0.2924,0.2769,0.2612,0.2459,0.2339,0.222,0.2102,0.1989,0.1872,0.1776,0.168,0.1583,0.1496,0.1433,0.1383,0.1338,0.1311,0.1278,0.1241,0.1211,0.1155,0.1111,0.1074,0.1041,0.1005,0.0962,0.0929,0.0917,0.0907,0.0867,0.0853,0.0832,0.0779,0.0761,0.0753,0.0734,0.0698,0.0676,0.0619,0.0568,0.0521,0.0467,0.0428,0.0384,0.0341,0.0294,0.0251,0.0217,0.0187,0.0157,0.0129,0.0102,0.0085,0.0077,0.0074,0.0073,0.0076,0.0078,0.0077,0.0073,0.0073,0.0072,0.0075,0.0073,0.007,0.0069,0.0073,0.0073,0.0069,0.0065,0.0067,0.0079,0.0086
0.3082,0.3062,0.3041,0.2995,0.2961,0.2865,0.279,0.2699,0.2638,0.2588,0.2528,0.2469,0.2425,0.2369,0.2302,0.2232,0.2161,0.2099,0.2025,0.1967,0.1928,0.1925,0.1899,0.1871,0.187,0.1856,0.1821,0.1789,0.1767,0.1747,0.1732,0.1717,0.169,0.1663,0.1639,0.1611,0.1589,0.1566,0.1534,0.1508,0.1475,0.1438,0.1404,0.1364,0.1313,0.1302,0.1286,0.1234,0.1201,0.1169,0.1107,0.1075,0.1031,0.0959,0.0887,0.0794,0.0732,0.0678,0.0623,0.0589,0.0534,0.048,0.0423,0.0377,0.0336,0.0307,0.0283,0.0259,0.0239,0.0221,0.0204,0.0191,0.0179,0.0165,0.0151,0.0144,0.0139,0.0134,0.0129,0.0126,0.012,0.0112,0.0106,0.01,0.0095,0.0085,0.0077,0.0071,0.0072,0.0071
0.1727,0.1709,0.1679,0.1621,0.1559,0.149,0.1419,0.1336,0.1241,0.1159,0.1101,0.1093,0.1091,0.11,0.1076,0.1036,0.1017,0.0976,0.0932,0.0891,0.0855,0.0828,0.084,0.0841,0.082,0.0806,0.0782,0.0745,0.07,0.0652,0.0602,0.0547,0.0494,0.0454,0.0429,0.0406,0.0387,0.0377,0.0349,0.0286,0.0228,0.0194,0.0175,0.0163,0.0149,0.0118,0.0097,0.0085,0.0074,0.0074,0.0065,0.0051,0.0042,0.0033,0.0023,0.0019,0.0015,0.0013,0.001,0.0007,0.0005,0.0005,0.0005,0.0005,0.0005,0.0005,0.0005,0.0005,0.0005,0.0004,0.0004,0.0003,0.0002,0.0001,0.0,0.0,0.0,0.0,0.0,0.0,0.0,0.0,0.0,0.0,0.0,0.0,0.0,0.0,0.0,0.0
0.0855,0.083,0.0789,0.074,0.0714,0.0681,0.0642,0.0647,0.0634,0.0646,0.0638,0.0632,0.0616,0.0593,0.0563,0.0527,0.0495,0.0468,0.0435,0.0396,0.0359,0.0328,0.0305,0.0264,0.023,0.0203,0.0171,0.0135,0.0095,0.0046,0.0018,0.0014,0.0017,0.0017,0.0025,0.0023,0.0025,0.0022,0.0024,0.0031,0.0036,0.0041,0.0042,0.0043,0.0037,0.0035,0.0031,0.0026,0.0024,0.0022,0.0018,0.0013,0.001,0.0008,0.0005,0.0003,0.0002,0.0002,0.0001,0.0001,0.0004,0.0005,0.001,0.0017,0.0014,0.0009,0.0009,0.0004,0.0,0.0,0.0,0.0,0.0,0.0,0.0,0.0,0.0,0.0,0.0,0.0,0.0,0.0,0.0,0.0,0.0,0.0,0.0,0.0,0.0,0.0
0.1402,0.1401,0.1371,0.1291,0.1251,0.1219,0.116,0.114,0.11,0.1115,0.1138,0.1123,0.1113,0.1099,0.1078,0.104,0.0993,0.0976,0.0955,0.0921,0.0855,0.0802,0.0782,0.075,0.0715,0.0709,0.0704,0.0682,0.0652,0.0643,0.0646,0.063,0.0613,0.0603,0.0584,0.0558,0.0526,0.0501,0.0483,0.0465,0.0438,0.0412,0.0383,0.0356,0.033,0.0307,0.0287,0.0267,0.0247,0.0229,0.0215,0.0199,0.0181,0.0168,0.0152,0.0139,0.0127,0.0116,0.0105,0.0095,0.0084,0.0075,0.006,0.0038,0.002,0.0008,0.0003,0.0,0.0,0.0,0.0,0.0,0.0,0.0,0.0,0.0,0.0,0.0,0.0,0.0,0.0,0.0,0.0,0.0,0.0,0.0,0.0,0.0,0.0,0.0
0.1845,0.1826,0.1831,0.1816,0.1764,0.1722,0.1693,0.1628,0.1555,0.147,0.1339,0.122,0.1102,0.1009,0.0932,0.0915,0.0873,0.0817,0.0772,0.0756,0.0738,0.0716,0.0688,0.0669,0.0641,0.06,0.0561,0.0534,0.0515,0.0468,0.0411,0.0366,0.0333,0.0277,0.0217,0.0188,0.0166,0.0153,0.0138,0.0124,0.0104,0.0092,0.008,0.0074,0.0067,0.006,0.0051,0.0043,0.0037,0.0032,0.0027,0.0021,0.0016,0.0012,0.0007,0.0004,0.0003,0.0001,0.0,0.0,0.0,0.0,0.0,0.0,0.0,0.0,0.0,0.0,0.0,0.0,0.0,0.0,0.0,0.0,0.0,0.0,0.0,0.0,0.0,0.0,0.0,0.0,0.0,0.0,0.0,0.0,0.0,0.0,0.0,0.0
0.0799,0.0776,0.0753,0.0735,0.0708,0.0681,0.0663,0.0632,0.0609,0.0567,0.0513,0.0482,0.0446,0.0419,0.0386,0.0359,0.0341,0.0316,0.0296,0.0268,0.0245,0.022,0.0203,0.0185,0.0175,0.0161,0.0137,0.0118,0.01,0.008,0.0055,0.0035,0.0022,0.0009,0.0004,0.0002,0.0002,0.0004,0.0005,0.0006,0.0007,0.0007,0.0007,0.0007,0.0006,0.0004,0.0002,0.0001,0.0,0.0,0.0,0.0,0.0,0.0,0.0,0.0,0.0,0.0,0.0,0.0,0.0,0.0,0.0,0.0,0.0,0.0,0.0,0.0,0.0,0.0,0.0,0.0,0.0,0.0,0.0,0.0,0.0,0.0,0.0,0.0,0.0,0.0,0.0,0.0,0.0,0.0,0.0,0.0,0.0,0.0
0.0729,0.0709,0.0679,0.0668,0.0638,0.0606,0.0592,0.0565,0.0552,0.0511,0.0485,0.0466,0.0437,0.0411,0.0407,0.0389,0.0368,0.0354,0.0345,0.0346,0.0338,0.0324,0.0319,0.0331,0.0318,0.0305,0.0291,0.0262,0.0239,0.0229,0.0218,0.021,0.0199,0.0186,0.0167,0.0148,0.0131,0.0116,0.009,0.0083,0.0073,0.0062,0.0053,0.0044,0.0036,0.0027,0.0021,0.0015,0.001,0.0009,0.0009,0.0006,0.0005,0.0004,0.0003,0.0002,0.0002,0.0002,0.0002,0.0001,0.0001,0.0002,0.0004,0.0005,0.0006,0.001,0.0014,0.0012,0.0007,0.0004,0.0001,0.0,0.0,0.0,0.0,0.0,0.0,0.0,0.0,0.0,0.0,0.0,0.0,0.0,0.0,0.0,0.0,0.0,0.0,0.0
0.0867,0.082,0.0787,0.0744,0.0733,0.0697,0.0661,0.0629,0.0578,0.0546,0.0529,0.0506,0.0485,0.0446,0.0419,0.0393,0.034,0.0303,0.0285,0.0262,0.0246,0.0223,0.0203,0.0184,0.0178,0.017,0.0178,0.0187,0.0189,0.0191,0.0191,0.0192,0.0195,0.0199,0.0212,0.0222,0.0227,0.0231,0.0228,0.0223,0.0229,0.0232,0.023,0.0232,0.0236,0.0232,0.0232,0.0228,0.0219,0.0213,0.0213,0.0209,0.0207,0.0208,0.0208,0.0201,0.0198,0.0197,0.0188,0.0182,0.0171,0.016,0.015,0.0138,0.0117,0.0104,0.0092,0.008,0.0072,0.0065,0.0057,0.0052,0.0047,0.0044,0.0039,0.0036,0.0031,0.0028,0.0024,0.002,0.0016,0.0009,0.0004,0.0002,0.0002,0.0001,0.0001,0.0,0.0,0.0
0.0809,0.0793,0.0774,0.0753,0.0764,0.0776,0.0779,0.0796,0.0794,0.077,0.0736,0.0739,0.0736,0.0715,0.0691,0.0686,0.0691,0.0669,0.0665,0.0654,0.0665,0.0668,0.0659,0.064,0.0628,0.0621,0.061,0.0567,0.053,0.0514,0.0502,0.0486,0.0469,0.0458,0.0442,0.0423,0.0403,0.0385,0.0375,0.0365,0.0346,0.0336,0.0332,0.0328,0.0311,0.0296,0.0284,0.027,0.0252,0.0232,0.0216,0.0199,0.0178,0.0158,0.0141,0.0127,0.0113,0.0087,0.0063,0.0044,0.0031,0.0021,0.0014,0.0009,0.0004,0.0,0.0,0.0,0.0,0.0,0.0,0.0,0.0,0.0,0.0,0.0,0.0,0.0,0.0,0.0,0.0,0.0,0.0,0.0,0.0,0.0,0.0,0.0,0.0,0.0
0.089,0.0875,0.0848,0.0836,0.0815,0.0821,0.0816,0.0795,0.0786,0.0782,0.0766,0.0739,0.0723,0.0711,0.0672,0.0683,0.0656,0.0637,0.0598,0.0585,0.0551,0.0534,0.0514,0.0491,0.0464,0.0439,0.0414,0.0377,0.0344,0.0326,0.0309,0.0292,0.0274,0.0259,0.0245,0.0231,0.0213,0.0198,0.0181,0.0166,0.0155,0.0136,0.012,0.01,0.0082,0.0061,0.0047,0.003,0.0017,0.001,0.0006,0.0002,0.0,0.0,0.0,0.0,0.0,0.0,0.0,0.0,0.0,0.0,0.0,0.0,0.0,0.0,0.0,0.0,0.0,0.0,0.0,0.0,0.0,0.0,0.0,0.0,0.0,0.0,0.0,0.0,0.0,0.0,0.0,0.0,0.0,0.0,0.0,0.0,0.0,0.0
0.0624,0.0613,0.0615,0.0607,0.0573,0.0513,0.0466,0.043,0.0395,0.0385,0.0381,0.0365,0.0347,0.034,0.0332,0.0316,0.0295,0.0286,0.0262,0.0252,0.0225,0.0196,0.0177,0.0164,0.0149,0.0133,0.0119,0.0097,0.0079,0.0064,0.0056,0.0051,0.0048,0.0043,0.0035,0.0027,0.0019,0.0012,0.0007,0.0003,0.0001,0.0,0.0,0.0,0.0,0.0,0.0,0.0,0.0,0.0,0.0,0.0,0.0,0.0,0.0,0.0,0.0,0.0,0.0,0.0,0.0,0.0,0.0,0.0,0.0,0.0,0.0,0.0,0.0,0.0,0.0,0.0,0.0,0.0,0.0,0.0,0.0,0.0,0.0,0.0,0.0,0.0,0.0,0.0,0.0,0.0,0.0,0.0,0.0,0.0
0.0422,0.042,0.0411,0.0398,0.0377,0.0364,0.0368,0.0368,0.0366,0.0353,0.0339,0.0325,0.0307,0.0283,0.0275,0.0264,0.0257,0.0238,0.0229,0.0223,0.0226,0.0251,0.025,0.0235,0.0224,0.0205,0.0186,0.0169,0.0156,0.0156,0.0149,0.0135,0.0117,0.0109,0.0097,0.0088,0.0094,0.0092,0.0101,0.0109,0.0102,0.009,0.0085,0.0078,0.0062,0.0057,0.0061,0.0067,0.0072,0.0065,0.0057,0.005,0.0039,0.0029,0.002,0.0012,0.0006,0.0001,0.0,0.0001,0.0,0.0,0.0,0.0,0.0,0.0,0.0,0.0,0.0,0.0,0.0,0.0,0.0,0.0,0.0,0.0,0.0,0.0,0.0,0.0,0.0,0.0,0.0,0.0,0.0,0.0,0.0,0.0,0.0,0.0
0.0821,0.0839,0.0869,0.0893,0.0896,0.0883,0.0873,0.0856,0.0823,0.0805,0.0785,0.0753,0.0738,0.0731,0.0741,0.0729,0.0725,0.0703,0.0702,0.0693,0.0688,0.0672,0.0667,0.0644,0.063,0.0621,0.0601,0.0573,0.0531,0.0499,0.0487,0.0471,0.0448,0.0432,0.0416,0.039,0.0347,0.0323,0.029,0.0257,0.0217,0.0178,0.0145,0.0114,0.0094,0.0072,0.0058,0.0044,0.0029,0.0018,0.001,0.0004,0.0001,0.0001,0.0001,0.0,0.0,0.0,0.0,0.0,0.0,0.0,0.0,0.0,0.0,0.0,0.0,0.0,0.0,0.0,0.0,0.0,0.0,0.0,0.0,0.0,0.0,0.0,0.0,0.0,0.0,0.0,0.0,0.0,0.0,0.0,0.0,0.0,0.0,0.0
0.184,0.1829,0.1774,0.1821,0.1851,0.1868,0.1843,0.1776,0.1702,0.163,0.1582,0.1538,0.1519,0.1503,0.147,0.1429,0.1358,0.1315,0.1261,0.122,0.1176,0.1144,0.1154,0.1127,0.1065,0.1083,0.1033,0.0971,0.0916,0.0865,0.0813,0.0774,0.0735,0.07,0.0702,0.0682,0.0623,0.0579,0.0553,0.052,0.0478,0.0417,0.037,0.0325,0.0285,0.0244,0.0216,0.0194,0.0175,0.0161,0.013,0.0101,0.0087,0.0074,0.0062,0.0049,0.0039,0.003,0.0024,0.0018,0.0014,0.0009,0.0006,0.0004,0.0003,0.0002,0.0001,0.0001,0.0,0.0,0.0,0.0,0.0,0.0,0.0,0.0,0.0,0.0,0.0,0.0,0.0,0.0,0.0,0.0,0.0,0.0,0.0,0.0,0.0,0.0
0.2918,0.285,0.2701,0.2677,0.2724,0.2702,0.2642,0.2581,0.247,0.2366,0.2257,0.2154,0.203,0.193,0.1862,0.1794,0.1714,0.1623,0.1514,0.1425,0.1342,0.1242,0.1116,0.105,0.0994,0.0894,0.0829,0.0797,0.0771,0.0722,0.0667,0.0617,0.0573,0.0519,0.043,0.0377,0.0347,0.0277,0.0227,0.0168,0.013,0.0124,0.0125,0.0124,0.0121,0.0111,0.0099,0.0087,0.0076,0.0065,0.0059,0.0054,0.005,0.0046,0.0041,0.0036,0.0032,0.0026,0.0022,0.0019,0.0018,0.0014,0.0011,0.001,0.0008,0.0006,0.0004,0.0003,0.0002,0.0001,0.0001,0.0,0.0,0.0,0.0,0.0,0.0,0.0,0.0,0.0,0.0,0.0,0.0,0.0,0.0,0.0,0.0,0.0,0.0,0.0
0.3123,0.3038,0.2997,0.2835,0.2765,0.2659,0.248,0.2368,0.2256,0.2099,0.1962,0.1837,0.1692,0.1619,0.1489,0.1356,0.1239,0.1081,0.0935,0.0785,0.0622,0.0477,0.0383,0.0329,0.0255,0.0238,0.0222,0.018,0.0114,0.0062,0.0032,0.0023,0.0021,0.0013,0.0007,0.0004,0.0002,0.0001,0.0,0.0,0.0,0.0,0.0,0.0,0.0,0.0,0.0,0.0,0.0,0.0,0.0,0.0,0.0,0.0,0.0,0.0,0.0,0.0,0.0,0.0,0.0,0.0,0.0,0.0,0.0,0.0,0.0,0.0,0.0,0.0,0.0,0.0,0.0,0.0,0.0,0.0,0.0,0.0,0.0,0.0,0.0,0.0,0.0,0.0,0.0,0.0,0.0,0.0,0.0,0.0
0.4008,0.385,0.3923,0.3825,0.3759,0.3707,0.3588,0.3368,0.3351,0.3196,0.3094,0.2993,0.2857,0.2746,0.2569,0.2448,0.2351,0.2264,0.2173,0.2071,0.1972,0.1887,0.1825,0.1706,0.1576,0.1518,0.1491,0.1459,0.1356,0.1224,0.1078,0.0947,0.088,0.0791,0.0686,0.0597,0.0522,0.0432,0.0365,0.0315,0.0271,0.0228,0.019,0.015,0.012,0.0105,0.0083,0.0065,0.0044,0.0035,0.0018,0.0005,0.0001,0.0,0.0,0.0,0.0,0.0,0.0,0.0,0.0,0.0,0.0,0.0,0.0,0.0,0.0,0.0,0.0,0.0,0.0,0.0,0.0,0.0,0.0,0.0,0.0,0.0,0.0,0.0,0.0,0.0,0.0,0.0,0.0,0.0,0.0,0.0,0.0,0.0
0.4303,0.4198,0.4178,0.4133,0.4065,0.3946,0.3815,0.3721,0.3607,0.3527,0.3439,0.3355,0.3276,0.3188,0.3095,0.2953,0.2823,0.2761,0.2673,0.2579,0.2481,0.2365,0.2231,0.2112,0.2026,0.1926,0.1819,0.1732,0.1698,0.1653,0.16,0.1535,0.147,0.1406,0.1347,0.1267,0.1203,0.1128,0.1048,0.0979,0.0923,0.0837,0.0754,0.0679,0.06,0.0539,0.0479,0.0398,0.035,0.0314,0.0269,0.0194,0.0145,0.0113,0.0081,0.0052,0.0026,0.001,0.0,0.0,0.0,0.0,0.0,0.0,0.0,0.0,0.0,0.0,0.0,0.0,0.0,0.0,0.0,0.0,0.0,0.0,0.0,0.0,0.0,0.0,0.0,0.0,0.0,0.0,0.0,0.0,0.0,0.0,0.0,0.0
0.3838,0.3731,0.3706,0.3633,0.3494,0.3315,0.3197,0.309,0.2999,0.2964,0.2922,0.2863,0.2785,0.2734,0.2646,0.2557,0.2443,0.2329,0.2224,0.2194,0.2116,0.2004,0.1869,0.1782,0.168,0.1602,0.1519,0.1433,0.1351,0.1229,0.1101,0.0978,0.0851,0.0756,0.0682,0.0583,0.049,0.0399,0.0339,0.0279,0.0245,0.0208,0.0185,0.0158,0.0137,0.013,0.0107,0.0084,0.0072,0.0058,0.0049,0.0035,0.0023,0.0018,0.0012,0.0008,0.0004,0.0001,0.0,0.0,0.0,0.0,0.0,0.0,0.0,0.0,0.0,0.0,0.0,0.0,0.0,0.0,0.0,0.0,0.0,0.0,0.0,0.0,0.0,0.0,0.0,0.0,0.0,0.0,0.0,0.0,0.0,0.0,0.0,0.0
0.4973,0.4817,0.4689,0.4555,0.4452,0.4388,0.4334,0.4254,0.4116,0.4011,0.3962,0.3877,0.3752,0.3665,0.3563,0.3425,0.3319,0.3136,0.3007,0.2838,0.2678,0.254,0.2455,0.2358,0.2247,0.2146,0.2018,0.1904,0.1826,0.1742,0.165,0.154,0.147,0.139,0.133,0.1223,0.1147,0.1065,0.0953,0.0855,0.0776,0.0693,0.0614,0.0546,0.0469,0.0417,0.0386,0.0324,0.0272,0.0232,0.0202,0.0147,0.0097,0.0067,0.0035,0.0014,0.0004,0.0001,0.0,0.0,0.0,0.0,0.0,0.0,0.0,0.0,0.0,0.0,0.0,0.0,0.0,0.0,0.0,0.0,0.0,0.0,0.0,0.0,0.0,0.0,0.0,0.0,0.0,0.0,0.0,0.0,0.0,0.0,0.0,0.0
0.4287,0.4277,0.4237,0.4157,0.406,0.3985,0.3941,0.3915,0.3895,0.3815,0.3718,0.3672,0.3613,0.3528,0.3539,0.3531,0.3492,0.3425,0.3323,0.3176,0.3024,0.2853,0.2677,0.2573,0.2437,0.2282,0.2146,0.2016,0.1911,0.1816,0.1726,0.1623,0.1525,0.146,0.1415,0.1366,0.1308,0.1261,0.116,0.1058,0.0957,0.0852,0.0738,0.0639,0.0528,0.0435,0.038,0.0322,0.0252,0.0208,0.0155,0.012,0.007,0.0047,0.0033,0.0024,0.0017,0.001,0.0004,0.0001,0.0,0.0,0.0,0.0,0.0,0.0,0.0,0.0,0.0,0.0,0.0,0.0,0.0,0.0,0.0,0.0,0.0,0.0,0.0,0.0,0.0,0.0,0.0,0.0,0.0,0.0,0.0,0.0,0.0,0.0
0.205,0.2033,0.1977,0.1935,0.1891,0.1838,0.1763,0.17,0.1675,0.1622,0.1526,0.1455,0.1403,0.1337,0.1309,0.1276,0.1249,0.1225,0.1199,0.1182,0.1184,0.1171,0.1142,0.1099,0.1072,0.1023,0.0981,0.0923,0.0906,0.0877,0.0839,0.0811,0.0775,0.0751,0.0729,0.0704,0.0637,0.0591,0.0529,0.0489,0.0455,0.0419,0.039,0.0363,0.0328,0.0301,0.028,0.0264,0.0254,0.0241,0.0241,0.0234,0.0214,0.0191,0.0179,0.0177,0.0166,0.0159,0.0154,0.0152,0.0158,0.0166,0.0166,0.0167,0.0166,0.016,0.0155,0.0151,0.0146,0.0139,0.0133,0.0128,0.0119,0.0109,0.0102,0.0095,0.0086,0.0082,0.0075,0.0065,0.0057,0.005,0.0043,0.0033,0.0024,0.0021,0.0017,0.0011,0.0004,0.0001
0.1666,0.1633,0.1576,0.1543,0.1507,0.146,0.1408,0.1376,0.1338,0.1307,0.1258,0.1204,0.1159,0.1126,0.1095,0.1078,0.1056,0.1037,0.1027,0.1016,0.0985,0.0959,0.0946,0.0932,0.0902,0.0876,0.0864,0.085,0.0817,0.0802,0.0794,0.0785,0.0756,0.0722,0.0701,0.068,0.0656,0.0638,0.0627,0.0623,0.0618,0.0607,0.0591,0.0569,0.0551,0.0533,0.0522,0.0506,0.0483,0.0461,0.0436,0.0412,0.0398,0.039,0.0369,0.0347,0.0331,0.031,0.0293,0.027,0.0244,0.0213,0.0189,0.0159,0.0126,0.0105,0.0089,0.0077,0.0069,0.0064,0.0058,0.0048,0.0033,0.0027,0.0019,0.0013,0.0008,0.0005,0.0003,0.0001,0.0,0.0,0.0,0.0,0.0,0.0,0.0,0.0,0.0,0.0
0.1752,0.173,0.1699,0.1663,0.1646,0.1611,0.1552,0.1493,0.1445,0.1407,0.1359,0.1311,0.1275,0.1256,0.1243,0.1225,0.1202,0.1194,0.1171,0.1133,0.1082,0.1023,0.0965,0.092,0.0876,0.0843,0.0815,0.077,0.0721,0.0679,0.0654,0.0593,0.0568,0.0556,0.0545,0.0493,0.0438,0.0397,0.0354,0.0304,0.026,0.0225,0.0197,0.0171,0.0152,0.0131,0.0112,0.0094,0.0076,0.0067,0.0056,0.0041,0.0033,0.003,0.0026,0.002,0.0015,0.001,0.0006,0.0003,0.0003,0.0002,0.0001,0.0,0.0,0.0,0.0,0.0,0.0,0.0,0.0,0.0,0.0,0.0,0.0,0.0,0.0,0.0,0.0,0.0,0.0,0.0,0.0,0.0,0.0,0.0,0.0,0.0,0.0,0.0
0.0346,0.0315,0.0283,0.0272,0.0257,0.0239,0.0248,0.0276,0.0297,0.0313,0.0314,0.0311,0.0288,0.0254,0.0233,0.0217,0.0206,0.0193,0.0178,0.0151,0.0131,0.0103,0.0083,0.0068,0.0058,0.0049,0.0052,0.0058,0.0049,0.0041,0.0031,0.0018,0.002,0.002,0.0021,0.0017,0.0008,0.0003,0.0001,0.0,0.0,0.0,0.0,0.0,0.0,0.0,0.0,0.0,0.0,0.0,0.0,0.0,0.0,0.0,0.0,0.0,0.0,0.0,0.0,0.0,0.0,0.0,0.0,0.0,0.0,0.0,0.0,0.0,0.0,0.0,0.0,0.0,0.0,0.0,0.0,0.0,0.0,0.0,0.0,0.0,0.0,0.0,0.0,0.0,0.0,0.0,0.0,0.0,0.0,0.0
0.0044,0.0034,0.0028,0.0023,0.0019,0.0016,0.0015,0.0014,0.0012,0.001,0.0009,0.0007,0.0007,0.0007,0.0007,0.0006,0.0005,0.0004,0.0003,0.0002,0.0002,0.0002,0.0002,0.0002,0.0002,0.0001,0.0001,0.0001,0.0001,0.0,0.0,0.0,0.0,0.0,0.0,0.0001,0.0001,0.0,0.0,0.0,0.0,0.0,0.0,0.0,0.0,0.0,0.0,0.0,0.0,0.0,0.0,0.0,0.0,0.0,0.0,0.0,0.0,0.0,0.0,0.0,0.0,0.0,0.0,0.0,0.0,0.0,0.0,0.0,0.0,0.0,0.0,0.0,0.0,0.0,0.0,0.0,0.0,0.0,0.0,0.0,0.0,0.0,0.0,0.0,0.0,0.0,0.0,0.0,0.0,0.0
0.0353,0.0345,0.0344,0.0341,0.0344,0.0347,0.0346,0.0348,0.0354,0.0359,0.0369,0.0373,0.0369,0.0369,0.0372,0.037,0.0369,0.0369,0.0368,0.0367,0.0369,0.0371,0.0368,0.0367,0.0367,0.0366,0.0363,0.036,0.0348,0.0335,0.0312,0.027,0.0203,0.0179,0.0176,0.0194,0.0211,0.0228,0.0249,0.0271,0.0284,0.0296,0.0301,0.0303,0.0306,0.0307,0.0306,0.0324,0.0331,0.0331,0.0333,0.0337,0.0335,0.0332,0.0329,0.033,0.0331,0.0324,0.0323,0.0322,0.0318,0.0316,0.032,0.0318,0.0315,0.031,0.0314,0.0322,0.0326,0.0327,0.0327,0.0327,0.0338,0.034,0.0338,0.0338,0.0338,0.0338,0.0338,0.0337,0.0334,0.033,0.0293,0.0262,0.0255,0.0266,0.0267,0.0276,0.0295,0.0308
0.4323,0.4294,0.4329,0.4362,0.4403,0.4447,0.4502,0.4568,0.4626,0.466,0.4674,0.4665,0.467,0.4693,0.4727,0.4746,0.4758,0.4775,0.479,0.4787,0.4789,0.4807,0.4788,0.4803,0.482,0.4809,0.4769,0.471,0.4636,0.4485,0.4377,0.4226,0.4064,0.3976,0.3975,0.3987,0.3988,0.4001,0.3992,0.3988,0.3995,0.401,0.4009,0.4019,0.4062,0.4072,0.4061,0.4033,0.4001,0.4008,0.4087,0.4143,0.4119,0.4087,0.4043,0.4014,0.4103,0.4108,0.406,0.4071,0.4081,0.404,0.3974,0.3926,0.3869,0.3822,0.3781,0.3761,0.3746,0.3718,0.3728,0.3748,0.3743,0.3735,0.3723,0.3722,0.3717,0.372,0.3732,0.3716,0.3668,0.3584,0.3484,0.3441,0.3405,0.3379,0.336,0.3348,0.3352,0.336
0.4683,0.4571,0.4469,0.4432,0.4393,0.4333,0.4303,0.428,0.4232,0.4205,0.4185,0.4168,0.4135,0.4107,0.4028,0.3991,0.3978,0.391,0.3867,0.3822,0.379,0.3713,0.3636,0.3537,0.3458,0.3433,0.3433,0.3429,0.3452,0.346,0.3456,0.3509,0.3709,0.3722,0.3645,0.3543,0.3564,0.3483,0.3362,0.3272,0.321,0.3107,0.3027,0.2923,0.2794,0.2694,0.2592,0.2496,0.2389,0.2245,0.2076,0.1901,0.1842,0.1812,0.1768,0.1707,0.157,0.1472,0.1419,0.1321,0.1223,0.1154,0.108,0.1015,0.0957,0.0931,0.0895,0.0806,0.0731,0.0672,0.0626,0.0557,0.0481,0.0446,0.0448,0.045,0.043,0.0411,0.0383,0.0359,0.0371,0.0386,0.0397,0.0411,0.0395,0.036,0.0334,0.0315,0.0282,0.0267
0.4895,0.4708,0.4564,0.4425,0.4325,0.4222,0.4128,0.3998,0.3902,0.3822,0.3829,0.3728,0.3622,0.3504,0.3386,0.332,0.3235,0.3035,0.2953,0.2728,0.2583,0.2387,0.2241,0.2046,0.1919,0.1833,0.1743,0.1642,0.1561,0.1497,0.1423,0.1336,0.1265,0.114,0.1048,0.1011,0.0927,0.0844,0.0769,0.0686,0.0636,0.0576,0.0482,0.0408,0.0356,0.0311,0.0257,0.0215,0.0177,0.0146,0.0127,0.0102,0.008,0.0059,0.0047,0.0037,0.0025,0.0014,0.0007,0.0004,0.0001,0.0,0.0,0.0,0.0,0.0,0.0,0.0,0.0,0.0,0.0,0.0,0.0,0.0,0.0,0.0,0.0,0.0,0.0,0.0,0.0,0.0,0.0,0.0,0.0,0.0,0.0,0.0,0.0,0.0
0.4995,0.4908,0.4835,0.4691,0.4569,0.4477,0.4352,0.42,0.4094,0.3994,0.3895,0.3834,0.373,0.3592,0.3535,0.345,0.3355,0.3244,0.3113,0.2988,0.2827,0.2656,0.2508,0.2372,0.2222,0.2108,0.1949,0.1818,0.1719,0.1646,0.1541,0.1423,0.1322,0.1138,0.102,0.0949,0.086,0.0716,0.062,0.0538,0.0467,0.0405,0.0336,0.0265,0.0198,0.0145,0.0104,0.0083,0.0063,0.0046,0.0028,0.0015,0.0009,0.0006,0.0005,0.0002,0.0001,0.0,0.0,0.0,0.0,0.0,0.0,0.0,0.0,0.0,0.0,0.0,0.0,0.0,0.0,0.0,0.0,0.0,0.0,0.0,0.0,0.0,0.0,0.0,0.0,0.0,0.0,0.0,0.0,0.0,0.0,0.0,0.0,0.0
0.4365,0.4264,0.4187,0.4111,0.3944,0.3812,0.3713,0.36,0.3491,0.3364,0.3233,0.3143,0.3028,0.2923,0.2842,0.2758,0.265,0.256,0.2476,0.2384,0.2289,0.2184,0.2058,0.1939,0.1802,0.1695,0.1553,0.1367,0.113,0.0916,0.0729,0.0645,0.0565,0.0501,0.0435,0.0374,0.0338,0.0301,0.0247,0.0201,0.0164,0.0141,0.0111,0.0077,0.0054,0.0039,0.0028,0.0022,0.001,0.0005,0.0002,0.0,0.0,0.0,0.0,0.0,0.0,0.0,0.0,0.0,0.0,0.0,0.0,0.0,0.0,0.0,0.0,0.0,0.0,0.0,0.0,0.0,0.0,0.0,0.0,0.0,0.0,0.0,0.0,0.0,0.0,0.0,0.0,0.0,0.0,0.0,0.0,0.0,0.0,0.0
0.352,0.3436,0.3347,0.3274,0.3165,0.3029,0.2916,0.2783,0.2635,0.2476,0.2309,0.2125,0.1931,0.1762,0.1565,0.1358,0.1196,0.1056,0.0937,0.084,0.0766,0.0713,0.0648,0.0569,0.0474,0.0358,0.0251,0.0177,0.0115,0.0073,0.0049,0.0032,0.0023,0.0016,0.0011,0.0009,0.0007,0.0006,0.0003,0.0002,0.0003,0.0004,0.0004,0.0004,0.0003,0.0003,0.0003,0.0009,0.001,0.0016,0.0017,0.002,0.0019,0.0021,0.0022,0.002,0.002,0.0023,0.0025,0.0029,0.003,0.0029,0.0023,0.0015,0.0007,0.0003,0.0001,0.0,0.0001,0.0,0.0,0.0,0.0,0.0,0.0,0.0,0.0,0.0,0.0,0.0,0.0,0.0,0.0,0.0,0.0,0.0,0.0,0.0,0.0001,0.0002
