0.3394,0.3282,0.3149,0.3036,0.2912,0.2749,0.2611,0.2473,0.2344,0.2172,0.2043,0.1923,0.1782,0.166,0.1553,0.1439,0.1304,0.1172,0.1031,0.0938,0.0808,0.0683,0.0612,0.0559,0.0513,0.0458,0.0402,0.0352,0.0317,0.0296,0.0264,0.0235,0.0213,0.0188,0.0174,0.0165,0.0149,0.0133,0.0129,0.013,0.0144,0.0144,0.0141,0.0136,0.0154,0.0181,0.0192,0.0194,0.0184,0.018,0.0175,0.0162,0.0154,0.0148,0.0151,0.0149,0.0141,0.0133,0.0127,0.012,0.0114,0.0106,0.0106,0.0111,0.0115,0.0112,0.0104,0.0099,0.0095,0.0091,0.0089,0.0085,0.0087,0.0102,0.0109,0.0108,0.0109,0.0108,0.0102,0.0101,0.0096,0.0088,0.0086,0.0081,0.0075,0.0076,0.0079,0.0084,0.009,0.0102
0.3771,0.3686,0.3596,0.3486,0.3398,0.3311,0.3188,0.3062,0.2908,0.277,0.2634,0.2516,0.24,0.2277,0.2137,0.2027,0.1856,0.1681,0.1542,0.1433,0.1328,0.1236,0.1137,0.1042,0.0955,0.0871,0.0778,0.0746,0.0714,0.0675,0.0666,0.0656,0.0649,0.0642,0.0624,0.0603,0.0597,0.0582,0.0565,0.0553,0.0544,0.0532,0.0519,0.0505,0.0493,0.0477,0.0465,0.0456,0.0447,0.0439,0.0431,0.0422,0.041,0.0398,0.0393,0.039,0.0382,0.0367,0.0349,0.0338,0.0327,0.0327,0.0328,0.0325,0.0319,0.0307,0.0297,0.0292,0.0282,0.0276,0.0272,0.0263,0.0253,0.0228,0.0206,0.02,0.021,0.0218,0.0221,0.0219,0.0211,0.0196,0.0183,0.0166,0.0163,0.0163,0.0159,0.0152,0.0146,0.014
0.432,0.425,0.415,0.408,0.4004,0.3955,0.3873,0.378,0.3645,0.3533,0.3443,0.3353,0.3254,0.3178,0.3096,0.3008,0.2967,0.2892,0.2795,0.2701,0.2605,0.2469,0.2372,0.2264,0.2149,0.2034,0.1893,0.1791,0.1669,0.1542,0.1451,0.1344,0.127,0.12,0.1132,0.1065,0.0999,0.0936,0.0871,0.0813,0.0772,0.0749,0.073,0.0714,0.0693,0.0673,0.0657,0.0656,0.0654,0.0641,0.0632,0.0619,0.0603,0.0583,0.056,0.0553,0.0535,0.053,0.0523,0.0506,0.0495,0.0475,0.0453,0.0419,0.0387,0.0366,0.0347,0.0332,0.0319,0.0297,0.027,0.0251,0.0229,0.02,0.0158,0.0117,0.009,0.0071,0.0064,0.0048,0.003,0.0022,0.0019,0.0018,0.0018,0.0017,0.002,0.0023,0.0025,0.0026
0.3076,0.3066,0.3054,0.3003,0.2968,0.289,0.2895,0.2869,0.2851,0.2761,0.2704,0.2617,0.2549,0.2486,0.2431,0.2362,0.2258,0.2215,0.2185,0.2116,0.2035,0.1966,0.1877,0.1824,0.1786,0.177,0.1721,0.168,0.1602,0.1527,0.1441,0.1365,0.1296,0.1234,0.1183,0.1143,0.1103,0.1075,0.1056,0.1036,0.101,0.0973,0.0937,0.0909,0.088,0.0843,0.08,0.0758,0.0717,0.0673,0.0636,0.0612,0.0594,0.0578,0.0555,0.053,0.0503,0.0474,0.0445,0.0424,0.0406,0.0387,0.0361,0.0324,0.0291,0.0263,0.0241,0.0231,0.0226,0.0219,0.0212,0.0205,0.0199,0.019,0.018,0.0171,0.0166,0.0162,0.0157,0.0153,0.0149,0.0144,0.0137,0.0131,0.0125,0.0116,0.0111,0.0108,0.0106,0.0106
0.158,0.1557,0.1503,0.1437,0.139,0.1336,0.1271,0.1232,0.1183,0.1129,0.1054,0.1007,0.0973,0.0945,0.0923,0.0894,0.0873,0.085,0.0833,0.083,0.0813,0.0773,0.0736,0.071,0.0692,0.0673,0.063,0.0569,0.0505,0.044,0.0386,0.0344,0.0311,0.0283,0.0266,0.0255,0.0247,0.0236,0.0227,0.0218,0.0211,0.0195,0.0183,0.0175,0.0165,0.0154,0.0142,0.013,0.0109,0.0094,0.0084,0.0076,0.007,0.0063,0.0055,0.0045,0.0035,0.0027,0.0017,0.0013,0.0011,0.0009,0.0008,0.0006,0.0006,0.0005,0.0005,0.0005,0.0005,0.0005,0.0005,0.0005,0.0004,0.0004,0.0004,0.0003,0.0003,0.0003,0.0002,0.0002,0.0001,0.0001,0.0001,0.0,0.0,0.0,0.0,0.0,0.0,0.0
0.0686,0.0664,0.0624,0.0579,0.0565,0.0543,0.0505,0.0497,0.0455,0.0426,0.0408,0.0389,0.0345,0.0314,0.0274,0.0242,0.0209,0.0165,0.0134,0.0109,0.0093,0.0074,0.0058,0.0048,0.0042,0.0035,0.0025,0.0017,0.0011,0.0008,0.0007,0.0006,0.0006,0.0005,0.0005,0.0004,0.0004,0.0003,0.0003,0.0002,0.0002,0.0001,0.0001,0.0001,0.0001,0.0,0.0,0.0,0.0,0.0,0.0,0.0,0.0,0.0,0.0,0.0,0.0,0.0,0.0,0.0,0.0,0.0,0.0,0.0,0.0,0.0,0.0,0.0,0.0,0.0,0.0,0.0,0.0,0.0,0.0,0.0,0.0,0.0,0.0,0.0,0.0,0.0,0.0,0.0,0.0,0.0,0.0,0.0,0.0,0.0
0.1317,0.1308,0.1272,0.1183,0.1142,0.1123,0.1071,0.1074,0.1045,0.0987,0.0927,0.0903,0.0827,0.0753,0.0726,0.0693,0.0623,0.0601,0.057,0.049,0.0436,0.0417,0.0378,0.0384,0.0394,0.0392,0.0378,0.037,0.0362,0.0342,0.0322,0.0329,0.0334,0.0332,0.0327,0.0313,0.0285,0.0269,0.0267,0.0255,0.0237,0.0226,0.0214,0.0188,0.0169,0.0156,0.0132,0.0113,0.0097,0.0081,0.0065,0.0062,0.0042,0.0025,0.0015,0.0008,0.0006,0.0004,0.0001,0.0,0.0,0.0,0.0,0.0,0.0,0.0,0.0,0.0,0.0,0.0,0.0,0.0,0.0,0.0,0.0,0.0,0.0,0.0,0.0,0.0,0.0,0.0,0.0,0.0,0.0,0.0,0.0,0.0,0.0,0.0
0.1796,0.1777,0.1777,0.1767,0.1715,0.1669,0.1646,0.1575,0.153,0.1505,0.1462,0.1425,0.1384,0.1333,0.127,0.1227,0.1178,0.1103,0.1024,0.1003,0.096,0.0905,0.0863,0.0802,0.0746,0.0699,0.0656,0.0615,0.0581,0.0553,0.0512,0.0454,0.0399,0.0348,0.0312,0.0271,0.0241,0.0217,0.0185,0.0159,0.0137,0.0117,0.0096,0.0082,0.007,0.0053,0.004,0.0035,0.0031,0.0028,0.0026,0.0024,0.002,0.0017,0.0015,0.0012,0.001,0.0008,0.0008,0.0007,0.0005,0.0002,0.0,0.0,0.0,0.0,0.0,0.0,0.0,0.0,0.0,0.0,0.0,0.0,0.0,0.0,0.0,0.0,0.0,0.0,0.0,0.0,0.0,0.0,0.0,0.0,0.0,0.0,0.0,0.0
0.0774,0.0756,0.0732,0.0718,0.0692,0.0666,0.0648,0.0629,0.0606,0.058,0.0551,0.0537,0.0528,0.049,0.0462,0.0432,0.0414,0.0381,0.0365,0.0343,0.0322,0.0302,0.029,0.027,0.0248,0.0219,0.0194,0.017,0.0156,0.0144,0.0134,0.0125,0.0115,0.0096,0.0072,0.0053,0.0047,0.0039,0.003,0.0027,0.002,0.0015,0.0012,0.0009,0.0006,0.0004,0.0001,0.0001,0.0,0.0,0.0,0.0,0.0,0.0,0.0,0.0,0.0,0.0,0.0,0.0,0.0,0.0,0.0,0.0,0.0,0.0,0.0,0.0,0.0,0.0,0.0,0.0,0.0,0.0,0.0,0.0,0.0,0.0,0.0,0.0,0.0,0.0,0.0,0.0,0.0,0.0,0.0,0.0,0.0,0.0
0.072,0.0707,0.0695,0.0685,0.0666,0.0625,0.0627,0.063,0.0613,0.0589,0.0556,0.0521,0.0516,0.0456,0.0405,0.0394,0.0375,0.034,0.0306,0.0266,0.0234,0.0199,0.0177,0.0165,0.0158,0.014,0.0127,0.0121,0.0116,0.0108,0.0108,0.0102,0.0093,0.0088,0.0082,0.0073,0.0066,0.0056,0.0047,0.0039,0.0029,0.0019,0.0013,0.0009,0.0004,0.0002,0.0001,0.0,0.0,0.0,0.0,0.0,0.0,0.0,0.0,0.0,0.0,0.0,0.0,0.0,0.0,0.0,0.0,0.0,0.0,0.0,0.0,0.0,0.0,0.0,0.0,0.0,0.0,0.0,0.0,0.0,0.0,0.0,0.0,0.0,0.0,0.0,0.0,0.0,0.0,0.0,0.0,0.0,0.0,0.0
0.0845,0.0802,0.0762,0.0726,0.071,0.0686,0.0651,0.0619,0.0578,0.0549,0.0525,0.0494,0.0494,0.0484,0.0439,0.0419,0.0418,0.0397,0.0369,0.0358,0.0343,0.0312,0.0289,0.0272,0.0253,0.0247,0.0235,0.0222,0.0212,0.0197,0.0185,0.0184,0.0181,0.0175,0.0175,0.0162,0.015,0.0144,0.0138,0.0131,0.0129,0.013,0.0126,0.0121,0.0113,0.0099,0.0086,0.0074,0.0066,0.0056,0.0048,0.0042,0.0032,0.0023,0.0015,0.0009,0.0006,0.0004,0.0002,0.0001,0.0,0.0,0.0,0.0,0.0,0.0,0.0,0.0,0.0,0.0,0.0,0.0,0.0,0.0,0.0,0.0,0.0,0.0,0.0,0.0,0.0,0.0,0.0,0.0,0.0,0.0,0.0,0.0,0.0,0.0
0.0764,0.0751,0.0737,0.0729,0.0759,0.0769,0.0754,0.0784,0.0813,0.0811,0.0801,0.077,0.0741,0.0727,0.0685,0.0661,0.0655,0.0652,0.0629,0.0621,0.0615,0.06,0.0579,0.0565,0.054,0.0514,0.0492,0.0477,0.0462,0.0455,0.0417,0.0394,0.0376,0.0343,0.0313,0.0281,0.0253,0.0225,0.02,0.0178,0.0147,0.0125,0.0115,0.0097,0.0081,0.0062,0.0055,0.0052,0.0051,0.0047,0.0045,0.0044,0.0042,0.0043,0.004,0.0037,0.0034,0.0031,0.0028,0.0025,0.0025,0.0019,0.001,0.0003,0.0,0.0,0.0,0.0,0.0,0.0,0.0,0.0,0.0,0.0,0.0,0.0,0.0,0.0,0.0,0.0,0.0,0.0,0.0,0.0,0.0,0.0,0.0,0.0,0.0,0.0
0.0895,0.088,0.0852,0.0839,0.0817,0.0806,0.0811,0.0772,0.0711,0.0688,0.0669,0.0653,0.0627,0.0623,0.06,0.0585,0.0569,0.0552,0.0541,0.0523,0.0509,0.0486,0.0464,0.0451,0.0431,0.0408,0.0383,0.0349,0.0334,0.0325,0.0303,0.0291,0.0269,0.0232,0.0209,0.0191,0.0177,0.0164,0.015,0.0143,0.0137,0.0132,0.0113,0.0096,0.0085,0.007,0.0058,0.0046,0.0035,0.0025,0.0018,0.0012,0.0009,0.0006,0.0003,0.0001,0.0,0.0,0.0,0.0,0.0,0.0,0.0,0.0,0.0,0.0,0.0,0.0,0.0,0.0,0.0,0.0,0.0,0.0,0.0,0.0,0.0,0.0,0.0,0.0,0.0,0.0,0.0,0.0,0.0,0.0,0.0,0.0,0.0,0.0
0.0638,0.0621,0.0619,0.061,0.0572,0.0535,0.051,0.0486,0.0447,0.0424,0.0413,0.04,0.0384,0.0372,0.0366,0.0339,0.0314,0.0289,0.027,0.0248,0.0225,0.0206,0.0189,0.0165,0.0153,0.0143,0.0134,0.012,0.0102,0.0077,0.0063,0.0041,0.0024,0.0014,0.0009,0.0005,0.0002,0.0001,0.0,0.0,0.0,0.0,0.0,0.0,0.0,0.0,0.0,0.0,0.0,0.0,0.0,0.0,0.0,0.0,0.0,0.0,0.0,0.0,0.0,0.0,0.0,0.0,0.0,0.0,0.0,0.0,0.0,0.0,0.0,0.0,0.0,0.0,0.0,0.0,0.0,0.0,0.0,0.0,0.0,0.0,0.0,0.0,0.0,0.0,0.0,0.0,0.0,0.0,0.0,0.0
0.0363,0.0359,0.0351,0.0344,0.0328,0.0302,0.0282,0.0269,0.0258,0.024,0.0226,0.0194,0.0161,0.0154,0.013,0.0127,0.0133,0.0127,0.0114,0.0106,0.0109,0.011,0.0098,0.0082,0.0072,0.0062,0.0056,0.0051,0.004,0.0036,0.0029,0.0019,0.0014,0.0011,0.0009,0.0007,0.0004,0.0001,0.0,0.0,0.0,0.0,0.0,0.0,0.0,0.0,0.0,0.0,0.0,0.0,0.0,0.0,0.0,0.0,0.0,0.0,0.0,0.0,0.0,0.0,0.0,0.0,0.0,0.0,0.0,0.0,0.0,0.0,0.0,0.0,0.0,0.0,0.0,0.0,0.0,0.0,0.0,0.0,0.0,0.0,0.0,0.0,0.0,0.0,0.0,0.0,0.0,0.0,0.0,0.0
0.0833,0.0864,0.0896,0.0926,0.0918,0.0891,0.087,0.0851,0.0816,0.0788,0.0743,0.0719,0.0677,0.0652,0.0624,0.0606,0.0594,0.0611,0.0581,0.0558,0.053,0.0534,0.051,0.045,0.0399,0.0352,0.0335,0.0333,0.0309,0.0286,0.0272,0.0246,0.0216,0.0205,0.0183,0.0151,0.0124,0.0096,0.0074,0.0082,0.006,0.0032,0.0016,0.0008,0.0002,0.0,0.0001,0.0003,0.0003,0.0001,0.0,0.0,0.0,0.0,0.0,0.0,0.0,0.0,0.0,0.0,0.0,0.0,0.0,0.0,0.0,0.0,0.0,0.0,0.0,0.0,0.0,0.0,0.0,0.0,0.0,0.0,0.0,0.0,0.0,0.0,0.0,0.0,0.0,0.0,0.0,0.0,0.0,0.0,0.0,0.0
0.1876,0.1867,0.1794,0.1778,0.1797,0.177,0.1781,0.1743,0.1692,0.167,0.1668,0.1629,0.1613,0.1538,0.1525,0.1488,0.1448,0.1458,0.1437,0.1405,0.1342,0.1287,0.1243,0.1173,0.1091,0.1016,0.097,0.093,0.0918,0.0896,0.0843,0.0788,0.0738,0.0694,0.0659,0.0612,0.055,0.0485,0.0435,0.0396,0.0344,0.0284,0.0228,0.0175,0.0148,0.0126,0.0092,0.0066,0.004,0.0025,0.0015,0.001,0.0008,0.0006,0.0006,0.0005,0.0004,0.0004,0.0003,0.0002,0.0001,0.0001,0.0001,0.0001,0.0001,0.0001,0.0,0.0,0.0,0.0,0.0,0.0,0.0,0.0,0.0,0.0,0.0,0.0,0.0,0.0,0.0,0.0,0.0,0.0,0.0,0.0,0.0,0.0,0.0,0.0
0.2895,0.2864,0.2735,0.2656,0.2658,0.2653,0.2594,0.2557,0.2491,0.2411,0.2325,0.2221,0.2126,0.2039,0.1907,0.1721,0.1561,0.1448,0.1324,0.1219,0.1147,0.1058,0.0984,0.0949,0.0908,0.0862,0.0803,0.0757,0.0718,0.0639,0.0574,0.0524,0.0491,0.0453,0.0404,0.0366,0.034,0.0307,0.0282,0.0253,0.022,0.0187,0.016,0.0133,0.0112,0.0092,0.0077,0.0068,0.0058,0.005,0.0042,0.0034,0.0028,0.0022,0.0021,0.0021,0.0018,0.0015,0.0011,0.0008,0.0007,0.0005,0.0004,0.0003,0.0003,0.0003,0.0003,0.0002,0.0002,0.0002,0.0002,0.0001,0.0001,0.0,0.0,0.0,0.0,0.0,0.0,0.0,0.0,0.0,0.0,0.0,0.0,0.0,0.0,0.0,0.0,0.0
0.3102,0.2968,0.3042,0.2864,0.2782,0.2785,0.2567,0.2432,0.2366,0.2272,0.2147,0.2026,0.1906,0.1762,0.1573,0.1374,0.1169,0.1083,0.0908,0.0716,0.0564,0.0444,0.0369,0.0302,0.024,0.0193,0.0161,0.0134,0.0133,0.0139,0.012,0.0102,0.0088,0.008,0.0062,0.0056,0.004,0.0024,0.0015,0.0007,0.0001,0.0,0.0,0.0,0.0,0.0,0.0,0.0,0.0,0.0,0.0,0.0,0.0,0.0,0.0,0.0,0.0,0.0,0.0,0.0,0.0,0.0,0.0,0.0,0.0,0.0,0.0,0.0,0.0,0.0,0.0,0.0,0.0,0.0,0.0,0.0,0.0,0.0,0.0,0.0,0.0,0.0,0.0,0.0,0.0,0.0,0.0,0.0,0.0,0.0
0.4071,0.3862,0.3984,0.3907,0.3773,0.3744,0.3664,0.3449,0.3263,0.3176,0.3089,0.2962,0.2871,0.2773,0.2752,0.2702,0.2586,0.2432,0.2221,0.2106,0.2021,0.1892,0.1736,0.1619,0.1489,0.1388,0.1283,0.1209,0.1137,0.1072,0.104,0.0994,0.0956,0.0918,0.0832,0.0793,0.0683,0.0615,0.0597,0.0526,0.0497,0.0481,0.047,0.0456,0.0413,0.037,0.0345,0.0343,0.032,0.0292,0.026,0.0215,0.019,0.0159,0.0129,0.0115,0.0104,0.0094,0.0077,0.0058,0.0059,0.0057,0.0047,0.0036,0.0027,0.0023,0.0018,0.0011,0.0009,0.0007,0.0006,0.0004,0.0001,0.0,0.0,0.0,0.0,0.0,0.0,0.0,0.0,0.0,0.0,0.0,0.0,0.0,0.0,0.0,0.0,0.0
0.4368,0.4256,0.4249,0.4224,0.4126,0.4012,0.3936,0.3877,0.3743,0.3672,0.3592,0.3482,0.3388,0.3323,0.3192,0.3107,0.3036,0.295,0.2859,0.2748,0.2694,0.2595,0.2463,0.2363,0.2282,0.2198,0.2109,0.2014,0.195,0.1874,0.1787,0.1693,0.1604,0.154,0.1504,0.1424,0.1373,0.1308,0.1226,0.1137,0.1054,0.0994,0.0912,0.0823,0.075,0.0686,0.063,0.0578,0.0549,0.0503,0.0457,0.0416,0.0372,0.0332,0.0296,0.0266,0.023,0.02,0.0169,0.0136,0.0107,0.0064,0.0039,0.0023,0.0017,0.0012,0.0008,0.0006,0.0004,0.0003,0.0003,0.0002,0.0001,0.0,0.0,0.0,0.0,0.0,0.0,0.0,0.0,0.0,0.0,0.0,0.0,0.0,0.0,0.0,0.0,0.0
0.4041,0.3921,0.388,0.3847,0.3756,0.3639,0.3606,0.3589,0.3545,0.3455,0.3379,0.3334,0.3225,0.3122,0.2942,0.2771,0.2668,0.2592,0.2509,0.2378,0.2302,0.2213,0.2116,0.1999,0.1895,0.1794,0.1697,0.159,0.1502,0.1398,0.1261,0.1176,0.1098,0.103,0.0981,0.094,0.0898,0.0838,0.0716,0.0653,0.0593,0.0543,0.0462,0.0368,0.0288,0.023,0.018,0.0149,0.0125,0.0093,0.0058,0.0042,0.0028,0.0014,0.001,0.0006,0.0002,0.0,0.0,0.0,0.0,0.0,0.0,0.0,0.0,0.0,0.0,0.0,0.0,0.0,0.0,0.0,0.0,0.0,0.0,0.0,0.0,0.0,0.0,0.0,0.0,0.0,0.0,0.0,0.0,0.0,0.0,0.0,0.0,0.0
0.5299,0.5163,0.5045,0.4941,0.4865,0.4831,0.4787,0.4677,0.4604,0.4497,0.4445,0.4371,0.4271,0.415,0.4029,0.3827,0.3663,0.354,0.3444,0.3311,0.3092,0.295,0.2807,0.2659,0.2537,0.2427,0.2346,0.2246,0.2139,0.203,0.1927,0.1803,0.1725,0.1647,0.157,0.1491,0.1434,0.1376,0.1298,0.1239,0.1195,0.1125,0.1055,0.0996,0.0933,0.0861,0.0795,0.0755,0.0715,0.0654,0.0573,0.0511,0.046,0.0371,0.03,0.0242,0.0214,0.0182,0.0132,0.0089,0.0063,0.0034,0.0013,0.0007,0.0002,0.0,0.0,0.0,0.0,0.0,0.0,0.0,0.0,0.0,0.0,0.0,0.0,0.0,0.0,0.0,0.0,0.0,0.0,0.0,0.0,0.0,0.0,0.0,0.0,0.0
0.4319,0.4312,0.4269,0.4181,0.408,0.3953,0.3827,0.3764,0.3675,0.3648,0.3606,0.3569,0.3546,0.3501,0.3478,0.3444,0.3388,0.3328,0.3319,0.3278,0.3216,0.312,0.3018,0.2903,0.2773,0.2637,0.2499,0.2355,0.2225,0.2123,0.2035,0.1896,0.1764,0.1642,0.149,0.1367,0.1269,0.1168,0.1106,0.1038,0.0954,0.0861,0.0802,0.0753,0.0711,0.0668,0.0613,0.057,0.0545,0.0519,0.0502,0.0475,0.0455,0.0417,0.0377,0.0346,0.0308,0.0268,0.0226,0.0163,0.0131,0.0089,0.006,0.0033,0.0019,0.0012,0.0003,0.0001,0.0,0.0,0.0,0.0,0.0,0.0,0.0,0.0,0.0,0.0,0.0,0.0,0.0,0.0,0.0,0.0,0.0,0.0,0.0,0.0,0.0,0.0
0.2103,0.2084,0.2008,0.1959,0.1913,0.1864,0.1801,0.1748,0.1701,0.1635,0.1606,0.1574,0.1509,0.1441,0.1382,0.1346,0.1311,0.1277,0.1251,0.1244,0.1239,0.1221,0.1209,0.1174,0.1147,0.1123,0.1089,0.1055,0.1008,0.0959,0.0925,0.0884,0.0851,0.0804,0.0742,0.0688,0.0647,0.0594,0.0539,0.0486,0.0432,0.0387,0.0339,0.03,0.0263,0.0225,0.0197,0.0161,0.0143,0.012,0.0104,0.008,0.0068,0.007,0.0066,0.0062,0.0056,0.005,0.0048,0.0042,0.0034,0.0029,0.0026,0.0021,0.0014,0.001,0.0006,0.0004,0.0,0.0,0.0,0.0,0.0,0.0,0.0,0.0,0.0,0.0,0.0,0.0,0.0,0.0,0.0,0.0,0.0,0.0,0.0,0.0,0.0,0.0
0.1698,0.1655,0.1599,0.1551,0.1502,0.1464,0.1423,0.138,0.1347,0.1316,0.1285,0.1239,0.1206,0.1158,0.1116,0.1087,0.1041,0.1005,0.0987,0.0961,0.0931,0.0893,0.0879,0.0875,0.0865,0.0853,0.0839,0.0812,0.0785,0.0782,0.0781,0.0766,0.0749,0.0744,0.0733,0.0719,0.0709,0.0702,0.0682,0.0668,0.0645,0.062,0.0606,0.0593,0.0575,0.0555,0.0541,0.0526,0.0497,0.0482,0.0475,0.0463,0.045,0.0443,0.0429,0.0392,0.0374,0.0352,0.034,0.0329,0.0296,0.0274,0.0269,0.0268,0.0264,0.0252,0.0239,0.0227,0.0218,0.0206,0.0197,0.0188,0.0166,0.0154,0.0147,0.0138,0.0129,0.0123,0.0115,0.0101,0.0088,0.0082,0.0071,0.0066,0.0062,0.0056,0.0052,0.0049,0.0046,0.0044
0.1829,0.1793,0.175,0.1714,0.1665,0.1625,0.1592,0.1548,0.1518,0.1464,0.1398,0.1352,0.1294,0.1239,0.1196,0.1154,0.1125,0.108,0.103,0.0996,0.0981,0.096,0.0932,0.0916,0.0882,0.0855,0.081,0.0749,0.0724,0.0704,0.0666,0.0626,0.0607,0.0535,0.0499,0.0463,0.0442,0.0444,0.0445,0.0438,0.0443,0.0431,0.0431,0.0426,0.0424,0.0424,0.0411,0.0387,0.0378,0.0364,0.0337,0.034,0.0331,0.0323,0.0307,0.0302,0.0284,0.027,0.0251,0.0231,0.0216,0.0203,0.0178,0.0149,0.0122,0.0106,0.0088,0.0072,0.0065,0.0058,0.0053,0.0054,0.0045,0.0038,0.003,0.0023,0.0022,0.002,0.0021,0.0025,0.0027,0.0025,0.0026,0.0022,0.0019,0.0017,0.0015,0.0013,0.0013,0.0012
0.0358,0.0324,0.0288,0.0262,0.0271,0.0301,0.0302,0.0316,0.0332,0.0365,0.0342,0.0326,0.0324,0.032,0.0323,0.0335,0.0352,0.0339,0.0315,0.0308,0.0299,0.0282,0.0236,0.0192,0.0173,0.0138,0.0099,0.0078,0.0071,0.0047,0.0033,0.0021,0.0011,0.0004,0.0001,0.0,0.0,0.0,0.0,0.0,0.0,0.0,0.0,0.0,0.0,0.0,0.0,0.0,0.0,0.0,0.0,0.0,0.0,0.0,0.0,0.0,0.0,0.0,0.0,0.0,0.0,0.0,0.0,0.0,0.0,0.0,0.0,0.0,0.0,0.0,0.0,0.0,0.0,0.0,0.0,0.0,0.0,0.0,0.0,0.0,0.0,0.0,0.0,0.0,0.0,0.0,0.0,0.0,0.0,0.0
0.0039,0.0028,0.0024,0.0019,0.0016,0.0015,0.0013,0.0011,0.0009,0.0008,0.0007,0.0006,0.0005,0.0005,0.0004,0.0004,0.0004,0.0004,0.0003,0.0003,0.0003,0.0003,0.0003,0.0003,0.0003,0.0002,0.0002,0.0002,0.0002,0.0002,0.0002,0.0002,0.0002,0.0002,0.0002,0.0002,0.0002,0.0002,0.0001,0.0001,0.0001,0.0001,0.0001,0.0001,0.0001,0.0001,0.0001,0.0001,0.0001,0.0001,0.0001,0.0001,0.0001,0.0,0.0,0.0,0.0,0.0,0.0,0.0,0.0001,0.0001,0.0,0.0,0.0,0.0,0.0,0.0,0.0,0.0,0.0,0.0,0.0,0.0,0.0,0.0,0.0,0.0,0.0,0.0,0.0,0.0,0.0,0.0,0.0,0.0,0.0,0.0,0.0,0.0
0.0371,0.0358,0.0358,0.0356,0.0356,0.0359,0.0365,0.0374,0.0383,0.0386,0.0388,0.0386,0.0381,0.0373,0.036,0.0347,0.0335,0.0327,0.0318,0.03,0.0284,0.0284,0.0288,0.0295,0.0287,0.0264,0.024,0.0216,0.0194,0.0161,0.0154,0.0168,0.0178,0.0191,0.0223,0.0253,0.026,0.0258,0.0254,0.0256,0.0258,0.0259,0.0258,0.0253,0.0245,0.0238,0.0236,0.0237,0.0234,0.0227,0.0236,0.0239,0.0225,0.0204,0.0183,0.0164,0.0184,0.0215,0.0223,0.0219,0.0213,0.0213,0.0215,0.0218,0.0226,0.0236,0.0238,0.0252,0.0266,0.0265,0.0267,0.0269,0.0271,0.0276,0.0281,0.0288,0.0289,0.0284,0.0274,0.0263,0.0253,0.0254,0.0255,0.0263,0.0268,0.0267,0.0266,0.0272,0.0277,0.0283
0.4415,0.4375,0.443,0.4483,0.4522,0.4565,0.4585,0.4621,0.4661,0.4714,0.473,0.4676,0.4598,0.4504,0.4438,0.4389,0.4386,0.4442,0.4452,0.4422,0.4338,0.4264,0.4239,0.4264,0.4315,0.4289,0.4175,0.4055,0.3972,0.3895,0.3802,0.3741,0.3596,0.3465,0.3454,0.345,0.3447,0.3457,0.3462,0.3457,0.3471,0.3494,0.3527,0.3494,0.3415,0.3379,0.3342,0.327,0.3189,0.3134,0.3113,0.3128,0.3088,0.3011,0.2958,0.2876,0.2773,0.272,0.2715,0.2734,0.2754,0.2734,0.2701,0.2667,0.2638,0.2627,0.26,0.2549,0.2497,0.2456,0.2425,0.2381,0.2358,0.2351,0.235,0.2339,0.2314,0.2301,0.2319,0.2329,0.2337,0.239,0.2442,0.2477,0.2478,0.2488,0.2492,0.2484,0.2504,0.253
0.4927,0.4839,0.4754,0.4739,0.4685,0.467,0.4662,0.4624,0.4579,0.4561,0.4553,0.4584,0.4621,0.4613,0.4567,0.4541,0.4451,0.425,0.4115,0.408,0.4095,0.4078,0.4051,0.401,0.3943,0.3932,0.3945,0.3972,0.3988,0.3981,0.3969,0.3922,0.3928,0.3847,0.3719,0.3636,0.3565,0.3497,0.3449,0.3415,0.3361,0.3286,0.3198,0.3158,0.3133,0.3076,0.3026,0.3006,0.2986,0.294,0.2871,0.2782,0.2764,0.2743,0.2678,0.2643,0.2585,0.2507,0.241,0.2337,0.2215,0.2083,0.1942,0.182,0.1703,0.1587,0.1475,0.1401,0.132,0.1199,0.104,0.0909,0.081,0.0735,0.0685,0.0661,0.0608,0.0529,0.0484,0.0476,0.0473,0.0494,0.052,0.0541,0.0516,0.0511,0.0508,0.048,0.0463,0.0489
0.4965,0.4802,0.4666,0.4564,0.4507,0.4461,0.4437,0.4368,0.4251,0.4204,0.4166,0.4194,0.4165,0.4136,0.4048,0.3893,0.3766,0.3597,0.3382,0.3174,0.3052,0.2946,0.2779,0.2585,0.2443,0.2355,0.231,0.2202,0.2087,0.1995,0.1899,0.178,0.1677,0.1565,0.1475,0.1364,0.1288,0.1204,0.1098,0.1009,0.0915,0.0804,0.0705,0.0627,0.0588,0.0525,0.0463,0.0448,0.0422,0.0385,0.0339,0.0289,0.0276,0.0292,0.0272,0.0268,0.0258,0.0224,0.0186,0.0135,0.0086,0.005,0.0026,0.0013,0.0006,0.0002,0.0001,0.0,0.0,0.0,0.0,0.0,0.0,0.0,0.0001,0.0001,0.0001,0.0001,0.0001,0.0001,0.0,0.0,0.0,0.0,0.0,0.0,0.0,0.0,0.0,0.0
0.5319,0.5246,0.5165,0.5017,0.4937,0.4856,0.4795,0.4737,0.4646,0.4577,0.4544,0.4471,0.4403,0.4385,0.4373,0.4294,0.4212,0.4148,0.4036,0.3913,0.3801,0.3739,0.3657,0.3507,0.3374,0.3241,0.3156,0.3072,0.2909,0.2749,0.2604,0.2466,0.2327,0.2089,0.194,0.1753,0.1608,0.1483,0.1299,0.1121,0.0907,0.0689,0.0511,0.0367,0.0242,0.0151,0.0089,0.0055,0.0034,0.0021,0.0012,0.0005,0.0001,0.0,0.0,0.0,0.0,0.0,0.0,0.0,0.0,0.0,0.0,0.0,0.0,0.0,0.0,0.0,0.0,0.0,0.0,0.0,0.0,0.0,0.0,0.0,0.0,0.0,0.0,0.0,0.0,0.0,0.0,0.0,0.0,0.0,0.0,0.0,0.0,0.0
0.4892,0.4798,0.474,0.4645,0.4507,0.4419,0.4297,0.4211,0.4114,0.3998,0.3882,0.378,0.3666,0.3578,0.3555,0.3493,0.3391,0.3316,0.3205,0.3062,0.2907,0.2781,0.2694,0.2593,0.2453,0.2308,0.2164,0.2046,0.1923,0.1773,0.1648,0.1529,0.1413,0.1325,0.1236,0.1112,0.1032,0.0937,0.0853,0.0768,0.0654,0.0519,0.0404,0.0288,0.0193,0.0136,0.0097,0.0074,0.0056,0.0039,0.0027,0.0018,0.0008,0.0001,0.0,0.0,0.0,0.0,0.0,0.0,0.0,0.0,0.0,0.0,0.0,0.0,0.0,0.0,0.0,0.0,0.0,0.0,0.0,0.0,0.0,0.0,0.0,0.0,0.0,0.0,0.0,0.0,0.0,0.0,0.0,0.0,0.0,0.0,0.0,0.0
0.424,0.4168,0.41,0.4022,0.3877,0.3727,0.3575,0.3419,0.3306,0.3153,0.2947,0.2821,0.2633,0.2432,0.2283,0.2221,0.212,0.2025,0.1966,0.1843,0.1692,0.1579,0.1471,0.1434,0.1337,0.1217,0.1105,0.0983,0.0874,0.0764,0.0671,0.0586,0.0488,0.0416,0.036,0.0296,0.0225,0.0163,0.0133,0.0097,0.0063,0.0044,0.0021,0.0008,0.0,0.0,0.0,0.0,0.0,0.0001,0.0001,0.0001,0.0002,0.0001,0.0003,0.0004,0.0004,0.0003,0.0002,0.0002,0.0001,0.0001,0.0,0.0,0.0,0.0,0.0001,0.0001,0.0002,0.0003,0.0001,0.0001,0.0,0.0,0.0,0.0,0.0,0.0,0.0,0.0,0.0,0.0001,0.0008,0.0016,0.0023,0.003,0.0036,0.0041,0.0043,0.0046
