0.3392,0.3278,0.3149,0.3041,0.2932,0.2802,0.2648,0.2481,0.2369,0.2236,0.2048,0.1905,0.1764,0.1653,0.153,0.1421,0.1291,0.1146,0.1021,0.0918,0.0862,0.0792,0.0716,0.0634,0.0578,0.0532,0.0504,0.0452,0.0414,0.0356,0.0312,0.0276,0.0249,0.0224,0.0214,0.02,0.0194,0.0179,0.0172,0.0168,0.0163,0.0155,0.0147,0.0149,0.0146,0.014,0.0134,0.0132,0.0131,0.0128,0.0143,0.0156,0.016,0.0157,0.0156,0.0164,0.0179,0.0188,0.0186,0.0179,0.0176,0.0184,0.019,0.0192,0.0191,0.0179,0.0165,0.0165,0.0163,0.0158,0.0155,0.0149,0.0139,0.0131,0.0125,0.0126,0.013,0.0131,0.0131,0.0135,0.0139,0.015,0.0162,0.0168,0.0166,0.016,0.0157,0.015,0.014,0.0135
0.3772,0.3684,0.3596,0.3499,0.3445,0.3292,0.3137,0.2971,0.2892,0.2802,0.2709,0.2595,0.2493,0.2374,0.2297,0.2198,0.2105,0.2011,0.1903,0.1796,0.1664,0.1569,0.1414,0.1277,0.1168,0.106,0.1025,0.0987,0.0953,0.0917,0.0864,0.082,0.0777,0.0749,0.0737,0.0734,0.0726,0.0717,0.072,0.0709,0.0686,0.067,0.067,0.0668,0.0663,0.0653,0.0643,0.0623,0.0613,0.0604,0.0582,0.0564,0.0545,0.0532,0.0514,0.0486,0.0457,0.0431,0.0418,0.0406,0.0375,0.036,0.0355,0.0351,0.0343,0.0337,0.0336,0.0331,0.0325,0.0325,0.0325,0.0329,0.0337,0.0337,0.0333,0.0334,0.0327,0.0321,0.0313,0.0309,0.0297,0.0294,0.0284,0.0274,0.0256,0.0233,0.0206,0.0187,0.0172,0.0157
0.4315,0.4248,0.4155,0.4084,0.3999,0.3906,0.3785,0.3712,0.3604,0.3505,0.3461,0.3402,0.3322,0.3266,0.3221,0.3178,0.3095,0.3003,0.2912,0.2818,0.2705,0.2617,0.2513,0.2365,0.224,0.2106,0.1982,0.1902,0.1785,0.1694,0.16,0.1533,0.144,0.1358,0.1284,0.1218,0.1153,0.1094,0.1043,0.0992,0.094,0.0899,0.0866,0.0821,0.0772,0.0732,0.0708,0.0684,0.0659,0.063,0.0614,0.0599,0.0584,0.0568,0.0547,0.0527,0.0514,0.0508,0.0498,0.0488,0.0468,0.0449,0.0432,0.0413,0.0393,0.038,0.0373,0.0358,0.0335,0.0314,0.0296,0.0279,0.0256,0.0235,0.0218,0.0196,0.0176,0.0159,0.0137,0.0111,0.0096,0.0078,0.006,0.0045,0.003,0.0017,0.0009,0.0006,0.0005,0.0006
0.3074,0.3071,0.305,0.2998,0.2941,0.2914,0.2869,0.2816,0.2741,0.2631,0.256,0.2505,0.2421,0.2336,0.2262,0.2153,0.2071,0.1986,0.1911,0.1832,0.1758,0.1702,0.1651,0.1605,0.1555,0.1523,0.1484,0.1437,0.1378,0.1337,0.1293,0.125,0.1207,0.1176,0.1142,0.1095,0.105,0.0987,0.0923,0.0878,0.0856,0.0834,0.0793,0.076,0.0731,0.0699,0.0669,0.0638,0.0613,0.0578,0.0526,0.0482,0.0449,0.0425,0.0412,0.0397,0.0372,0.0348,0.0323,0.0307,0.029,0.0272,0.0254,0.0236,0.0227,0.0222,0.0217,0.0212,0.0208,0.0203,0.0196,0.0191,0.0189,0.0183,0.0179,0.0175,0.0171,0.0169,0.0166,0.0164,0.0163,0.016,0.0155,0.0148,0.014,0.0134,0.0129,0.0126,0.0121,0.0112
0.1581,0.1554,0.1503,0.1438,0.1371,0.1303,0.1269,0.1228,0.1173,0.1085,0.0989,0.0924,0.0893,0.0858,0.0793,0.0712,0.0668,0.0632,0.0613,0.0599,0.0584,0.0571,0.0551,0.0525,0.0505,0.047,0.0435,0.039,0.0355,0.031,0.0268,0.0244,0.0225,0.0208,0.0195,0.0183,0.0158,0.0119,0.01,0.0085,0.0067,0.0047,0.0033,0.0025,0.002,0.0017,0.0014,0.0013,0.0011,0.001,0.0009,0.0009,0.0008,0.0008,0.0008,0.0007,0.0007,0.0007,0.0006,0.0006,0.0006,0.0005,0.0005,0.0005,0.0005,0.0005,0.0005,0.0005,0.0005,0.0005,0.0005,0.0005,0.0005,0.0005,0.0005,0.0005,0.0004,0.0004,0.0004,0.0004,0.0004,0.0004,0.0003,0.0002,0.0002,0.0002,0.0001,0.0001,0.0,0.0
0.0685,0.0662,0.0619,0.0574,0.0551,0.0519,0.0487,0.049,0.0459,0.0436,0.0406,0.0395,0.039,0.0357,0.0312,0.0276,0.0249,0.0214,0.0186,0.0168,0.0148,0.0131,0.0128,0.0112,0.0097,0.0079,0.0065,0.0049,0.0041,0.0037,0.0032,0.0035,0.0032,0.0028,0.0025,0.0021,0.0017,0.0018,0.0022,0.0032,0.0038,0.0035,0.0035,0.0032,0.0026,0.002,0.0018,0.0018,0.0017,0.0015,0.0009,0.0006,0.0005,0.0004,0.0002,0.0002,0.0001,0.0002,0.0003,0.0004,0.0004,0.0004,0.0003,0.0003,0.0002,0.0001,0.0,0.0,0.0,0.0,0.0,0.0,0.0,0.0,0.0,0.0,0.0,0.0,0.0,0.0,0.0,0.0,0.0,0.0,0.0,0.0,0.0,0.0,0.0,0.0
0.1318,0.1309,0.1255,0.1178,0.1128,0.1097,0.1027,0.1019,0.1,0.0952,0.0911,0.0903,0.095,0.0919,0.0855,0.0826,0.0818,0.0785,0.0738,0.073,0.0702,0.0673,0.071,0.07,0.0673,0.0649,0.0629,0.061,0.057,0.0566,0.0548,0.0544,0.0512,0.0488,0.0466,0.0446,0.0416,0.0389,0.0364,0.0342,0.0313,0.0279,0.0251,0.0231,0.0214,0.0192,0.0174,0.0148,0.0127,0.0109,0.0096,0.0086,0.0077,0.0067,0.006,0.0054,0.0047,0.004,0.0032,0.0025,0.0018,0.001,0.0006,0.0004,0.0001,0.0,0.0,0.0,0.0,0.0,0.0,0.0,0.0,0.0,0.0,0.0,0.0,0.0,0.0,0.0,0.0,0.0,0.0,0.0,0.0,0.0,0.0,0.0,0.0,0.0
0.179,0.1772,0.1775,0.1751,0.1703,0.1663,0.1637,0.1576,0.1517,0.1468,0.1414,0.1328,0.1209,0.1113,0.1055,0.0993,0.0928,0.0883,0.0817,0.0748,0.0705,0.0666,0.0616,0.0558,0.0517,0.0481,0.044,0.0408,0.0392,0.0359,0.0323,0.0291,0.0248,0.0204,0.0168,0.0141,0.0115,0.0095,0.0067,0.0045,0.0031,0.0016,0.0008,0.0003,0.0001,0.0,0.0,0.0,0.0,0.0,0.0,0.0,0.0,0.0,0.0,0.0,0.0,0.0,0.0,0.0,0.0,0.0,0.0,0.0,0.0,0.0,0.0,0.0,0.0,0.0,0.0,0.0,0.0,0.0,0.0,0.0,0.0,0.0,0.0,0.0,0.0,0.0,0.0,0.0,0.0,0.0,0.0,0.0,0.0,0.0
0.0774,0.0755,0.0737,0.0727,0.0698,0.0668,0.0648,0.0617,0.0593,0.0573,0.0548,0.052,0.0486,0.0446,0.0413,0.0385,0.0359,0.0338,0.0317,0.0294,0.0269,0.0251,0.0223,0.0184,0.0149,0.0124,0.0103,0.0087,0.0077,0.0064,0.0053,0.0046,0.0037,0.003,0.0023,0.0018,0.0013,0.0008,0.0002,0.0001,0.0,0.0,0.0,0.0,0.0,0.0,0.0,0.0,0.0,0.0,0.0,0.0,0.0,0.0,0.0,0.0,0.0,0.0,0.0,0.0,0.0,0.0,0.0,0.0,0.0,0.0,0.0,0.0,0.0,0.0,0.0,0.0,0.0,0.0,0.0,0.0,0.0,0.0,0.0,0.0,0.0,0.0,0.0,0.0,0.0,0.0,0.0,0.0,0.0,0.0
0.0721,0.0704,0.0678,0.067,0.0647,0.0604,0.0587,0.0573,0.0559,0.0542,0.0508,0.0478,0.0461,0.0443,0.0409,0.0352,0.0298,0.0299,0.0285,0.0249,0.0225,0.0209,0.0206,0.0224,0.0232,0.0226,0.0222,0.0218,0.0212,0.0185,0.0186,0.0198,0.0228,0.0217,0.0201,0.0186,0.0172,0.0146,0.0118,0.0096,0.008,0.007,0.0063,0.0049,0.0039,0.0031,0.0023,0.0016,0.0009,0.0005,0.0002,0.0,0.0,0.0,0.0,0.0,0.0,0.0,0.0,0.0,0.0,0.0,0.0,0.0,0.0,0.0,0.0,0.0,0.0,0.0,0.0,0.0,0.0,0.0,0.0,0.0,0.0,0.0,0.0,0.0,0.0,0.0,0.0,0.0,0.0,0.0,0.0,0.0,0.0,0.0
0.0844,0.0807,0.0777,0.074,0.073,0.0714,0.0686,0.066,0.0635,0.0607,0.0589,0.0565,0.0546,0.0555,0.0534,0.0512,0.0483,0.0456,0.0434,0.0414,0.0391,0.0365,0.0347,0.0333,0.0297,0.0264,0.0229,0.0203,0.0175,0.0156,0.0136,0.0118,0.0118,0.0113,0.01,0.0094,0.0089,0.0082,0.0079,0.0072,0.0068,0.0067,0.008,0.0093,0.0101,0.0103,0.0106,0.01,0.011,0.0117,0.0113,0.0113,0.0108,0.0104,0.0102,0.0101,0.0102,0.0103,0.0103,0.0099,0.0094,0.0088,0.0092,0.0092,0.0086,0.0087,0.0086,0.0082,0.0078,0.0077,0.0077,0.0067,0.006,0.0055,0.0052,0.0048,0.0046,0.004,0.0036,0.0029,0.0024,0.0028,0.0025,0.002,0.0014,0.0012,0.0007,0.0003,0.0001,0.0001
0.0766,0.0758,0.0737,0.0728,0.0756,0.0764,0.0749,0.0752,0.077,0.0783,0.0788,0.0778,0.075,0.0744,0.073,0.0672,0.0627,0.0628,0.0659,0.0651,0.0644,0.0637,0.0626,0.0619,0.0627,0.0617,0.0615,0.0611,0.0602,0.0595,0.0589,0.0587,0.0575,0.0572,0.0572,0.0564,0.056,0.0554,0.054,0.053,0.0509,0.0484,0.0457,0.0442,0.0426,0.0411,0.0389,0.037,0.0351,0.0333,0.032,0.0307,0.0293,0.0282,0.0271,0.0259,0.0241,0.0224,0.021,0.0199,0.0188,0.0172,0.0162,0.0151,0.0142,0.013,0.0121,0.0111,0.0098,0.0086,0.0067,0.0053,0.0041,0.0033,0.0022,0.0013,0.0008,0.0005,0.0006,0.0003,0.0001,0.0,0.0,0.0,0.0,0.0,0.0,0.0,0.0,0.0
0.0895,0.0882,0.0857,0.0843,0.0821,0.0823,0.082,0.0801,0.0801,0.0797,0.0791,0.0781,0.077,0.0736,0.0749,0.0731,0.0705,0.0688,0.0679,0.0673,0.0657,0.0643,0.0636,0.0617,0.0591,0.0578,0.056,0.0551,0.0542,0.053,0.0512,0.0496,0.048,0.0449,0.0427,0.041,0.0393,0.0379,0.0365,0.035,0.0333,0.0316,0.0296,0.0285,0.0261,0.0247,0.0229,0.0204,0.0184,0.0152,0.0128,0.0107,0.0091,0.0075,0.0061,0.0049,0.0035,0.0025,0.0015,0.0009,0.0004,0.0002,0.0001,0.0001,0.0,0.0,0.0,0.0,0.0,0.0,0.0,0.0,0.0,0.0,0.0,0.0,0.0,0.0,0.0,0.0,0.0,0.0,0.0,0.0,0.0,0.0,0.0,0.0,0.0,0.0
0.0637,0.0618,0.0619,0.0606,0.0573,0.0534,0.051,0.0495,0.0459,0.041,0.0382,0.0368,0.036,0.0355,0.0341,0.0345,0.0339,0.032,0.0281,0.0263,0.0244,0.0224,0.0206,0.0192,0.0171,0.0153,0.013,0.0106,0.0087,0.0076,0.0072,0.0068,0.0061,0.0054,0.0052,0.0049,0.0041,0.0034,0.0028,0.0022,0.0017,0.0013,0.0008,0.0005,0.0002,0.0,0.0,0.0,0.0,0.0,0.0,0.0,0.0,0.0,0.0,0.0,0.0,0.0,0.0,0.0,0.0,0.0,0.0,0.0,0.0,0.0,0.0,0.0,0.0,0.0,0.0,0.0,0.0,0.0,0.0,0.0,0.0,0.0,0.0,0.0,0.0,0.0,0.0,0.0,0.0,0.0,0.0,0.0,0.0,0.0
0.0362,0.0356,0.034,0.0328,0.0312,0.0301,0.0296,0.0286,0.0273,0.0276,0.0285,0.0286,0.0271,0.0251,0.0251,0.0223,0.0219,0.0215,0.0215,0.0208,0.02,0.0197,0.0195,0.0176,0.0166,0.0166,0.0169,0.0167,0.0154,0.0144,0.0136,0.012,0.0103,0.0087,0.0078,0.0073,0.0065,0.0067,0.0063,0.0061,0.0056,0.0049,0.0044,0.0035,0.0025,0.0016,0.0009,0.0006,0.0005,0.0003,0.0004,0.0005,0.0012,0.0017,0.0016,0.0014,0.0009,0.0004,0.0002,0.0001,0.0,0.0,0.0,0.0,0.0,0.0,0.0,0.0,0.0,0.0,0.0,0.0,0.0,0.0,0.0,0.0,0.0,0.0,0.0,0.0,0.0,0.0,0.0,0.0,0.0,0.0,0.0,0.0,0.0,0.0
0.0831,0.085,0.0882,0.0916,0.0924,0.0915,0.0891,0.0883,0.0847,0.0824,0.0795,0.0774,0.0748,0.0729,0.0726,0.0703,0.0695,0.0699,0.0696,0.0691,0.0676,0.0657,0.0662,0.0649,0.0632,0.0614,0.0593,0.057,0.0535,0.0517,0.0488,0.0453,0.0421,0.0394,0.0356,0.0323,0.0301,0.0306,0.0294,0.0266,0.0246,0.0213,0.019,0.0171,0.0153,0.0134,0.0115,0.0096,0.008,0.007,0.006,0.0041,0.0025,0.0014,0.0007,0.0004,0.0001,0.0,0.0,0.0,0.0,0.0,0.0,0.0,0.0,0.0,0.0,0.0,0.0,0.0,0.0,0.0,0.0,0.0,0.0,0.0,0.0,0.0,0.0,0.0,0.0,0.0,0.0,0.0,0.0,0.0,0.0,0.0,0.0,0.0
0.1868,0.1861,0.1797,0.1839,0.1883,0.1901,0.1903,0.1878,0.1855,0.1842,0.1778,0.1725,0.1698,0.1683,0.1648,0.165,0.1644,0.1617,0.1572,0.1555,0.1545,0.1509,0.1461,0.1436,0.1386,0.1341,0.1295,0.1242,0.1179,0.1117,0.1085,0.1037,0.0981,0.0937,0.0875,0.0767,0.068,0.0626,0.0583,0.0523,0.0476,0.0422,0.0368,0.0327,0.0282,0.0242,0.0206,0.0173,0.0155,0.0139,0.0123,0.0107,0.0089,0.008,0.0072,0.0061,0.0051,0.0045,0.0042,0.0038,0.0033,0.0029,0.0025,0.0022,0.0018,0.0015,0.0011,0.0007,0.0004,0.0007,0.0004,0.0002,0.0001,0.0,0.0,0.0,0.0,0.0,0.0,0.0,0.0,0.0,0.0,0.0,0.0,0.0,0.0,0.0,0.0,0.0
0.2892,0.2852,0.2707,0.2609,0.2576,0.2552,0.2507,0.2435,0.2361,0.2261,0.2184,0.2104,0.2031,0.194,0.1821,0.1692,0.1543,0.1393,0.1265,0.1153,0.105,0.0968,0.0891,0.0843,0.0807,0.0737,0.0668,0.0626,0.0605,0.053,0.0457,0.0421,0.0396,0.0362,0.034,0.0325,0.0296,0.0252,0.0199,0.0164,0.0127,0.011,0.0093,0.0079,0.0067,0.0052,0.0038,0.003,0.0023,0.002,0.0016,0.0011,0.0007,0.0006,0.0004,0.0003,0.0003,0.0002,0.0001,0.0001,0.0001,0.0,0.0,0.0,0.0,0.0,0.0,0.0,0.0,0.0,0.0,0.0,0.0,0.0,0.0,0.0,0.0,0.0,0.0,0.0,0.0,0.0,0.0,0.0,0.0,0.0,0.0,0.0,0.0,0.0
0.3098,0.2975,0.3007,0.2775,0.276,0.2624,0.246,0.2351,0.2247,0.2121,0.1986,0.1833,0.1703,0.1535,0.1347,0.1202,0.1061,0.093,0.0819,0.0746,0.0719,0.0693,0.064,0.0626,0.0633,0.0623,0.0599,0.057,0.053,0.054,0.0607,0.0649,0.0642,0.0631,0.0593,0.0536,0.0474,0.0433,0.0413,0.039,0.0364,0.0308,0.0258,0.0266,0.0244,0.0235,0.0246,0.0235,0.0217,0.0187,0.0162,0.015,0.0141,0.0131,0.0138,0.0135,0.0146,0.0146,0.0134,0.0134,0.0139,0.0135,0.0119,0.0107,0.0086,0.0074,0.0059,0.0049,0.0034,0.0029,0.002,0.0014,0.0009,0.0006,0.0002,0.0,0.0,0.0,0.0,0.0,0.0,0.0,0.0,0.0,0.0,0.0,0.0,0.0,0.0,0.0
0.4066,0.3873,0.3984,0.3894,0.3832,0.3774,0.3547,0.3414,0.3305,0.3258,0.3182,0.3077,0.2934,0.2873,0.2762,0.2706,0.2688,0.262,0.2553,0.2503,0.2483,0.2451,0.2388,0.2354,0.2342,0.2274,0.2172,0.2089,0.202,0.1946,0.1912,0.1864,0.1823,0.1779,0.1729,0.1659,0.1581,0.153,0.1447,0.1373,0.1294,0.1227,0.1121,0.104,0.1003,0.0951,0.0872,0.0787,0.0719,0.0665,0.0605,0.0551,0.0508,0.047,0.0432,0.04,0.0371,0.0347,0.0327,0.0305,0.0287,0.0261,0.024,0.022,0.0207,0.0188,0.0175,0.0154,0.012,0.01,0.0083,0.0064,0.0042,0.0028,0.0014,0.0006,0.0003,0.0001,0.0,0.0,0.0,0.0,0.0,0.0,0.0,0.0,0.0,0.0,0.0,0.0
0.4371,0.4254,0.424,0.4216,0.4145,0.4019,0.3896,0.38,0.3712,0.3589,0.3496,0.3404,0.3279,0.315,0.306,0.2957,0.2894,0.279,0.2649,0.2504,0.2411,0.2364,0.2289,0.217,0.203,0.1934,0.1845,0.1735,0.1645,0.1567,0.1427,0.1283,0.1173,0.1088,0.1017,0.0986,0.0952,0.0889,0.0865,0.0834,0.0798,0.0761,0.0718,0.0659,0.0562,0.0437,0.0311,0.0226,0.0192,0.0175,0.0155,0.0138,0.012,0.0105,0.0088,0.0076,0.0055,0.0045,0.0038,0.0031,0.0024,0.0017,0.0014,0.0008,0.0007,0.0005,0.0006,0.0005,0.0004,0.0001,0.0001,0.0,0.0,0.0,0.0,0.0,0.0,0.0,0.0,0.0,0.0,0.0,0.0,0.0,0.0,0.0,0.0,0.0,0.0,0.0
0.4041,0.3933,0.3903,0.3858,0.3757,0.363,0.3514,0.3416,0.3333,0.3208,0.3082,0.3015,0.2896,0.2751,0.2614,0.2471,0.2326,0.2181,0.2061,0.1959,0.1899,0.1889,0.1864,0.1803,0.1702,0.1624,0.1558,0.1466,0.138,0.132,0.1251,0.1145,0.108,0.104,0.0977,0.0887,0.078,0.0661,0.0584,0.0538,0.0517,0.0437,0.0363,0.0323,0.0288,0.028,0.0282,0.0269,0.024,0.0207,0.0171,0.0139,0.0112,0.0087,0.0061,0.0046,0.0028,0.0016,0.0011,0.0004,0.0001,0.0,0.0,0.0,0.0,0.0,0.0,0.0,0.0,0.0,0.0,0.0,0.0,0.0,0.0,0.0,0.0,0.0,0.0,0.0,0.0,0.0,0.0,0.0,0.0,0.0,0.0,0.0,0.0,0.0
0.5298,0.5159,0.5029,0.4933,0.4829,0.4786,0.4732,0.4689,0.4671,0.4594,0.4416,0.4328,0.4231,0.4099,0.3945,0.379,0.3545,0.3326,0.3192,0.307,0.2951,0.2728,0.2528,0.2425,0.2307,0.2201,0.2097,0.2022,0.1956,0.1889,0.1793,0.1665,0.1545,0.1414,0.1307,0.1248,0.1174,0.109,0.1023,0.0962,0.0908,0.0849,0.0796,0.0735,0.0691,0.0633,0.06,0.0547,0.0502,0.0455,0.0406,0.0362,0.0316,0.0267,0.0209,0.0176,0.0117,0.0091,0.0065,0.0038,0.0022,0.0008,0.0,0.0,0.0,0.0,0.0,0.0,0.0,0.0,0.0,0.0,0.0,0.0,0.0,0.0,0.0,0.0,0.0,0.0,0.0,0.0,0.0,0.0,0.0,0.0,0.0,0.0,0.0,0.0
0.4307,0.4291,0.4257,0.4175,0.4056,0.3966,0.3922,0.3845,0.3795,0.3768,0.3784,0.3717,0.368,0.3641,0.3646,0.3616,0.3537,0.3456,0.3373,0.3318,0.3202,0.3122,0.3006,0.2897,0.2828,0.2731,0.2659,0.2551,0.2421,0.2303,0.2246,0.2172,0.2051,0.1936,0.1822,0.1693,0.1629,0.1542,0.1441,0.1348,0.1284,0.1166,0.1025,0.0904,0.0811,0.0714,0.064,0.0559,0.0498,0.0446,0.0384,0.0323,0.0259,0.0211,0.0161,0.0115,0.0072,0.0041,0.0019,0.0005,0.0001,0.0,0.0,0.0,0.0,0.0,0.0,0.0,0.0,0.0,0.0,0.0,0.0,0.0,0.0,0.0,0.0,0.0,0.0,0.0,0.0,0.0,0.0,0.0,0.0,0.0,0.0,0.0,0.0,0.0
0.2082,0.2053,0.1977,0.1921,0.1874,0.1796,0.175,0.1679,0.1602,0.1558,0.1541,0.1474,0.1395,0.1328,0.1301,0.1273,0.1247,0.1213,0.1177,0.1148,0.1134,0.1112,0.1082,0.1046,0.1025,0.0998,0.0977,0.0964,0.0936,0.0894,0.0873,0.0852,0.0806,0.0767,0.0735,0.0691,0.0649,0.0624,0.0601,0.0592,0.0583,0.0578,0.0541,0.0504,0.0457,0.0406,0.0389,0.0363,0.0331,0.0296,0.0264,0.0234,0.0202,0.0174,0.0159,0.014,0.0128,0.0109,0.0088,0.0063,0.0048,0.004,0.0035,0.003,0.0027,0.0026,0.0026,0.0025,0.0024,0.0022,0.0018,0.0012,0.0009,0.0007,0.0005,0.0004,0.0005,0.0004,0.0004,0.0004,0.0004,0.0007,0.0011,0.0013,0.0017,0.002,0.0022,0.0021,0.002,0.0018
0.1706,0.1673,0.162,0.1576,0.1554,0.15,0.1451,0.141,0.1362,0.1329,0.1305,0.1224,0.1163,0.1119,0.1081,0.1048,0.1026,0.1009,0.0983,0.095,0.0919,0.0897,0.0877,0.0859,0.0848,0.0831,0.0814,0.0804,0.079,0.077,0.0763,0.0749,0.0735,0.072,0.0681,0.0659,0.0645,0.0632,0.0624,0.062,0.0609,0.0596,0.0575,0.0553,0.0536,0.0519,0.0493,0.0465,0.0447,0.0426,0.0409,0.0392,0.038,0.0369,0.0358,0.0346,0.0344,0.0342,0.034,0.0325,0.0316,0.0302,0.0297,0.0285,0.027,0.0253,0.0236,0.0218,0.02,0.0182,0.017,0.0156,0.0147,0.014,0.0134,0.013,0.0129,0.0124,0.0122,0.0114,0.0104,0.0091,0.0079,0.0072,0.0063,0.0053,0.0048,0.004,0.0034,0.003
0.1861,0.1843,0.1817,0.1783,0.1756,0.1713,0.167,0.1623,0.1565,0.1496,0.1457,0.1396,0.1323,0.125,0.1192,0.1142,0.1102,0.1069,0.1023,0.0991,0.098,0.0965,0.0941,0.0916,0.0886,0.0852,0.0819,0.0793,0.0771,0.0746,0.0718,0.0708,0.0689,0.0661,0.063,0.0598,0.0568,0.0526,0.0494,0.0462,0.0428,0.0413,0.0397,0.0377,0.0364,0.0332,0.0305,0.0281,0.0245,0.0216,0.0188,0.0164,0.0143,0.0131,0.012,0.0105,0.0096,0.0088,0.008,0.0073,0.0065,0.005,0.0043,0.0039,0.003,0.0021,0.0014,0.0007,0.0003,0.0001,0.0,0.0,0.0,0.0,0.0,0.0,0.0,0.0,0.0,0.0,0.0,0.0,0.0,0.0,0.0,0.0,0.0,0.0,0.0,0.0
0.036,0.0326,0.029,0.0261,0.0269,0.0303,0.0297,0.0322,0.0362,0.0403,0.041,0.0411,0.0393,0.0375,0.0358,0.0357,0.0366,0.0403,0.0422,0.0426,0.0405,0.0399,0.0398,0.0378,0.0356,0.0342,0.0325,0.0294,0.0266,0.0247,0.0232,0.0208,0.0188,0.0191,0.0198,0.0195,0.0172,0.0146,0.0114,0.0082,0.0055,0.0044,0.0042,0.0034,0.0033,0.0027,0.0016,0.0015,0.001,0.0006,0.0004,0.0001,0.0,0.0,0.0,0.0,0.0,0.0,0.0,0.0,0.0,0.0,0.0,0.0,0.0,0.0,0.0,0.0,0.0,0.0,0.0,0.0,0.0,0.0,0.0,0.0,0.0,0.0,0.0,0.0,0.0,0.0,0.0,0.0,0.0,0.0,0.0,0.0,0.0,0.0
0.0039,0.0028,0.0023,0.0019,0.0016,0.0014,0.0013,0.0013,0.0013,0.0012,0.0011,0.0009,0.0007,0.0006,0.0005,0.0004,0.0003,0.0003,0.0003,0.0003,0.0003,0.0003,0.0003,0.0002,0.0002,0.0002,0.0002,0.0002,0.0002,0.0002,0.0002,0.0002,0.0002,0.0002,0.0002,0.0002,0.0002,0.0001,0.0001,0.0001,0.0001,0.0001,0.0001,0.0001,0.0,0.0,0.0,0.0,0.0,0.0,0.0,0.0,0.0,0.0,0.0,0.0,0.0,0.0,0.0,0.0,0.0,0.0,0.0,0.0,0.0,0.0,0.0,0.0,0.0,0.0,0.0,0.0,0.0,0.0,0.0,0.0,0.0,0.0,0.0,0.0,0.0,0.0,0.0,0.0,0.0,0.0,0.0,0.0,0.0,0.0
0.0374,0.0365,0.0361,0.0354,0.0349,0.0354,0.036,0.0366,0.0368,0.0368,0.0359,0.0344,0.0342,0.0336,0.0346,0.0359,0.0366,0.0364,0.0362,0.0358,0.0358,0.0364,0.0366,0.0363,0.0358,0.0352,0.0356,0.0362,0.0365,0.0364,0.036,0.0357,0.0353,0.0354,0.0355,0.0357,0.0355,0.0344,0.0326,0.0307,0.0307,0.0295,0.029,0.0287,0.0285,0.0245,0.0238,0.0231,0.0236,0.0249,0.0254,0.0257,0.0262,0.0264,0.0268,0.028,0.03,0.0311,0.0329,0.0335,0.0331,0.0321,0.0317,0.0316,0.0314,0.0317,0.0308,0.0267,0.0246,0.0227,0.0246,0.0272,0.0283,0.0283,0.0285,0.0307,0.0309,0.0308,0.0307,0.0306,0.0306,0.0308,0.0309,0.031,0.0309,0.0308,0.0311,0.0314,0.0313,0.0309
0.442,0.4394,0.4428,0.4462,0.4513,0.4551,0.4577,0.4582,0.4547,0.449,0.4401,0.4386,0.442,0.4454,0.4456,0.4455,0.4463,0.4522,0.4556,0.4584,0.4602,0.4594,0.4546,0.4478,0.4473,0.4495,0.451,0.4539,0.4569,0.455,0.4491,0.4419,0.4497,0.4619,0.4671,0.4622,0.4564,0.4521,0.4451,0.4364,0.4299,0.4226,0.4134,0.4115,0.4099,0.4006,0.3953,0.3935,0.3923,0.3925,0.392,0.3922,0.3925,0.3907,0.3891,0.3899,0.3872,0.3842,0.3832,0.3825,0.3809,0.3783,0.3781,0.3766,0.3745,0.3731,0.3692,0.3627,0.3565,0.3467,0.3407,0.3415,0.3458,0.3469,0.3454,0.3406,0.3372,0.3371,0.3364,0.3335,0.3327,0.3349,0.3408,0.3453,0.3506,0.3503,0.3527,0.3548,0.3574,0.3623
0.4924,0.4833,0.4765,0.4743,0.4713,0.4689,0.4672,0.4656,0.4627,0.4615,0.4607,0.4564,0.4511,0.4505,0.4461,0.4406,0.4349,0.4272,0.4214,0.4166,0.4131,0.4066,0.4014,0.3997,0.3934,0.3845,0.377,0.3688,0.3606,0.3513,0.3468,0.3412,0.3284,0.3152,0.3031,0.2975,0.2911,0.286,0.2836,0.2809,0.2753,0.2683,0.2617,0.2541,0.2444,0.2406,0.2336,0.2275,0.2214,0.2138,0.2051,0.1954,0.1872,0.1808,0.1762,0.1733,0.1684,0.1634,0.1581,0.1541,0.1549,0.1537,0.1524,0.1486,0.1459,0.1414,0.1397,0.1406,0.1382,0.1388,0.1352,0.1309,0.1231,0.1154,0.1105,0.1078,0.1025,0.0963,0.0924,0.0913,0.0915,0.0901,0.0858,0.0858,0.0918,0.0968,0.0951,0.0921,0.0944,0.0978
0.4966,0.4801,0.4672,0.4564,0.4475,0.4399,0.4334,0.429,0.4248,0.4196,0.4206,0.4167,0.413,0.3975,0.3824,0.3709,0.3535,0.3361,0.3178,0.3002,0.2859,0.273,0.2461,0.2279,0.2179,0.2077,0.1979,0.1887,0.1784,0.1693,0.1621,0.1572,0.1541,0.1468,0.1418,0.1373,0.1304,0.124,0.1182,0.1124,0.107,0.103,0.101,0.0967,0.0951,0.0954,0.0938,0.0905,0.0864,0.0811,0.076,0.0714,0.0684,0.0653,0.0633,0.06,0.0558,0.0527,0.0509,0.0495,0.0465,0.0424,0.0362,0.0308,0.026,0.0215,0.0185,0.018,0.0152,0.0138,0.0129,0.0094,0.0048,0.002,0.001,0.0006,0.0004,0.0002,0.0002,0.0003,0.0003,0.0002,0.0001,0.0001,0.0005,0.0011,0.0007,0.0004,0.0004,0.0003
0.5319,0.5236,0.5153,0.5027,0.493,0.4841,0.4759,0.4711,0.466,0.4584,0.4585,0.4623,0.4611,0.451,0.4416,0.4295,0.4159,0.4094,0.398,0.3846,0.3755,0.3657,0.3565,0.3443,0.3319,0.3156,0.2973,0.2806,0.2623,0.2449,0.2289,0.2106,0.202,0.1904,0.174,0.1575,0.1407,0.1231,0.1074,0.0931,0.0807,0.0684,0.0581,0.052,0.0484,0.046,0.0424,0.0381,0.0335,0.0292,0.0255,0.0227,0.0209,0.0185,0.0165,0.0143,0.0122,0.0112,0.0091,0.0065,0.0039,0.0019,0.001,0.0007,0.0004,0.0002,0.0001,0.0,0.0,0.0,0.0,0.0,0.0,0.0,0.0,0.0,0.0,0.0,0.0,0.0,0.0,0.0,0.0,0.0,0.0,0.0,0.0,0.0,0.0,0.0
0.4886,0.4801,0.4736,0.4656,0.4546,0.4473,0.4394,0.437,0.4334,0.4267,0.4215,0.4185,0.4151,0.4107,0.4047,0.3991,0.3909,0.3806,0.3751,0.3641,0.3545,0.3356,0.3219,0.3106,0.299,0.2907,0.2798,0.2668,0.2532,0.2372,0.2227,0.2061,0.1885,0.1748,0.1577,0.1391,0.1194,0.1021,0.0829,0.0668,0.0517,0.0397,0.0283,0.0209,0.0156,0.0108,0.009,0.0071,0.005,0.0035,0.0021,0.0012,0.0002,0.0,0.0,0.0,0.0,0.0,0.0,0.0,0.0,0.0,0.0,0.0,0.0,0.0,0.0,0.0,0.0,0.0,0.0,0.0,0.0,0.0,0.0,0.0,0.0,0.0,0.0,0.0,0.0,0.0,0.0,0.0,0.0,0.0001,0.0001,0.0001,0.0001,0.0003
0.4242,0.4172,0.4109,0.4055,0.3907,0.3748,0.3586,0.3416,0.3268,0.3118,0.293,0.2721,0.2547,0.2416,0.2265,0.2117,0.1982,0.1853,0.1723,0.1637,0.1498,0.1296,0.109,0.1016,0.0962,0.089,0.0796,0.0713,0.0645,0.0568,0.0523,0.0464,0.0396,0.0349,0.0277,0.0225,0.0183,0.0149,0.0117,0.0091,0.0071,0.0061,0.0043,0.0033,0.0031,0.0028,0.0021,0.0017,0.0011,0.0006,0.0002,0.0001,0.0,0.0,0.0,0.0,0.0001,0.0001,0.0001,0.0002,0.0001,0.0003,0.0006,0.0012,0.0016,0.0019,0.0022,0.0029,0.0031,0.0033,0.0037,0.0038,0.004,0.0046,0.0048,0.0049,0.0048,0.0057,0.006,0.006,0.0057,0.0057,0.0055,0.0052,0.0052,0.0052,0.0056,0.0061,0.0062,0.0063
