0.3406,0.3313,0.3194,0.3075,0.3002,0.2902,0.2786,0.2694,0.2584,0.2425,0.2339,0.2195,0.2067,0.1934,0.1833,0.1718,0.1605,0.1476,0.1361,0.1246,0.115,0.1059,0.0992,0.0906,0.0824,0.0747,0.07,0.06,0.0522,0.0446,0.0382,0.034,0.0303,0.0271,0.0256,0.0255,0.0248,0.0242,0.023,0.0226,0.0224,0.0225,0.021,0.0192,0.0189,0.0191,0.0196,0.0198,0.0198,0.0213,0.0219,0.0218,0.0215,0.0228,0.0244,0.0243,0.0252,0.0259,0.0259,0.0262,0.0244,0.023,0.0233,0.0237,0.0247,0.0255,0.0261,0.027,0.0279,0.028,0.028,0.0287,0.0296,0.03,0.0298,0.0301,0.0303,0.0302,0.0305,0.0302,0.03,0.0304,0.0319,0.0295,0.0268,0.0234,0.0196,0.0187,0.0184,0.0186
0.3665,0.3591,0.3495,0.3394,0.3319,0.3187,0.3007,0.2896,0.2847,0.2712,0.2584,0.2425,0.2287,0.2149,0.2026,0.1968,0.1837,0.1716,0.1609,0.1507,0.1368,0.1245,0.1127,0.1043,0.0979,0.0916,0.0856,0.078,0.0746,0.0722,0.0711,0.0696,0.0666,0.0672,0.0691,0.0699,0.0689,0.0671,0.0648,0.0646,0.0639,0.0632,0.0617,0.0586,0.059,0.0604,0.0617,0.0623,0.0611,0.0606,0.0587,0.0581,0.0568,0.0551,0.0525,0.0519,0.0522,0.0515,0.0507,0.0506,0.0507,0.0497,0.0484,0.0475,0.0466,0.0454,0.0442,0.0433,0.0414,0.0397,0.0378,0.0363,0.0348,0.0334,0.0323,0.0311,0.0298,0.029,0.0283,0.0268,0.0252,0.024,0.0212,0.0177,0.0153,0.0132,0.0119,0.0108,0.0103,0.0105
0.4285,0.4227,0.4161,0.4117,0.4076,0.403,0.3913,0.3804,0.3723,0.3696,0.365,0.3605,0.3526,0.3429,0.3308,0.3196,0.3123,0.3049,0.2958,0.2861,0.2754,0.2642,0.2555,0.246,0.2359,0.2273,0.2195,0.2119,0.2027,0.1972,0.1891,0.1794,0.1707,0.1629,0.157,0.1488,0.1396,0.1313,0.1217,0.1175,0.1082,0.1035,0.0973,0.0909,0.0867,0.0871,0.0829,0.0776,0.0726,0.0694,0.0631,0.0581,0.0537,0.0508,0.0483,0.0489,0.0477,0.0445,0.0413,0.0384,0.0357,0.0334,0.0308,0.0281,0.0263,0.0242,0.0219,0.0196,0.0175,0.0163,0.0158,0.014,0.0122,0.0112,0.0106,0.0099,0.0092,0.0083,0.0074,0.0065,0.0067,0.0065,0.0065,0.006,0.0064,0.0066,0.0062,0.0057,0.0053,0.0051
0.3031,0.3036,0.3021,0.2981,0.2937,0.2906,0.2906,0.2849,0.2795,0.2759,0.2738,0.2706,0.2657,0.2615,0.2578,0.2558,0.2465,0.2391,0.2303,0.222,0.2165,0.2109,0.2061,0.2016,0.1974,0.1923,0.1864,0.1839,0.1792,0.1743,0.17,0.1631,0.156,0.1492,0.1424,0.1348,0.1268,0.1198,0.1143,0.1099,0.1052,0.0975,0.0916,0.0887,0.0837,0.0789,0.0719,0.0654,0.0612,0.0571,0.0519,0.0473,0.045,0.0425,0.0391,0.0346,0.0274,0.0225,0.019,0.0167,0.0157,0.0149,0.0143,0.0135,0.013,0.0127,0.0124,0.0115,0.0109,0.0107,0.0106,0.01,0.0098,0.0093,0.0087,0.0081,0.0079,0.0077,0.0073,0.007,0.0069,0.0065,0.0051,0.0041,0.004,0.004,0.0041,0.004,0.0038,0.0038
0.1604,0.1586,0.1542,0.1479,0.1424,0.1368,0.1342,0.1309,0.122,0.1095,0.1008,0.0962,0.0922,0.0909,0.0902,0.0849,0.077,0.0725,0.0677,0.0634,0.0599,0.057,0.0534,0.0487,0.0445,0.0394,0.0364,0.035,0.0331,0.0307,0.0263,0.0236,0.0219,0.0199,0.015,0.0103,0.0067,0.0043,0.0031,0.0024,0.0021,0.0013,0.0008,0.0006,0.0005,0.0005,0.0005,0.0005,0.0005,0.0005,0.0005,0.0005,0.0005,0.0005,0.0005,0.0005,0.0003,0.0002,0.0001,0.0001,0.0,0.0,0.0,0.0,0.0,0.0,0.0,0.0,0.0,0.0,0.0,0.0,0.0,0.0,0.0,0.0,0.0,0.0,0.0,0.0,0.0,0.0,0.0,0.0,0.0,0.0,0.0,0.0,0.0,0.0
0.0675,0.0651,0.0615,0.0572,0.0538,0.0517,0.0487,0.0481,0.044,0.0416,0.0398,0.0384,0.0378,0.0363,0.0335,0.0294,0.0258,0.0222,0.0186,0.016,0.0134,0.0107,0.0085,0.0072,0.0062,0.0052,0.004,0.0036,0.0029,0.0025,0.0027,0.0027,0.0025,0.0027,0.0023,0.0019,0.0017,0.002,0.0018,0.0015,0.0014,0.0013,0.0011,0.0002,0.0001,0.0,0.0001,0.0001,0.0,0.0,0.0001,0.0005,0.0021,0.0031,0.003,0.0043,0.0057,0.0061,0.0074,0.0075,0.0074,0.008,0.0085,0.0086,0.008,0.0075,0.0068,0.006,0.0054,0.0045,0.0036,0.0025,0.0018,0.0011,0.0006,0.0004,0.0002,0.0001,0.0001,0.0001,0.0,0.0,0.0,0.0,0.0,0.0,0.0,0.0,0.0,0.0
0.1317,0.1315,0.128,0.1196,0.1157,0.1128,0.1067,0.1048,0.1014,0.097,0.0905,0.0834,0.0831,0.0871,0.0838,0.0784,0.0763,0.0779,0.0799,0.0785,0.0773,0.075,0.0719,0.0688,0.0669,0.0663,0.0631,0.0616,0.0617,0.0599,0.0576,0.0563,0.0547,0.0547,0.0547,0.0508,0.0463,0.0434,0.0405,0.0376,0.035,0.0334,0.0329,0.0306,0.0284,0.0267,0.0262,0.0258,0.0246,0.0231,0.0223,0.022,0.0206,0.0188,0.0169,0.0151,0.0126,0.011,0.0094,0.0086,0.007,0.0055,0.0036,0.0017,0.001,0.0006,0.0003,0.0001,0.0001,0.0,0.0,0.0,0.0,0.0,0.0,0.0,0.0,0.0,0.0,0.0,0.0,0.0,0.0,0.0,0.0,0.0,0.0,0.0,0.0,0.0
0.1872,0.1871,0.1879,0.1875,0.185,0.1822,0.1798,0.1769,0.1732,0.1669,0.1611,0.1557,0.149,0.139,0.1317,0.1251,0.1153,0.1029,0.0914,0.0825,0.0732,0.0665,0.06,0.0549,0.0499,0.0453,0.042,0.0378,0.0349,0.0315,0.0272,0.0236,0.0206,0.0173,0.0121,0.0095,0.0077,0.0061,0.0052,0.0045,0.0039,0.0035,0.003,0.0029,0.0023,0.0022,0.0017,0.0013,0.001,0.0007,0.0004,0.0002,0.0001,0.0,0.0,0.0,0.0,0.0,0.0,0.0,0.0,0.0,0.0,0.0,0.0,0.0,0.0,0.0,0.0,0.0,0.0,0.0,0.0,0.0,0.0,0.0,0.0,0.0,0.0,0.0,0.0,0.0,0.0,0.0,0.0,0.0,0.0,0.0,0.0,0.0
0.0723,0.0707,0.0688,0.068,0.0655,0.0637,0.0622,0.0605,0.0588,0.0559,0.054,0.0517,0.0492,0.0464,0.0421,0.0388,0.0352,0.0326,0.0289,0.0263,0.0238,0.0218,0.0206,0.0193,0.0181,0.0166,0.0147,0.0134,0.0125,0.0117,0.0105,0.0101,0.0095,0.0091,0.0083,0.0075,0.0074,0.0069,0.0064,0.0059,0.0056,0.005,0.0045,0.0043,0.0038,0.003,0.0025,0.0023,0.0019,0.0017,0.0013,0.0009,0.0001,0.0,0.0,0.0,0.0,0.0,0.0,0.0,0.0,0.0,0.0,0.0,0.0,0.0,0.0,0.0,0.0,0.0,0.0,0.0,0.0,0.0,0.0,0.0,0.0,0.0,0.0,0.0,0.0,0.0,0.0,0.0,0.0,0.0,0.0,0.0,0.0,0.0
0.0683,0.0666,0.0646,0.0639,0.0619,0.0585,0.0573,0.0564,0.0559,0.0541,0.0523,0.051,0.0472,0.0455,0.0442,0.0412,0.0371,0.0353,0.0327,0.0304,0.0283,0.0285,0.0287,0.027,0.0263,0.026,0.0256,0.0224,0.0233,0.0225,0.0197,0.0176,0.0158,0.0141,0.0147,0.0143,0.0123,0.0104,0.0084,0.0066,0.0051,0.0039,0.0029,0.0025,0.0018,0.0014,0.0009,0.0005,0.0002,0.0,0.0,0.0,0.0,0.0,0.0,0.0,0.0,0.0,0.0,0.0,0.0,0.0,0.0,0.0,0.0,0.0,0.0,0.0,0.0,0.0,0.0,0.0,0.0,0.0,0.0,0.0,0.0,0.0,0.0,0.0,0.0,0.0,0.0,0.0,0.0,0.0,0.0,0.0,0.0,0.0
0.077,0.0741,0.0718,0.0684,0.0682,0.0669,0.0626,0.0601,0.0577,0.0545,0.052,0.0508,0.0479,0.0442,0.0442,0.0424,0.0398,0.0368,0.0344,0.0314,0.0291,0.027,0.0251,0.0243,0.0239,0.024,0.0215,0.0192,0.0176,0.0162,0.0151,0.0134,0.0125,0.0119,0.011,0.0112,0.0106,0.0104,0.0099,0.0095,0.009,0.0087,0.0081,0.0077,0.008,0.0083,0.0093,0.0086,0.008,0.0081,0.0075,0.0079,0.0078,0.0083,0.0095,0.0098,0.0096,0.0087,0.0069,0.0064,0.0065,0.0062,0.0055,0.0048,0.0039,0.0028,0.0025,0.002,0.0016,0.0012,0.001,0.0011,0.001,0.0011,0.001,0.0009,0.0008,0.0006,0.0004,0.0002,0.0001,0.0,0.0,0.0,0.0,0.0,0.0,0.0,0.0,0.0
0.0734,0.0725,0.0706,0.0689,0.0721,0.0738,0.0715,0.0711,0.0735,0.0728,0.0729,0.0767,0.0803,0.0805,0.0794,0.0789,0.0794,0.0793,0.0772,0.0746,0.0751,0.0738,0.0725,0.0706,0.0697,0.07,0.0688,0.067,0.0656,0.0642,0.0632,0.0615,0.0608,0.0592,0.0555,0.0528,0.0524,0.0512,0.0499,0.0476,0.0442,0.0411,0.039,0.0366,0.0358,0.0354,0.0347,0.033,0.0317,0.03,0.0286,0.0264,0.0246,0.0221,0.02,0.018,0.0167,0.0154,0.0148,0.0132,0.011,0.0102,0.0089,0.0079,0.0073,0.0063,0.0057,0.005,0.0043,0.0038,0.0032,0.0027,0.0022,0.0018,0.0013,0.0007,0.0003,0.0001,0.0,0.0,0.0,0.0,0.0,0.0,0.0,0.0,0.0,0.0,0.0,0.0
0.094,0.0934,0.0919,0.0908,0.0882,0.0892,0.0906,0.0887,0.087,0.0851,0.0823,0.0816,0.0776,0.0754,0.0734,0.0715,0.0688,0.0654,0.0642,0.063,0.0622,0.0601,0.0574,0.0557,0.053,0.0478,0.0425,0.0374,0.0341,0.0311,0.0281,0.025,0.0236,0.0221,0.0208,0.02,0.0188,0.0171,0.0152,0.0137,0.0128,0.0117,0.0106,0.0097,0.008,0.0065,0.0041,0.0028,0.0022,0.0014,0.0011,0.0007,0.0005,0.0004,0.0001,0.0,0.0,0.0,0.0,0.0,0.0,0.0,0.0,0.0,0.0,0.0,0.0,0.0,0.0,0.0,0.0,0.0,0.0,0.0,0.0,0.0,0.0,0.0,0.0,0.0,0.0,0.0,0.0,0.0,0.0,0.0,0.0,0.0,0.0,0.0
0.0657,0.0642,0.0637,0.0628,0.0595,0.0536,0.0501,0.0486,0.0447,0.0433,0.0416,0.0354,0.0278,0.0243,0.0223,0.021,0.0189,0.0163,0.0149,0.0139,0.0127,0.0117,0.011,0.0101,0.0092,0.0084,0.0077,0.0067,0.0056,0.0049,0.0045,0.0042,0.0039,0.0037,0.0035,0.0034,0.0034,0.0033,0.0031,0.0028,0.0026,0.0022,0.0018,0.0015,0.0011,0.0007,0.0004,0.0001,0.0,0.0,0.0,0.0,0.0,0.0,0.0,0.0,0.0,0.0,0.0,0.0,0.0,0.0,0.0,0.0,0.0,0.0,0.0,0.0,0.0,0.0,0.0,0.0,0.0,0.0,0.0,0.0,0.0,0.0,0.0,0.0,0.0,0.0,0.0,0.0,0.0,0.0,0.0,0.0,0.0,0.0
0.0382,0.0379,0.0372,0.0361,0.0344,0.0332,0.0323,0.0328,0.0319,0.0302,0.027,0.0258,0.0278,0.0289,0.0272,0.0238,0.0225,0.0223,0.0215,0.0204,0.0214,0.0212,0.0196,0.0185,0.0169,0.0151,0.0155,0.015,0.0136,0.0125,0.0109,0.0102,0.0089,0.0079,0.0067,0.0053,0.0041,0.0031,0.0024,0.0018,0.0014,0.0015,0.0014,0.001,0.0008,0.0005,0.0002,0.0002,0.0002,0.0,0.0,0.0,0.0,0.0,0.0,0.0,0.0,0.0,0.0,0.0,0.0,0.0,0.0,0.0,0.0,0.0,0.0,0.0,0.0,0.0,0.0,0.0,0.0,0.0,0.0,0.0,0.0,0.0,0.0,0.0,0.0,0.0,0.0,0.0,0.0,0.0,0.0,0.0,0.0,0.0
0.0698,0.0716,0.0732,0.073,0.0705,0.0676,0.0667,0.0652,0.063,0.0609,0.0617,0.0592,0.0544,0.0508,0.0461,0.0424,0.0391,0.0369,0.0343,0.0333,0.0317,0.0316,0.0301,0.0273,0.0247,0.0218,0.0195,0.0176,0.0141,0.0113,0.0086,0.0069,0.005,0.0034,0.0021,0.0013,0.0007,0.0002,0.0001,0.0,0.0,0.0,0.0,0.0,0.0,0.0,0.0,0.0,0.0,0.0,0.0,0.0,0.0,0.0,0.0,0.0,0.0,0.0,0.0,0.0,0.0,0.0,0.0,0.0,0.0,0.0,0.0,0.0,0.0,0.0,0.0,0.0,0.0,0.0,0.0,0.0,0.0,0.0,0.0,0.0,0.0,0.0,0.0,0.0,0.0,0.0,0.0,0.0,0.0,0.0
0.1696,0.1694,0.1646,0.1642,0.1616,0.1567,0.1569,0.1532,0.1524,0.1497,0.1482,0.1407,0.1297,0.1231,0.1178,0.1144,0.1105,0.107,0.1031,0.1003,0.0963,0.097,0.0997,0.0956,0.0894,0.0827,0.076,0.0696,0.0621,0.0541,0.047,0.0414,0.0345,0.027,0.0221,0.0197,0.02,0.0193,0.0169,0.0139,0.0119,0.0102,0.009,0.0073,0.0069,0.0068,0.0055,0.0035,0.0023,0.0017,0.0011,0.0007,0.0003,0.0002,0.0002,0.0001,0.0001,0.0,0.0,0.0,0.0,0.0,0.0,0.0,0.0,0.0,0.0,0.0,0.0,0.0,0.0,0.0,0.0,0.0,0.0,0.0,0.0,0.0,0.0,0.0,0.0,0.0,0.0,0.0,0.0,0.0,0.0,0.0,0.0,0.0
0.2817,0.2778,0.2648,0.2571,0.257,0.2544,0.2456,0.2365,0.2265,0.2174,0.2077,0.2003,0.189,0.1751,0.1634,0.1525,0.1414,0.1313,0.1235,0.1158,0.1086,0.0979,0.0845,0.078,0.0724,0.0676,0.0636,0.0609,0.0591,0.055,0.051,0.0469,0.0459,0.0411,0.0376,0.0344,0.0309,0.028,0.0255,0.023,0.0208,0.018,0.0159,0.0134,0.011,0.0088,0.0067,0.0055,0.0046,0.0037,0.0027,0.0021,0.0015,0.001,0.0009,0.0006,0.0003,0.0002,0.0,0.0,0.0,0.0,0.0,0.0,0.0,0.0,0.0,0.0,0.0,0.0,0.0,0.0,0.0,0.0,0.0,0.0,0.0,0.0,0.0,0.0,0.0,0.0,0.0,0.0,0.0,0.0,0.0,0.0,0.0,0.0
0.3078,0.2973,0.3017,0.2868,0.2764,0.2706,0.2573,0.2452,0.2331,0.22,0.2092,0.1999,0.1841,0.1641,0.1434,0.1332,0.1217,0.1103,0.0991,0.0846,0.0704,0.0595,0.0592,0.0569,0.0541,0.0513,0.0465,0.0405,0.034,0.0264,0.018,0.0135,0.0092,0.0038,0.0034,0.0038,0.0026,0.0019,0.0015,0.0007,0.0003,0.0001,0.0,0.0,0.0,0.0,0.0,0.0,0.0,0.0,0.0,0.0,0.0,0.0,0.0,0.0,0.0,0.0,0.0,0.0,0.0,0.0,0.0,0.0,0.0,0.0,0.0,0.0,0.0,0.0,0.0,0.0,0.0,0.0,0.0,0.0,0.0,0.0,0.0,0.0,0.0,0.0,0.0,0.0,0.0,0.0,0.0,0.0,0.0,0.0
0.4136,0.394,0.4049,0.3984,0.386,0.3744,0.3611,0.3467,0.3353,0.3236,0.3137,0.3054,0.3031,0.2956,0.2902,0.2837,0.2848,0.2819,0.2769,0.2731,0.2675,0.2589,0.2501,0.2412,0.2371,0.2324,0.2271,0.2206,0.2147,0.2068,0.1975,0.1875,0.1798,0.161,0.1531,0.1545,0.1467,0.137,0.1294,0.1195,0.108,0.097,0.0851,0.0755,0.0684,0.0655,0.0622,0.0569,0.0503,0.0452,0.0387,0.0339,0.0292,0.0248,0.0202,0.0169,0.0139,0.0124,0.0114,0.0106,0.0094,0.0079,0.0064,0.0052,0.0039,0.0027,0.002,0.0014,0.0007,0.0002,0.0,0.0,0.0,0.0,0.0,0.0,0.0,0.0,0.0,0.0,0.0,0.0,0.0,0.0,0.0,0.0,0.0,0.0,0.0,0.0
0.4526,0.4425,0.4427,0.4394,0.4341,0.4226,0.4168,0.4129,0.4059,0.3975,0.3871,0.3759,0.3721,0.3676,0.3605,0.3523,0.3411,0.3347,0.3292,0.3193,0.3105,0.3007,0.2918,0.2766,0.2579,0.2418,0.2274,0.2172,0.2085,0.2025,0.1947,0.1851,0.1786,0.1767,0.1678,0.157,0.1504,0.1421,0.1327,0.1276,0.1238,0.1211,0.1184,0.1131,0.1061,0.0973,0.0891,0.0831,0.0763,0.0722,0.0663,0.0573,0.0517,0.0452,0.0412,0.0378,0.0325,0.0268,0.0215,0.0171,0.0136,0.0103,0.0077,0.0048,0.0027,0.0015,0.0009,0.0007,0.0002,0.0,0.0,0.0,0.0,0.0,0.0,0.0,0.0,0.0,0.0,0.0,0.0,0.0,0.0,0.0,0.0,0.0,0.0,0.0,0.0,0.0
0.4145,0.4026,0.3966,0.3932,0.3867,0.3796,0.3732,0.3688,0.3646,0.3572,0.3493,0.3396,0.3316,0.3295,0.3254,0.3209,0.3072,0.2945,0.2879,0.2808,0.2724,0.2663,0.2611,0.2521,0.2426,0.2358,0.2341,0.2327,0.2304,0.2268,0.2223,0.2162,0.2113,0.2056,0.1927,0.182,0.1745,0.1653,0.1532,0.1411,0.1308,0.1234,0.1134,0.1038,0.0982,0.0914,0.0818,0.0743,0.0674,0.0604,0.0495,0.0438,0.044,0.0432,0.0396,0.0356,0.0325,0.0302,0.0269,0.0253,0.0248,0.0223,0.0212,0.0184,0.0166,0.0146,0.0131,0.0116,0.0116,0.0112,0.0097,0.0079,0.0062,0.0048,0.0031,0.0015,0.0006,0.0003,0.0001,0.0,0.0,0.0,0.0,0.0,0.0,0.0,0.0,0.0,0.0,0.0
0.5392,0.528,0.52,0.511,0.5019,0.4962,0.4898,0.4811,0.478,0.4708,0.4602,0.4482,0.4365,0.43,0.4233,0.413,0.3996,0.3874,0.3824,0.3779,0.3686,0.3578,0.347,0.3414,0.3309,0.3215,0.3127,0.3064,0.3015,0.2975,0.2902,0.2844,0.2769,0.273,0.2641,0.2546,0.2428,0.2351,0.2264,0.2179,0.2101,0.2034,0.1962,0.1887,0.1819,0.1768,0.1703,0.1612,0.1549,0.1491,0.143,0.1338,0.1278,0.1246,0.1192,0.1133,0.1086,0.1054,0.102,0.0967,0.0908,0.0854,0.0807,0.0748,0.0655,0.058,0.0527,0.0489,0.0454,0.0411,0.0383,0.0366,0.0341,0.0314,0.0289,0.0262,0.0238,0.0224,0.0198,0.0171,0.0166,0.0148,0.0125,0.0101,0.0083,0.0065,0.006,0.0069,0.0047,0.0038
0.4289,0.427,0.4239,0.4159,0.4064,0.3971,0.3905,0.3848,0.3816,0.3815,0.3823,0.3803,0.3753,0.3637,0.3527,0.3454,0.3377,0.3259,0.3071,0.2931,0.2861,0.281,0.2749,0.2695,0.261,0.2455,0.2281,0.2121,0.1981,0.1906,0.1859,0.1739,0.1628,0.1599,0.1582,0.1554,0.1529,0.1483,0.1439,0.1362,0.1257,0.1158,0.1125,0.1041,0.0981,0.0925,0.09,0.0854,0.0795,0.0749,0.0749,0.0715,0.0658,0.0558,0.0518,0.0498,0.0453,0.0408,0.0383,0.0365,0.0335,0.0308,0.0295,0.0283,0.0258,0.0233,0.0204,0.0188,0.0151,0.0124,0.0097,0.0088,0.0076,0.0064,0.0051,0.0037,0.0024,0.002,0.0009,0.0003,0.0002,0.0001,0.0,0.0,0.0,0.0,0.0,0.0,0.0,0.0
0.208,0.2069,0.2009,0.1968,0.1916,0.1854,0.1791,0.1759,0.1685,0.1596,0.1533,0.1475,0.1398,0.1304,0.123,0.119,0.1148,0.11,0.1043,0.1009,0.0982,0.0946,0.0919,0.0892,0.0865,0.083,0.0796,0.0767,0.0737,0.0718,0.0703,0.0688,0.0676,0.0668,0.0658,0.0652,0.065,0.0616,0.0581,0.0564,0.0548,0.0535,0.0518,0.0498,0.0462,0.0449,0.0423,0.0396,0.0358,0.0313,0.0274,0.0245,0.022,0.0191,0.016,0.0137,0.0113,0.0088,0.0071,0.0054,0.0045,0.0042,0.003,0.0026,0.0019,0.0007,0.0006,0.0004,0.0005,0.0012,0.0015,0.0014,0.0011,0.0012,0.0018,0.0018,0.0017,0.0014,0.0011,0.0007,0.0004,0.0002,0.0001,0.0002,0.0002,0.0002,0.0002,0.0001,0.0001,0.0
0.1731,0.1704,0.1659,0.1621,0.1598,0.1553,0.1511,0.1468,0.1417,0.1365,0.1323,0.1291,0.1249,0.1201,0.1171,0.1135,0.1106,0.1097,0.1089,0.1069,0.1049,0.1055,0.1062,0.1058,0.1056,0.1048,0.1042,0.1031,0.1021,0.1017,0.1005,0.0986,0.0971,0.0965,0.0955,0.0941,0.0934,0.0933,0.0908,0.0887,0.0879,0.0855,0.0831,0.0802,0.0776,0.0745,0.0725,0.0696,0.0667,0.0645,0.0618,0.059,0.057,0.0554,0.0538,0.0526,0.0507,0.0489,0.0465,0.0435,0.0415,0.0399,0.0377,0.0357,0.0339,0.0308,0.0283,0.0258,0.0238,0.0223,0.0203,0.0182,0.0162,0.0149,0.0121,0.0077,0.0063,0.0053,0.0048,0.0037,0.0031,0.0018,0.0012,0.001,0.0007,0.0006,0.0004,0.0002,0.0001,0.0001
0.1842,0.1837,0.1818,0.1791,0.178,0.1758,0.1728,0.1685,0.1638,0.1572,0.1524,0.15,0.1462,0.143,0.139,0.1336,0.1278,0.1234,0.1196,0.1155,0.1116,0.1064,0.1005,0.0958,0.0906,0.0852,0.0803,0.0756,0.0712,0.0666,0.0625,0.0593,0.0565,0.0542,0.0513,0.0472,0.044,0.0451,0.0461,0.0437,0.0397,0.0351,0.0312,0.0295,0.0297,0.0279,0.0261,0.0254,0.0242,0.0229,0.0225,0.0208,0.0189,0.0178,0.0168,0.0153,0.0135,0.0118,0.0101,0.0085,0.0074,0.0064,0.0063,0.0058,0.0053,0.0058,0.0053,0.0048,0.0049,0.0032,0.002,0.0013,0.0009,0.0005,0.0,0.0,0.0,0.0,0.0,0.0,0.0,0.0,0.0,0.0,0.0,0.0,0.0,0.0,0.0,0.0
0.0382,0.035,0.0308,0.0279,0.0274,0.0287,0.0285,0.0325,0.0362,0.0389,0.0392,0.0362,0.0341,0.0315,0.0271,0.0227,0.0215,0.0203,0.0186,0.0163,0.0134,0.0101,0.0073,0.0052,0.0036,0.0027,0.0021,0.0017,0.0013,0.001,0.0008,0.0007,0.0006,0.0006,0.0005,0.0003,0.0001,0.0002,0.0001,0.0,0.0,0.0,0.0,0.0,0.0,0.0,0.0,0.0,0.0,0.0,0.0,0.0,0.0,0.0,0.0,0.0,0.0,0.0,0.0,0.0,0.0,0.0,0.0,0.0,0.0,0.0,0.0,0.0,0.0,0.0,0.0,0.0,0.0,0.0,0.0,0.0,0.0,0.0,0.0,0.0,0.0,0.0,0.0,0.0,0.0,0.0,0.0,0.0,0.0,0.0
0.0047,0.0035,0.0029,0.0023,0.0018,0.0015,0.0014,0.0014,0.0013,0.0013,0.0012,0.0012,0.0012,0.0013,0.0015,0.0014,0.0012,0.001,0.0009,0.0008,0.0007,0.0006,0.0005,0.0004,0.0003,0.0003,0.0003,0.0003,0.0003,0.0003,0.0003,0.0003,0.0003,0.0003,0.0002,0.0001,0.0001,0.0001,0.0,0.0,0.0,0.0,0.0,0.0,0.0,0.0,0.0,0.0,0.0,0.0,0.0,0.0,0.0,0.0,0.0,0.0,0.0,0.0,0.0,0.0,0.0,0.0,0.0,0.0,0.0,0.0,0.0,0.0,0.0,0.0,0.0,0.0,0.0,0.0,0.0,0.0,0.0,0.0,0.0,0.0,0.0,0.0,0.0,0.0,0.0,0.0,0.0,0.0,0.0,0.0
0.0365,0.0351,0.0348,0.0346,0.0349,0.0347,0.0347,0.0344,0.0343,0.0343,0.0349,0.0348,0.035,0.0354,0.0355,0.0351,0.0345,0.0338,0.0327,0.0316,0.0302,0.0291,0.0288,0.0286,0.0315,0.0327,0.0328,0.0329,0.0327,0.0332,0.0343,0.0348,0.0346,0.0344,0.0342,0.034,0.0336,0.0329,0.032,0.0317,0.0326,0.0336,0.034,0.0339,0.0334,0.0331,0.0323,0.0289,0.0292,0.03,0.0298,0.029,0.0292,0.0286,0.0267,0.0282,0.0312,0.033,0.0328,0.0328,0.0326,0.0319,0.0306,0.029,0.0273,0.0269,0.0279,0.0314,0.032,0.0321,0.0323,0.0326,0.0325,0.0323,0.0324,0.0323,0.0328,0.0331,0.0331,0.0329,0.0324,0.033,0.0331,0.0325,0.0315,0.0302,0.029,0.0279,0.0253,0.0238
0.4526,0.4496,0.4497,0.4534,0.4597,0.4634,0.4637,0.4615,0.4653,0.4745,0.4834,0.4931,0.5055,0.514,0.5172,0.5062,0.4924,0.4818,0.4724,0.4655,0.4587,0.4513,0.4427,0.4396,0.4394,0.4421,0.4467,0.4491,0.4491,0.4486,0.4521,0.4555,0.4557,0.4519,0.4466,0.4439,0.4439,0.4392,0.4317,0.428,0.4261,0.4228,0.4222,0.419,0.4111,0.4061,0.3972,0.3901,0.3892,0.3895,0.3881,0.3844,0.3814,0.381,0.3749,0.3686,0.3634,0.3597,0.3564,0.356,0.3563,0.3618,0.356,0.3477,0.3427,0.3382,0.3366,0.3349,0.3356,0.3358,0.3323,0.3295,0.327,0.3247,0.3231,0.3228,0.3233,0.3224,0.3207,0.3179,0.319,0.3207,0.3209,0.3195,0.3176,0.3152,0.313,0.3114,0.3091,0.306
0.5058,0.4962,0.4887,0.4827,0.4779,0.4758,0.4758,0.4724,0.4673,0.4678,0.4658,0.4654,0.4595,0.4481,0.4347,0.4315,0.4353,0.4384,0.4315,0.432,0.4245,0.4164,0.4221,0.425,0.4208,0.4109,0.4033,0.3986,0.3904,0.3847,0.373,0.3586,0.3482,0.344,0.3318,0.3237,0.3104,0.3012,0.2961,0.288,0.2813,0.2762,0.2664,0.2588,0.2558,0.2505,0.2465,0.2446,0.2345,0.221,0.2088,0.1984,0.1879,0.1797,0.1787,0.1764,0.1658,0.1525,0.1401,0.1281,0.1134,0.0996,0.0881,0.0797,0.0718,0.0656,0.0592,0.0543,0.0469,0.0408,0.0362,0.0322,0.0291,0.0282,0.0273,0.0267,0.024,0.0229,0.0232,0.0229,0.021,0.0188,0.0182,0.018,0.0173,0.0147,0.014,0.0138,0.0136,0.0139
0.5123,0.4978,0.4848,0.4761,0.4641,0.4579,0.4543,0.4509,0.4472,0.439,0.4306,0.4181,0.4103,0.3975,0.375,0.3654,0.3674,0.3642,0.3517,0.3374,0.3127,0.2939,0.28,0.2602,0.2458,0.2328,0.2174,0.2021,0.1839,0.1638,0.1542,0.15,0.1418,0.1327,0.1235,0.1133,0.1042,0.096,0.0869,0.0778,0.0699,0.0637,0.0553,0.0497,0.0439,0.0378,0.0341,0.0288,0.024,0.02,0.017,0.014,0.0111,0.0091,0.0071,0.0056,0.004,0.0027,0.0019,0.0012,0.0007,0.0003,0.0003,0.0005,0.0008,0.0009,0.0009,0.0009,0.0008,0.0006,0.0005,0.0004,0.0003,0.0002,0.0001,0.0001,0.0001,0.0002,0.0001,0.0002,0.0002,0.0003,0.0003,0.0003,0.0004,0.0006,0.0004,0.0005,0.0003,0.0003
0.5124,0.507,0.5008,0.4925,0.4839,0.4757,0.4722,0.4732,0.4642,0.4523,0.4407,0.4261,0.4181,0.413,0.4039,0.3961,0.3882,0.3825,0.3782,0.3704,0.3639,0.3557,0.3462,0.3362,0.323,0.3083,0.2939,0.2797,0.2639,0.2503,0.2341,0.22,0.207,0.1972,0.1845,0.1697,0.155,0.1427,0.1291,0.1155,0.1027,0.0943,0.085,0.0758,0.0643,0.0549,0.0468,0.0386,0.0319,0.0248,0.0187,0.0138,0.0091,0.0049,0.0022,0.0004,0.0,0.0,0.0,0.0,0.0,0.0,0.0,0.0,0.0,0.0,0.0,0.0,0.0,0.0,0.0,0.0,0.0,0.0,0.0,0.0,0.0,0.0,0.0,0.0,0.0,0.0,0.0,0.0,0.0,0.0,0.0,0.0,0.0,0.0
0.4898,0.4794,0.473,0.4626,0.4549,0.4458,0.4348,0.4245,0.4161,0.4016,0.3883,0.3665,0.3492,0.3325,0.3237,0.3136,0.3051,0.2987,0.2944,0.288,0.2808,0.2727,0.2632,0.2538,0.2413,0.2261,0.2092,0.1936,0.1826,0.1724,0.1571,0.1423,0.133,0.1246,0.1129,0.0981,0.0859,0.0757,0.0661,0.0562,0.0444,0.0341,0.0319,0.0271,0.0223,0.0177,0.0142,0.0098,0.0062,0.0026,0.0005,0.0,0.0,0.0,0.0,0.0,0.0,0.0,0.0,0.0,0.0,0.0,0.0,0.0,0.0,0.0,0.0,0.0,0.0,0.0,0.0001,0.0001,0.0002,0.0002,0.0002,0.0002,0.0002,0.0002,0.0002,0.0003,0.0004,0.0007,0.0011,0.0016,0.0019,0.0024,0.0032,0.0035,0.0035,0.0032
0.427,0.4221,0.4164,0.4083,0.3963,0.3866,0.3753,0.3649,0.3525,0.3389,0.3198,0.2962,0.2697,0.2479,0.2296,0.2121,0.1995,0.191,0.1822,0.1748,0.1675,0.1611,0.1528,0.146,0.1396,0.1318,0.1214,0.1124,0.1032,0.0943,0.0872,0.0799,0.0718,0.0615,0.0512,0.04,0.0323,0.0239,0.0185,0.0156,0.0128,0.0101,0.0088,0.0083,0.0083,0.0077,0.0072,0.0069,0.007,0.007,0.0068,0.0066,0.0067,0.0066,0.0063,0.006,0.0055,0.0055,0.0053,0.005,0.0045,0.0046,0.0049,0.0053,0.0049,0.0055,0.0059,0.0061,0.0066,0.0072,0.0076,0.0083,0.0085,0.0085,0.009,0.0097,0.01,0.0106,0.0119,0.0131,0.014,0.0153,0.0165,0.017,0.0173,0.018,0.0182,0.0191,0.0201,0.0208
