0.3504,0.3424,0.3325,0.3219,0.3207,0.3211,0.313,0.3068,0.2939,0.2794,0.269,0.2517,0.2423,0.2241,0.2116,0.1988,0.1859,0.1704,0.1561,0.1424,0.1293,0.1256,0.1206,0.1117,0.1028,0.0907,0.08,0.0719,0.0649,0.0586,0.0519,0.0454,0.039,0.0335,0.0289,0.0233,0.0203,0.02,0.0187,0.0175,0.0145,0.013,0.011,0.0091,0.0072,0.0052,0.0038,0.002,0.0013,0.0005,0.0001,0.0,0.0,0.0,0.0,0.0,0.0,0.0,0.0,0.0,0.0,0.0,0.0,0.0,0.0,0.0,0.0,0.0,0.0,0.0,0.0,0.0,0.0,0.0,0.0,0.0,0.0,0.0,0.0,0.0,0.0,0.0,0.0,0.0,0.0,0.0,0.0,0.0,0.0,0.0
0.393,0.387,0.3804,0.3727,0.3615,0.3582,0.3547,0.3494,0.3458,0.338,0.3261,0.311,0.2997,0.2895,0.2766,0.2647,0.2514,0.2375,0.2253,0.2149,0.2037,0.1908,0.1775,0.164,0.1535,0.1451,0.1342,0.1251,0.1166,0.11,0.1031,0.0971,0.0883,0.0803,0.0736,0.0646,0.0573,0.0523,0.0479,0.0439,0.0388,0.0321,0.0252,0.0189,0.0138,0.0106,0.0075,0.005,0.0028,0.0011,0.0002,0.0,0.0,0.0,0.0,0.0,0.0,0.0,0.0,0.0,0.0,0.0,0.0,0.0,0.0,0.0,0.0,0.0,0.0,0.0,0.0,0.0,0.0,0.0,0.0,0.0,0.0,0.0,0.0,0.0,0.0,0.0,0.0,0.0,0.0,0.0,0.0,0.0,0.0,0.0
0.4364,0.4298,0.423,0.417,0.4083,0.3963,0.3881,0.3804,0.3777,0.3756,0.3682,0.3622,0.3531,0.3481,0.3423,0.3348,0.3286,0.3219,0.3144,0.3075,0.3021,0.2905,0.2753,0.2586,0.2432,0.2285,0.2161,0.2037,0.1888,0.1732,0.1597,0.1475,0.135,0.1238,0.1163,0.1086,0.0996,0.0935,0.0918,0.0847,0.0745,0.0663,0.0576,0.0498,0.0447,0.0402,0.0371,0.0356,0.0316,0.0279,0.0232,0.0191,0.017,0.012,0.0084,0.0057,0.0046,0.0038,0.003,0.0022,0.0016,0.0007,0.0004,0.0005,0.0003,0.0002,0.0002,0.0001,0.0,0.0,0.0,0.0,0.0,0.0,0.0,0.0,0.0,0.0,0.0,0.0,0.0,0.0,0.0,0.0,0.0,0.0,0.0,0.0,0.0,0.0
0.3111,0.3104,0.3077,0.3012,0.2961,0.2865,0.2766,0.27,0.2615,0.2547,0.2503,0.2452,0.24,0.2335,0.2273,0.218,0.2101,0.2028,0.1968,0.1915,0.1861,0.1819,0.1747,0.1668,0.1583,0.1493,0.1415,0.1348,0.1275,0.1219,0.1141,0.1073,0.1004,0.0964,0.0949,0.0915,0.0892,0.0851,0.0792,0.0738,0.0708,0.0656,0.0596,0.0533,0.0476,0.0426,0.0391,0.0353,0.0319,0.0289,0.0269,0.025,0.0225,0.0195,0.0178,0.0163,0.0152,0.0144,0.0137,0.0128,0.0123,0.012,0.0116,0.0112,0.0107,0.0102,0.0095,0.0092,0.0089,0.0086,0.0082,0.0079,0.0075,0.0074,0.0068,0.0063,0.0058,0.0055,0.0053,0.0048,0.0044,0.0042,0.0038,0.0032,0.0029,0.0026,0.0022,0.0019,0.0017,0.0014
0.1568,0.1534,0.1476,0.1402,0.1329,0.1268,0.1189,0.1111,0.104,0.0983,0.095,0.0926,0.0896,0.0802,0.0713,0.0663,0.0615,0.0582,0.0563,0.0551,0.0533,0.051,0.0481,0.0435,0.0381,0.0316,0.0278,0.0251,0.0226,0.02,0.0172,0.0147,0.0128,0.0111,0.0094,0.0083,0.0074,0.0062,0.0051,0.004,0.0029,0.0017,0.0009,0.0006,0.0005,0.0005,0.0005,0.0005,0.0005,0.0004,0.0004,0.0004,0.0004,0.0003,0.0002,0.0002,0.0001,0.0001,0.0,0.0,0.0,0.0,0.0,0.0,0.0,0.0,0.0,0.0,0.0,0.0,0.0,0.0,0.0,0.0,0.0,0.0,0.0,0.0,0.0,0.0,0.0,0.0,0.0,0.0,0.0,0.0,0.0,0.0,0.0,0.0
0.0686,0.0661,0.0617,0.0579,0.0556,0.0535,0.0491,0.0486,0.0501,0.0486,0.0455,0.0441,0.0405,0.0343,0.0285,0.0244,0.0206,0.018,0.0165,0.0149,0.0128,0.0108,0.0094,0.0072,0.0054,0.0042,0.0035,0.0037,0.0038,0.004,0.0049,0.0061,0.0082,0.0092,0.0096,0.0097,0.0101,0.0112,0.0118,0.0119,0.0119,0.0129,0.0147,0.0159,0.0165,0.0167,0.0164,0.0164,0.0166,0.016,0.0164,0.0167,0.0164,0.016,0.0153,0.0144,0.0135,0.0125,0.012,0.0114,0.0109,0.0101,0.0095,0.0081,0.0072,0.0063,0.0053,0.0045,0.0039,0.0034,0.0027,0.0017,0.0012,0.0006,0.0003,0.0001,0.0,0.0,0.0,0.0,0.0,0.0,0.0,0.0,0.0,0.0,0.0,0.0,0.0,0.0
0.1327,0.1308,0.1255,0.1167,0.1139,0.1128,0.1069,0.1059,0.1026,0.0952,0.0911,0.0868,0.083,0.0787,0.0781,0.0765,0.0737,0.0713,0.0712,0.0718,0.0682,0.0661,0.065,0.0618,0.0596,0.0582,0.0574,0.0563,0.0557,0.0557,0.0542,0.0525,0.0494,0.0463,0.0444,0.0424,0.0401,0.0383,0.0372,0.0359,0.0347,0.0323,0.0286,0.0263,0.0242,0.022,0.0194,0.0181,0.0153,0.0122,0.0103,0.009,0.0079,0.0071,0.0063,0.0045,0.0037,0.0029,0.0019,0.0012,0.0007,0.0004,0.0002,0.0,0.0,0.0,0.0,0.0,0.0,0.0,0.0,0.0,0.0,0.0,0.0,0.0,0.0,0.0,0.0,0.0,0.0,0.0,0.0,0.0,0.0,0.0,0.0,0.0,0.0,0.0
0.1773,0.1757,0.1754,0.1721,0.167,0.1612,0.157,0.1502,0.1402,0.1315,0.1223,0.1132,0.1068,0.1016,0.094,0.0867,0.0806,0.0758,0.0709,0.0622,0.0577,0.054,0.0505,0.0477,0.0461,0.0441,0.0404,0.037,0.0338,0.0306,0.0275,0.0267,0.0251,0.0239,0.023,0.0217,0.0204,0.0188,0.0176,0.016,0.0142,0.0119,0.0102,0.009,0.0084,0.0077,0.0064,0.0055,0.0049,0.0041,0.0023,0.0014,0.0009,0.0006,0.0003,0.0001,0.0,0.0,0.0,0.0,0.0,0.0,0.0,0.0,0.0,0.0,0.0,0.0,0.0,0.0,0.0,0.0,0.0,0.0,0.0,0.0,0.0,0.0,0.0,0.0,0.0,0.0,0.0,0.0,0.0,0.0,0.0,0.0,0.0,0.0
0.0837,0.0825,0.0813,0.0789,0.076,0.0725,0.0704,0.0676,0.0671,0.064,0.0608,0.0592,0.0569,0.0553,0.0521,0.0494,0.0484,0.0476,0.0445,0.0411,0.0397,0.0387,0.037,0.0356,0.0335,0.0318,0.0306,0.0294,0.0282,0.0263,0.0244,0.022,0.0207,0.0198,0.0189,0.0181,0.0171,0.016,0.0142,0.0133,0.0118,0.0094,0.0084,0.0077,0.007,0.0065,0.0053,0.0045,0.004,0.0036,0.0036,0.0038,0.0038,0.0036,0.0029,0.0022,0.0022,0.0018,0.0011,0.0009,0.0007,0.0003,0.0002,0.0001,0.0,0.0,0.0,0.0,0.0,0.0,0.0,0.0,0.0,0.0,0.0,0.0,0.0,0.0,0.0,0.0,0.0,0.0,0.0,0.0,0.0,0.0,0.0,0.0,0.0,0.0
0.0785,0.0782,0.0769,0.0763,0.0739,0.0693,0.0666,0.0654,0.065,0.0631,0.0588,0.0574,0.0555,0.0488,0.0415,0.0386,0.0376,0.0419,0.0435,0.0434,0.0404,0.0363,0.0338,0.0331,0.0331,0.0322,0.0317,0.031,0.0315,0.0323,0.0327,0.0329,0.0317,0.0298,0.0277,0.0266,0.0255,0.0239,0.0219,0.0188,0.0166,0.0148,0.0129,0.0114,0.0102,0.0088,0.0077,0.0065,0.0055,0.0048,0.0036,0.0025,0.0018,0.0009,0.0004,0.0002,0.0001,0.0,0.0,0.0,0.0,0.0,0.0,0.0,0.0,0.0,0.0,0.0,0.0,0.0,0.0,0.0,0.0,0.0,0.0,0.0,0.0,0.0,0.0,0.0,0.0,0.0,0.0,0.0,0.0,0.0,0.0,0.0,0.0,0.0
0.0947,0.0907,0.087,0.0844,0.0835,0.0834,0.0801,0.0774,0.0749,0.0732,0.0713,0.0679,0.0694,0.0672,0.0633,0.0599,0.0557,0.0524,0.0499,0.0478,0.0457,0.0433,0.0412,0.0386,0.0347,0.0319,0.0291,0.0268,0.0233,0.02,0.0149,0.0124,0.0102,0.0081,0.0065,0.0054,0.004,0.0027,0.0016,0.0006,0.0,0.0,0.0,0.0,0.0,0.0,0.0,0.0,0.0,0.0,0.0,0.0,0.0,0.0,0.0,0.0,0.0,0.0,0.0,0.0,0.0,0.0,0.0,0.0,0.0,0.0,0.0,0.0,0.0,0.0,0.0,0.0,0.0,0.0,0.0,0.0,0.0,0.0,0.0,0.0,0.0,0.0,0.0,0.0,0.0,0.0,0.0,0.0,0.0,0.0
0.0803,0.0796,0.0774,0.0766,0.0782,0.0773,0.0753,0.0737,0.0737,0.0725,0.0713,0.0682,0.0675,0.0641,0.056,0.0508,0.048,0.0461,0.044,0.042,0.0379,0.034,0.034,0.0342,0.0325,0.0306,0.0279,0.0277,0.0285,0.0272,0.0229,0.0181,0.0136,0.0105,0.0074,0.0047,0.003,0.0019,0.0012,0.0007,0.0003,0.0002,0.0002,0.0002,0.0002,0.0001,0.0,0.0,0.0,0.0,0.0,0.0,0.0,0.0,0.0,0.0,0.0,0.0,0.0,0.0,0.0,0.0,0.0,0.0,0.0,0.0,0.0,0.0,0.0,0.0,0.0,0.0,0.0,0.0,0.0,0.0,0.0,0.0,0.0,0.0,0.0,0.0,0.0,0.0,0.0,0.0,0.0,0.0,0.0,0.0
0.0863,0.0852,0.0828,0.0809,0.0801,0.0798,0.0785,0.0769,0.0758,0.0759,0.0758,0.0742,0.072,0.0712,0.0695,0.0675,0.0652,0.0623,0.0598,0.0584,0.0563,0.0534,0.0499,0.0468,0.0445,0.0403,0.0365,0.0331,0.0293,0.0261,0.023,0.02,0.0173,0.0148,0.0119,0.0102,0.0087,0.0072,0.0064,0.0057,0.0045,0.003,0.0021,0.0012,0.0007,0.0005,0.0003,0.0001,0.0,0.0,0.0,0.0,0.0,0.0,0.0,0.0,0.0,0.0,0.0,0.0,0.0,0.0,0.0,0.0,0.0,0.0,0.0,0.0,0.0,0.0,0.0,0.0,0.0,0.0,0.0,0.0,0.0,0.0,0.0,0.0,0.0,0.0,0.0,0.0,0.0,0.0,0.0,0.0,0.0,0.0
0.0607,0.059,0.0585,0.0577,0.0542,0.0521,0.0502,0.0481,0.0459,0.0414,0.0387,0.038,0.0359,0.0345,0.0331,0.0315,0.03,0.028,0.0257,0.0242,0.0232,0.0219,0.0192,0.0176,0.0168,0.0155,0.0141,0.0121,0.0093,0.0079,0.0069,0.0058,0.0039,0.0027,0.002,0.0017,0.0014,0.0009,0.0006,0.0002,0.0001,0.0,0.0,0.0,0.0,0.0,0.0,0.0,0.0,0.0,0.0,0.0,0.0,0.0,0.0,0.0,0.0,0.0,0.0,0.0,0.0,0.0,0.0,0.0,0.0,0.0,0.0,0.0,0.0,0.0,0.0,0.0,0.0,0.0,0.0,0.0,0.0,0.0,0.0,0.0,0.0,0.0,0.0,0.0,0.0,0.0,0.0,0.0,0.0,0.0
0.0359,0.0348,0.0334,0.0325,0.0311,0.0287,0.027,0.0251,0.0237,0.0227,0.0233,0.0247,0.0232,0.0228,0.0211,0.021,0.0216,0.0225,0.0233,0.0226,0.0214,0.0199,0.0183,0.0168,0.0152,0.0136,0.0118,0.0105,0.0096,0.0094,0.0095,0.0094,0.0091,0.0081,0.0078,0.0075,0.0072,0.0067,0.0055,0.0051,0.0054,0.0056,0.0054,0.006,0.0061,0.0058,0.0056,0.0052,0.0052,0.0048,0.0044,0.0036,0.0033,0.0032,0.0028,0.0024,0.002,0.0015,0.0011,0.0008,0.0005,0.0003,0.0002,0.0,0.0,0.0,0.0,0.0,0.0,0.0,0.0,0.0,0.0,0.0,0.0,0.0,0.0,0.0,0.0,0.0,0.0,0.0,0.0,0.0,0.0,0.0,0.0,0.0,0.0,0.0
0.0928,0.0956,0.0989,0.101,0.0985,0.0946,0.0936,0.0906,0.0881,0.0842,0.08,0.0777,0.0762,0.074,0.0702,0.067,0.0647,0.0637,0.0635,0.065,0.0643,0.0608,0.059,0.057,0.0544,0.0525,0.051,0.048,0.0448,0.0425,0.0416,0.0404,0.0386,0.0352,0.0316,0.0294,0.0267,0.0258,0.0244,0.0217,0.0202,0.0187,0.0188,0.0176,0.0151,0.0125,0.0099,0.0076,0.0053,0.0038,0.0023,0.0011,0.0004,0.0002,0.0001,0.0,0.0,0.0,0.0,0.0,0.0,0.0,0.0,0.0,0.0,0.0,0.0,0.0,0.0,0.0,0.0,0.0,0.0,0.0,0.0,0.0,0.0,0.0,0.0,0.0,0.0,0.0,0.0,0.0,0.0,0.0,0.0,0.0,0.0,0.0
0.202,0.2014,0.1977,0.1975,0.1951,0.1918,0.1881,0.1898,0.1874,0.1859,0.1814,0.1746,0.1715,0.1691,0.1663,0.1636,0.1592,0.1554,0.1505,0.1474,0.1494,0.1469,0.1408,0.1329,0.1251,0.121,0.1175,0.1156,0.1117,0.1057,0.0996,0.0941,0.0894,0.0843,0.0764,0.07,0.0632,0.0574,0.0533,0.0502,0.0473,0.0441,0.0423,0.0389,0.0344,0.0308,0.0274,0.0242,0.0213,0.0188,0.0161,0.0139,0.0112,0.009,0.0074,0.0057,0.0046,0.0033,0.0024,0.0015,0.0007,0.0003,0.0002,0.0002,0.0002,0.0001,0.0001,0.0001,0.0,0.0,0.0,0.0,0.0,0.0,0.0,0.0,0.0,0.0,0.0,0.0,0.0,0.0,0.0,0.0,0.0,0.0,0.0,0.0,0.0,0.0002
0.3005,0.2954,0.2801,0.2719,0.2717,0.268,0.2592,0.2554,0.2493,0.2397,0.229,0.2176,0.2107,0.2003,0.191,0.1779,0.1667,0.1549,0.1451,0.1374,0.1256,0.1174,0.1101,0.1015,0.0962,0.0899,0.083,0.0755,0.0702,0.0655,0.0582,0.0516,0.0459,0.0424,0.0419,0.0403,0.0375,0.0339,0.0308,0.0286,0.0255,0.0219,0.0175,0.0143,0.0111,0.0089,0.0075,0.0065,0.0058,0.0055,0.0051,0.0044,0.0039,0.0033,0.0027,0.0022,0.0017,0.0015,0.0014,0.0012,0.0011,0.001,0.0008,0.0007,0.0006,0.0005,0.0004,0.0003,0.0002,0.0002,0.0002,0.0002,0.0002,0.0001,0.0001,0.0001,0.0001,0.0001,0.0001,0.0001,0.0001,0.0001,0.0001,0.0001,0.0001,0.0001,0.0001,0.0001,0.0001,0.0001
0.3172,0.3043,0.3017,0.2876,0.2807,0.2776,0.2777,0.2672,0.2605,0.2386,0.2232,0.2033,0.189,0.1764,0.1613,0.1384,0.1182,0.1031,0.0928,0.0857,0.0836,0.0794,0.072,0.0646,0.0606,0.0552,0.0494,0.0433,0.037,0.0327,0.0293,0.0258,0.0198,0.0161,0.0122,0.0087,0.0058,0.0038,0.0025,0.0025,0.0021,0.0015,0.0009,0.0006,0.0003,0.0001,0.0,0.0,0.0,0.0,0.0,0.0,0.0,0.0,0.0,0.0,0.0,0.0,0.0,0.0,0.0,0.0,0.0,0.0,0.0001,0.0001,0.0001,0.0001,0.0001,0.0,0.0,0.0001,0.0001,0.0001,0.0002,0.0002,0.0003,0.0003,0.0002,0.0001,0.0,0.0,0.0,0.0,0.0,0.0,0.0,0.0,0.0,0.0
0.4043,0.3858,0.394,0.3864,0.3789,0.3749,0.3739,0.3732,0.3669,0.3438,0.3319,0.3221,0.3077,0.2969,0.2803,0.2651,0.2524,0.2426,0.2378,0.2318,0.2241,0.2133,0.2045,0.1964,0.1874,0.1831,0.1778,0.172,0.1667,0.1595,0.1525,0.1471,0.1392,0.1334,0.1262,0.1127,0.1003,0.0892,0.0824,0.0792,0.0699,0.064,0.0655,0.0657,0.0642,0.0613,0.0558,0.0548,0.0572,0.058,0.0571,0.0542,0.05,0.0452,0.0416,0.0385,0.0361,0.0336,0.0321,0.0309,0.0288,0.0263,0.0238,0.0217,0.0191,0.0163,0.0136,0.011,0.0092,0.0077,0.0067,0.0056,0.0044,0.0035,0.003,0.0026,0.0021,0.0017,0.0012,0.001,0.0007,0.0004,0.0003,0.0003,0.0002,0.0001,0.0,0.0,0.0,0.0
0.4257,0.4146,0.4135,0.4081,0.399,0.3902,0.3752,0.3702,0.3629,0.3525,0.3448,0.3368,0.3274,0.3174,0.3073,0.2974,0.289,0.2778,0.2666,0.2546,0.2402,0.2265,0.2171,0.2109,0.201,0.1902,0.1819,0.1739,0.1678,0.1635,0.1579,0.1509,0.1468,0.1423,0.1405,0.1371,0.1348,0.131,0.125,0.1203,0.1183,0.1118,0.1033,0.0969,0.0911,0.0863,0.0825,0.077,0.0699,0.0619,0.0539,0.0469,0.0414,0.0373,0.0336,0.0305,0.0263,0.0225,0.0189,0.0154,0.012,0.0087,0.0062,0.0044,0.0027,0.0015,0.0007,0.0002,0.0,0.0,0.0,0.0,0.0,0.0,0.0,0.0,0.0,0.0,0.0,0.0,0.0,0.0,0.0,0.0,0.0,0.0,0.0,0.0,0.0,0.0
0.395,0.3863,0.3824,0.3765,0.3703,0.3622,0.3522,0.3466,0.337,0.3229,0.3154,0.3098,0.3037,0.2894,0.2769,0.2659,0.2592,0.2543,0.2441,0.2384,0.2307,0.2097,0.194,0.1867,0.1735,0.1602,0.1492,0.1405,0.1336,0.1261,0.1173,0.1053,0.0961,0.0877,0.0765,0.0662,0.0593,0.0547,0.05,0.0451,0.0424,0.0387,0.0329,0.0273,0.022,0.0183,0.0164,0.0131,0.0083,0.0056,0.0036,0.002,0.0008,0.0005,0.0003,0.0002,0.0,0.0,0.0,0.0,0.0,0.0,0.0,0.0,0.0,0.0,0.0,0.0,0.0,0.0,0.0,0.0,0.0,0.0,0.0,0.0,0.0,0.0,0.0,0.0,0.0,0.0,0.0,0.0,0.0,0.0,0.0,0.0,0.0,0.0
0.5005,0.4853,0.4723,0.461,0.4507,0.4427,0.4364,0.4224,0.4147,0.4039,0.3916,0.3804,0.3727,0.3617,0.3509,0.3362,0.3272,0.3178,0.302,0.2864,0.2718,0.2578,0.2357,0.2173,0.201,0.1832,0.1646,0.1482,0.1354,0.1179,0.1056,0.0921,0.0785,0.068,0.055,0.0448,0.0373,0.0312,0.0265,0.0239,0.0216,0.0188,0.0163,0.0146,0.0125,0.0108,0.0089,0.0068,0.0043,0.0026,0.0013,0.0005,0.0002,0.0,0.0,0.0,0.0,0.0,0.0,0.0,0.0,0.0,0.0,0.0,0.0,0.0,0.0,0.0,0.0,0.0,0.0,0.0,0.0,0.0,0.0,0.0,0.0,0.0,0.0,0.0,0.0,0.0,0.0,0.0,0.0,0.0,0.0,0.0,0.0,0.0
0.4249,0.4226,0.4183,0.4077,0.3965,0.3848,0.376,0.3693,0.3632,0.3605,0.3538,0.3493,0.3439,0.3417,0.3366,0.3295,0.3169,0.3061,0.3,0.2917,0.2814,0.2795,0.2721,0.2604,0.2476,0.2342,0.2208,0.2066,0.1904,0.1792,0.1658,0.1538,0.1434,0.1345,0.1273,0.1121,0.0981,0.0877,0.0771,0.0678,0.0604,0.053,0.0457,0.0382,0.0306,0.0234,0.0178,0.0135,0.01,0.0068,0.004,0.0023,0.0008,0.0003,0.0001,0.0,0.0,0.0,0.0,0.0,0.0,0.0,0.0,0.0,0.0,0.0,0.0,0.0,0.0,0.0,0.0,0.0,0.0,0.0,0.0,0.0,0.0,0.0,0.0,0.0,0.0002,0.0003,0.0004,0.0004,0.0004,0.0004,0.0004,0.0004,0.0003,0.0002
0.2184,0.2169,0.211,0.2066,0.2022,0.1953,0.1877,0.1822,0.1755,0.1678,0.1602,0.1548,0.1485,0.1472,0.1391,0.1325,0.1245,0.1198,0.1181,0.1139,0.111,0.1115,0.1099,0.1077,0.1054,0.1035,0.1007,0.0978,0.0937,0.0911,0.0881,0.0849,0.0825,0.0796,0.0783,0.0762,0.073,0.0703,0.0666,0.063,0.0595,0.0587,0.0559,0.0535,0.0509,0.0475,0.0443,0.0419,0.0398,0.0372,0.0349,0.0331,0.0311,0.0284,0.0259,0.0243,0.0225,0.0207,0.0192,0.018,0.0171,0.0164,0.0157,0.0146,0.0136,0.0127,0.0117,0.0103,0.0096,0.009,0.0086,0.0084,0.0078,0.0069,0.0063,0.0057,0.0053,0.0048,0.0047,0.0041,0.0033,0.0026,0.0021,0.0018,0.0016,0.0012,0.001,0.0008,0.0007,0.0006
0.1697,0.166,0.1605,0.157,0.1551,0.1513,0.1464,0.1423,0.1373,0.1317,0.1255,0.1187,0.1136,0.1101,0.1068,0.1034,0.1006,0.0987,0.0971,0.096,0.095,0.0943,0.0933,0.0894,0.0858,0.0847,0.0839,0.0815,0.0784,0.0742,0.0711,0.0678,0.0637,0.0596,0.0561,0.0523,0.0493,0.0472,0.0437,0.0399,0.0362,0.0337,0.0297,0.0269,0.0264,0.0245,0.0216,0.0177,0.0132,0.0105,0.0081,0.0047,0.0024,0.0014,0.0006,0.0002,0.0001,0.0001,0.0,0.0001,0.0001,0.0001,0.0,0.0,0.0,0.0,0.0,0.0,0.0,0.0,0.0,0.0,0.0,0.0,0.0,0.0,0.0,0.0,0.0,0.0,0.0,0.0,0.0,0.0,0.0,0.0,0.0,0.0,0.0,0.0
0.1863,0.1854,0.1834,0.1804,0.1787,0.1749,0.1702,0.1657,0.1615,0.1578,0.1566,0.1485,0.1406,0.1348,0.1281,0.1204,0.1101,0.1015,0.0957,0.0901,0.0864,0.0841,0.0815,0.0754,0.0674,0.0566,0.0473,0.0387,0.0313,0.0253,0.02,0.0168,0.0149,0.0135,0.0125,0.011,0.0091,0.0079,0.0069,0.0058,0.0048,0.0039,0.0031,0.0024,0.0024,0.0018,0.001,0.0004,0.0002,0.0001,0.0,0.0,0.0,0.0,0.0,0.0,0.0,0.0,0.0,0.0,0.0,0.0,0.0,0.0,0.0,0.0,0.0,0.0,0.0,0.0,0.0,0.0,0.0,0.0,0.0,0.0,0.0,0.0,0.0,0.0,0.0,0.0,0.0,0.0,0.0,0.0,0.0,0.0,0.0,0.0
0.0334,0.0297,0.0258,0.0241,0.0224,0.0225,0.0255,0.0276,0.0302,0.0298,0.0281,0.0252,0.0199,0.0152,0.0125,0.0102,0.0073,0.0044,0.0027,0.0016,0.0006,0.0002,0.0,0.0,0.0,0.0,0.0,0.0,0.0,0.0,0.0,0.0,0.0,0.0,0.0,0.0,0.0,0.0,0.0,0.0,0.0,0.0,0.0,0.0,0.0,0.0,0.0,0.0,0.0,0.0,0.0,0.0,0.0,0.0,0.0,0.0,0.0,0.0,0.0,0.0,0.0,0.0,0.0,0.0,0.0,0.0,0.0,0.0,0.0,0.0,0.0,0.0,0.0,0.0,0.0,0.0,0.0,0.0,0.0,0.0,0.0,0.0,0.0,0.0,0.0,0.0,0.0,0.0,0.0,0.0
0.0034,0.0025,0.0022,0.0019,0.0015,0.0012,0.0011,0.0009,0.0009,0.0008,0.0009,0.0009,0.0009,0.0007,0.0006,0.0005,0.0004,0.0004,0.0004,0.0004,0.0004,0.0005,0.0005,0.0004,0.0004,0.0004,0.0003,0.0002,0.0001,0.0001,0.0001,0.0001,0.0001,0.0001,0.0,0.0,0.0,0.0,0.0,0.0,0.0,0.0,0.0,0.0,0.0,0.0,0.0,0.0,0.0,0.0,0.0,0.0,0.0,0.0,0.0,0.0,0.0,0.0,0.0,0.0,0.0,0.0,0.0,0.0,0.0,0.0,0.0,0.0,0.0,0.0,0.0,0.0,0.0,0.0,0.0,0.0,0.0,0.0,0.0,0.0,0.0,0.0,0.0,0.0,0.0,0.0,0.0,0.0,0.0,0.0
0.0314,0.0312,0.0319,0.0321,0.0327,0.0342,0.0347,0.0348,0.0344,0.0351,0.0363,0.0373,0.0373,0.0373,0.0372,0.0372,0.037,0.037,0.0371,0.0369,0.0366,0.0363,0.0362,0.0359,0.0355,0.0353,0.0355,0.0352,0.035,0.0348,0.0347,0.0344,0.0345,0.0345,0.034,0.0323,0.0312,0.0313,0.0312,0.0309,0.0307,0.0313,0.0316,0.0323,0.0325,0.0329,0.0338,0.0343,0.0345,0.0344,0.0344,0.0343,0.0342,0.0342,0.0342,0.0342,0.0341,0.034,0.0337,0.0333,0.0334,0.0342,0.0345,0.0343,0.0342,0.0341,0.0339,0.0336,0.0325,0.0303,0.0291,0.0288,0.0291,0.0298,0.0309,0.0315,0.0328,0.0332,0.0335,0.0334,0.0331,0.0328,0.0325,0.0323,0.0334,0.0337,0.0337,0.0336,0.0335,0.0334
0.4212,0.4188,0.4251,0.4308,0.438,0.4466,0.4503,0.4555,0.4621,0.466,0.4676,0.4712,0.4754,0.4801,0.4824,0.486,0.489,0.489,0.4858,0.4898,0.4904,0.4853,0.4789,0.4717,0.4659,0.461,0.4564,0.4525,0.4456,0.444,0.4385,0.4307,0.4303,0.4318,0.4314,0.4283,0.4264,0.4233,0.4186,0.4162,0.4131,0.4126,0.4155,0.4182,0.4198,0.4239,0.4358,0.4465,0.4523,0.4522,0.4496,0.445,0.4407,0.4372,0.4294,0.4254,0.4214,0.417,0.4138,0.4142,0.4151,0.4116,0.4083,0.4057,0.4031,0.3982,0.391,0.3852,0.3792,0.3758,0.3726,0.3701,0.3687,0.3679,0.3663,0.364,0.3618,0.3588,0.3569,0.354,0.3494,0.3437,0.3403,0.338,0.3386,0.3395,0.3437,0.3449,0.3442,0.3427
0.4764,0.4699,0.461,0.461,0.4558,0.4474,0.4458,0.4449,0.4412,0.437,0.4336,0.4282,0.4254,0.4218,0.4168,0.4107,0.4047,0.3972,0.3942,0.3878,0.3756,0.3693,0.3646,0.3587,0.3572,0.3547,0.3496,0.3501,0.3498,0.3405,0.3342,0.3284,0.3188,0.3054,0.2939,0.2869,0.2773,0.2686,0.2613,0.2559,0.2465,0.2365,0.2273,0.2164,0.2056,0.1957,0.1791,0.1581,0.1425,0.1348,0.1296,0.1251,0.121,0.1179,0.118,0.1141,0.1072,0.1042,0.1018,0.0972,0.0893,0.0808,0.0766,0.0733,0.0706,0.0714,0.0735,0.0746,0.0735,0.0723,0.0716,0.07,0.0684,0.0673,0.0663,0.0646,0.0645,0.0627,0.0605,0.0615,0.0633,0.0642,0.0663,0.0678,0.064,0.0602,0.0569,0.0551,0.0585,0.0606
0.4727,0.4538,0.4372,0.4198,0.4039,0.3917,0.3817,0.3698,0.3565,0.3422,0.3328,0.3207,0.3078,0.2893,0.2785,0.2663,0.2488,0.2351,0.2266,0.2198,0.2133,0.2048,0.1961,0.1864,0.1774,0.1678,0.1594,0.1537,0.1458,0.1404,0.1307,0.1238,0.115,0.1044,0.0996,0.0933,0.0863,0.0797,0.0717,0.0652,0.0585,0.0536,0.0478,0.0423,0.0374,0.0328,0.0278,0.0227,0.0198,0.0178,0.016,0.0145,0.0131,0.0114,0.0116,0.0118,0.0106,0.0095,0.0089,0.0077,0.0056,0.0039,0.0029,0.0023,0.0022,0.0022,0.0023,0.0023,0.0018,0.0014,0.001,0.0007,0.0005,0.0003,0.0001,0.0,0.0,0.0,0.0,0.0,0.0,0.0,0.0,0.0,0.0,0.0,0.0,0.0,0.0,0.0001
0.5483,0.5381,0.5276,0.5098,0.4886,0.4684,0.4533,0.4353,0.4123,0.394,0.3899,0.3763,0.3541,0.3359,0.3189,0.3034,0.2887,0.2736,0.2582,0.2435,0.2323,0.2221,0.2104,0.1986,0.1902,0.176,0.1591,0.144,0.1293,0.1146,0.1002,0.0878,0.0746,0.0649,0.0552,0.0472,0.0397,0.0349,0.0304,0.0251,0.0211,0.0188,0.0163,0.0143,0.0135,0.0127,0.0112,0.0102,0.0096,0.0092,0.0088,0.0085,0.0082,0.0077,0.0067,0.0047,0.0037,0.0027,0.0015,0.0009,0.0006,0.0004,0.0005,0.0004,0.0002,0.0001,0.0,0.0,0.0,0.0,0.0,0.0,0.0,0.0,0.0,0.0,0.0,0.0,0.0,0.0,0.0,0.0,0.0,0.0,0.0,0.0,0.0,0.0,0.0,0.0
0.4855,0.4788,0.4753,0.4717,0.466,0.4575,0.4462,0.4371,0.4271,0.417,0.4093,0.4052,0.3988,0.3883,0.3771,0.3708,0.3637,0.3557,0.3482,0.3359,0.3245,0.3174,0.3134,0.3056,0.2957,0.2879,0.2776,0.2675,0.2585,0.2479,0.2375,0.2245,0.212,0.1961,0.1758,0.1598,0.1449,0.1314,0.12,0.1091,0.096,0.0865,0.0761,0.0662,0.0581,0.0495,0.0427,0.04,0.0329,0.0272,0.0254,0.0205,0.0165,0.0134,0.0107,0.0075,0.0051,0.0038,0.0026,0.002,0.0013,0.0007,0.0005,0.0003,0.0002,0.0001,0.0,0.0,0.0,0.0,0.0,0.0,0.0,0.0,0.0,0.0,0.0,0.0,0.0,0.0,0.0,0.0,0.0,0.0,0.0,0.0,0.0,0.0,0.0,0.0
0.4278,0.4218,0.416,0.4097,0.4089,0.4027,0.3924,0.3772,0.3671,0.3552,0.336,0.3136,0.3001,0.2888,0.2806,0.269,0.2577,0.25,0.2411,0.2335,0.2206,0.204,0.1896,0.1764,0.1606,0.1476,0.1376,0.1273,0.117,0.1062,0.097,0.0883,0.0808,0.0695,0.0611,0.0521,0.0494,0.042,0.035,0.0322,0.0317,0.0296,0.0268,0.0269,0.0254,0.0237,0.0199,0.0185,0.0167,0.0142,0.011,0.009,0.0068,0.0048,0.0028,0.0012,0.0007,0.0003,0.0001,0.0,0.0,0.0,0.0,0.0,0.0,0.0,0.0,0.0,0.0,0.0,0.0,0.0,0.0,0.0,0.0,0.0,0.0,0.0,0.0,0.0,0.0,0.0,0.0,0.0,0.0,0.0,0.0,0.0,0.0,0.0
