0.356,0.3489,0.3407,0.3311,0.3269,0.3264,0.3192,0.3115,0.3019,0.289,0.2726,0.2617,0.2509,0.2413,0.2331,0.2228,0.2111,0.1969,0.1862,0.1782,0.1715,0.1652,0.1578,0.1482,0.1414,0.1329,0.1207,0.1135,0.1058,0.0955,0.0853,0.074,0.0636,0.0564,0.0483,0.0421,0.0371,0.0341,0.0307,0.0278,0.0256,0.0236,0.0208,0.0182,0.0173,0.016,0.0148,0.0146,0.0148,0.0151,0.0144,0.0139,0.0135,0.0129,0.0121,0.0117,0.0115,0.0111,0.0112,0.0117,0.0114,0.0117,0.0122,0.0136,0.0142,0.0147,0.0148,0.0145,0.015,0.0149,0.0144,0.0148,0.0148,0.0147,0.0146,0.0142,0.0139,0.0137,0.0138,0.0142,0.0135,0.0129,0.0117,0.0098,0.0081,0.007,0.006,0.0051,0.0048,0.0045
0.3837,0.3795,0.3719,0.3638,0.3546,0.3532,0.3502,0.3387,0.3359,0.3259,0.3131,0.3048,0.3012,0.2932,0.2863,0.2765,0.266,0.2524,0.2391,0.2288,0.2192,0.2109,0.1993,0.1903,0.185,0.181,0.1716,0.1631,0.1608,0.1514,0.1447,0.1368,0.1316,0.1273,0.1219,0.117,0.1137,0.1087,0.1041,0.1006,0.0968,0.0915,0.0856,0.0821,0.0784,0.0738,0.0707,0.069,0.0644,0.0597,0.055,0.0526,0.0501,0.0475,0.0455,0.0432,0.0412,0.0395,0.0382,0.0374,0.0362,0.0349,0.0343,0.0327,0.0311,0.0302,0.0291,0.0285,0.0271,0.0265,0.0254,0.0234,0.0219,0.0202,0.0184,0.0166,0.0144,0.0127,0.011,0.0091,0.0065,0.0052,0.0042,0.003,0.0023,0.0021,0.0018,0.002,0.0025,0.0024
0.441,0.4343,0.4267,0.4214,0.4153,0.4061,0.3992,0.393,0.3848,0.3809,0.3716,0.3597,0.3511,0.3431,0.337,0.3316,0.3249,0.3191,0.31,0.3014,0.2948,0.2859,0.2755,0.2645,0.2527,0.2408,0.2301,0.2206,0.2132,0.2068,0.1982,0.1903,0.1836,0.1769,0.1677,0.1586,0.1506,0.142,0.1307,0.1206,0.1117,0.1045,0.0967,0.0904,0.0856,0.08,0.0729,0.0681,0.0626,0.0568,0.0516,0.0477,0.0443,0.0416,0.0392,0.037,0.0352,0.0334,0.032,0.0304,0.0288,0.0269,0.0246,0.0217,0.0196,0.0177,0.0157,0.0139,0.0122,0.011,0.009,0.0069,0.0053,0.0041,0.0033,0.0026,0.0026,0.0026,0.0026,0.0026,0.0025,0.0022,0.0017,0.0018,0.0018,0.0019,0.002,0.0023,0.0024,0.0024
0.2996,0.2983,0.2994,0.2966,0.2963,0.2883,0.2763,0.2728,0.2686,0.2629,0.2618,0.2545,0.2434,0.2333,0.2227,0.2131,0.207,0.2023,0.1979,0.1882,0.1753,0.1639,0.1558,0.1489,0.1436,0.1382,0.1341,0.1292,0.121,0.1132,0.1072,0.0992,0.0914,0.0831,0.0772,0.0737,0.0706,0.0666,0.0633,0.0605,0.0578,0.0556,0.0541,0.0529,0.0509,0.0486,0.0467,0.0436,0.0393,0.0342,0.0287,0.0259,0.024,0.0223,0.0206,0.0193,0.0185,0.0178,0.0171,0.0167,0.0159,0.0154,0.0148,0.0143,0.0138,0.0135,0.013,0.0126,0.0123,0.0119,0.0114,0.011,0.0102,0.0091,0.008,0.0072,0.0068,0.0066,0.0063,0.0059,0.0051,0.0044,0.0038,0.0036,0.0035,0.0033,0.0029,0.0028,0.0026,0.0025
0.1428,0.1392,0.1322,0.1252,0.1178,0.1103,0.1051,0.0996,0.0929,0.0886,0.087,0.0853,0.08,0.0745,0.0696,0.0655,0.0628,0.0606,0.0588,0.0554,0.0515,0.0475,0.0444,0.04,0.037,0.0335,0.0289,0.0259,0.0231,0.0187,0.0142,0.0115,0.0094,0.0072,0.006,0.005,0.0044,0.0037,0.0034,0.0032,0.0029,0.0025,0.0021,0.0018,0.0017,0.0015,0.0013,0.0012,0.0011,0.0006,0.0004,0.0004,0.0004,0.0004,0.0003,0.0003,0.0003,0.0002,0.0002,0.0002,0.0001,0.0001,0.0001,0.0,0.0,0.0,0.0,0.0,0.0,0.0,0.0,0.0,0.0,0.0,0.0,0.0,0.0,0.0,0.0,0.0,0.0,0.0,0.0,0.0,0.0,0.0,0.0,0.0,0.0,0.0
0.0531,0.0514,0.0481,0.0441,0.0409,0.0382,0.0353,0.0346,0.0338,0.0338,0.0308,0.0271,0.0234,0.0199,0.0172,0.0143,0.0117,0.0094,0.0072,0.0053,0.0036,0.0022,0.0012,0.0012,0.001,0.001,0.0014,0.0017,0.0014,0.0014,0.0017,0.0015,0.0009,0.0009,0.0009,0.0011,0.0008,0.0005,0.0003,0.0004,0.0004,0.0005,0.0005,0.0004,0.0004,0.0004,0.0004,0.0003,0.0002,0.0001,0.0001,0.0002,0.0005,0.0006,0.0004,0.0002,0.0001,0.0001,0.0001,0.0,0.0,0.0,0.0,0.0,0.0,0.0,0.0,0.0,0.0,0.0,0.0,0.0,0.0,0.0,0.0,0.0,0.0,0.0,0.0,0.0,0.0,0.0,0.0,0.0,0.0,0.0,0.0,0.0,0.0,0.0
0.124,0.1224,0.118,0.1078,0.1043,0.1006,0.0943,0.0958,0.0972,0.0972,0.0972,0.0959,0.0929,0.0911,0.0914,0.092,0.09,0.087,0.0836,0.0844,0.0833,0.0815,0.0789,0.0767,0.0743,0.0726,0.0703,0.0678,0.0654,0.0623,0.0597,0.0573,0.0544,0.0514,0.0485,0.0474,0.0441,0.0401,0.0367,0.0343,0.0316,0.0288,0.026,0.0233,0.021,0.019,0.0174,0.0159,0.0145,0.0126,0.0116,0.0106,0.0089,0.0074,0.0057,0.004,0.0025,0.0016,0.0009,0.0004,0.0001,0.0,0.0,0.0,0.0,0.0,0.0,0.0,0.0,0.0,0.0,0.0,0.0,0.0,0.0,0.0,0.0,0.0,0.0,0.0,0.0,0.0,0.0,0.0,0.0,0.0,0.0,0.0,0.0,0.0
0.1737,0.173,0.1737,0.1725,0.1671,0.163,0.16,0.153,0.144,0.1349,0.1263,0.1199,0.1161,0.1089,0.0995,0.0921,0.0856,0.0798,0.0744,0.0672,0.0617,0.0569,0.0511,0.0437,0.0372,0.0323,0.0281,0.0246,0.0222,0.0199,0.0182,0.0166,0.0152,0.0135,0.0119,0.0111,0.0085,0.0071,0.006,0.0051,0.0043,0.0039,0.0035,0.003,0.0028,0.0025,0.0022,0.0019,0.0016,0.0011,0.0008,0.0005,0.0004,0.0002,0.0,0.0,0.0,0.0,0.0,0.0,0.0,0.0,0.0,0.0,0.0,0.0,0.0,0.0,0.0,0.0,0.0,0.0,0.0,0.0,0.0,0.0,0.0,0.0,0.0,0.0,0.0,0.0,0.0,0.0,0.0,0.0,0.0,0.0,0.0,0.0
0.077,0.075,0.0733,0.0725,0.0696,0.0673,0.0656,0.0633,0.0593,0.0558,0.053,0.0494,0.0464,0.0433,0.0395,0.0356,0.0316,0.0287,0.0264,0.0238,0.0216,0.0185,0.016,0.014,0.0123,0.0106,0.009,0.0077,0.0071,0.0066,0.0065,0.0065,0.0061,0.0058,0.0056,0.0052,0.0051,0.0057,0.0062,0.0069,0.0074,0.0075,0.0077,0.0082,0.0084,0.0084,0.0088,0.0085,0.0079,0.0074,0.007,0.0062,0.006,0.0055,0.0052,0.0051,0.0049,0.0046,0.0048,0.005,0.005,0.0049,0.0047,0.0047,0.0043,0.0037,0.0029,0.0018,0.0015,0.0013,0.0011,0.0006,0.0005,0.0002,0.0,0.0,0.0,0.0,0.0,0.0,0.0,0.0,0.0,0.0,0.0,0.0,0.0,0.0,0.0,0.0
0.0738,0.0713,0.0684,0.0663,0.0645,0.0612,0.0585,0.0576,0.0591,0.0587,0.0588,0.0581,0.0565,0.0544,0.0529,0.0512,0.0485,0.0459,0.0441,0.0426,0.0426,0.0426,0.0414,0.0402,0.0401,0.0401,0.0391,0.0381,0.0379,0.0381,0.0382,0.0382,0.0388,0.0395,0.0397,0.0396,0.0385,0.0377,0.0365,0.0343,0.0326,0.0307,0.0295,0.0284,0.027,0.0252,0.0237,0.0225,0.0212,0.0198,0.0184,0.017,0.0165,0.0158,0.0149,0.0146,0.0141,0.013,0.0119,0.0107,0.0095,0.0082,0.0066,0.0056,0.0039,0.0026,0.0013,0.0006,0.0002,0.0001,0.0,0.0,0.0,0.0,0.0,0.0,0.0,0.0,0.0,0.0,0.0,0.0,0.0,0.0,0.0,0.0,0.0,0.0,0.0,0.0
0.0869,0.084,0.0827,0.0815,0.08,0.0794,0.0776,0.0748,0.0726,0.07,0.0676,0.0656,0.0626,0.0602,0.0578,0.0551,0.0529,0.0514,0.0505,0.0486,0.0461,0.0432,0.0416,0.0404,0.037,0.0339,0.0321,0.0305,0.0292,0.0284,0.0272,0.0256,0.0233,0.0215,0.0204,0.0195,0.0177,0.0164,0.0163,0.0165,0.0162,0.0155,0.0143,0.0133,0.0129,0.0123,0.0117,0.0112,0.0109,0.0102,0.0091,0.0079,0.0077,0.0073,0.0071,0.006,0.0051,0.0044,0.0036,0.0029,0.0022,0.0018,0.0016,0.0015,0.0009,0.0003,0.0001,0.0,0.0,0.0,0.0,0.0,0.0,0.0,0.0,0.0,0.0,0.0,0.0,0.0,0.0,0.0,0.0,0.0,0.0,0.0,0.0,0.0,0.0,0.0
0.0733,0.0722,0.0702,0.0694,0.0711,0.0715,0.0702,0.0684,0.0675,0.0681,0.069,0.0701,0.0708,0.0694,0.0664,0.0657,0.0651,0.0634,0.0621,0.0573,0.0546,0.0542,0.055,0.055,0.0528,0.0515,0.0522,0.0517,0.0502,0.049,0.0476,0.0452,0.0436,0.0409,0.0389,0.0368,0.0344,0.0317,0.0295,0.0274,0.0246,0.0222,0.0205,0.0179,0.016,0.0148,0.0135,0.0123,0.011,0.0098,0.0089,0.0078,0.0061,0.0044,0.003,0.0019,0.0014,0.001,0.0006,0.0004,0.0002,0.0001,0.0,0.0,0.0,0.0,0.0,0.0,0.0,0.0,0.0,0.0,0.0,0.0,0.0,0.0,0.0,0.0,0.0,0.0,0.0,0.0,0.0,0.0,0.0,0.0,0.0,0.0,0.0,0.0
0.0889,0.0877,0.0857,0.0838,0.0825,0.0829,0.0831,0.0822,0.0809,0.08,0.0801,0.0793,0.0762,0.0737,0.0706,0.0668,0.0659,0.0633,0.0612,0.0585,0.0562,0.0525,0.0522,0.051,0.0487,0.0453,0.043,0.0405,0.0384,0.0364,0.0344,0.032,0.0297,0.0284,0.0267,0.0246,0.0228,0.0204,0.0183,0.0165,0.0155,0.0141,0.0126,0.0112,0.0098,0.0086,0.008,0.0074,0.0062,0.0049,0.0037,0.0025,0.0017,0.0008,0.0002,0.0,0.0,0.0,0.0,0.0,0.0,0.0,0.0,0.0,0.0,0.0,0.0,0.0,0.0,0.0,0.0,0.0,0.0,0.0,0.0,0.0,0.0,0.0,0.0,0.0,0.0,0.0,0.0,0.0,0.0,0.0,0.0,0.0,0.0,0.0
0.0649,0.0634,0.0631,0.062,0.0584,0.0548,0.0522,0.0508,0.0496,0.0476,0.0431,0.0397,0.0382,0.0367,0.0357,0.0344,0.0331,0.0321,0.0305,0.0299,0.0285,0.027,0.0239,0.0219,0.0209,0.0197,0.0179,0.0163,0.0144,0.0127,0.0118,0.0112,0.0099,0.0068,0.0046,0.0023,0.0015,0.0012,0.0009,0.0002,0.0,0.0,0.0,0.0,0.0,0.0,0.0,0.0,0.0,0.0,0.0,0.0,0.0,0.0,0.0,0.0,0.0,0.0,0.0,0.0,0.0,0.0,0.0,0.0,0.0,0.0,0.0,0.0,0.0,0.0,0.0,0.0,0.0,0.0,0.0,0.0,0.0,0.0,0.0,0.0,0.0,0.0,0.0,0.0,0.0,0.0,0.0,0.0,0.0,0.0
0.0319,0.0304,0.0292,0.0289,0.0274,0.026,0.0253,0.0267,0.0272,0.0253,0.0239,0.0255,0.0253,0.0223,0.0188,0.0157,0.0143,0.0144,0.0152,0.0152,0.0139,0.0141,0.0142,0.0123,0.0106,0.0104,0.0096,0.0087,0.0082,0.0082,0.0076,0.0068,0.0057,0.0047,0.0046,0.0049,0.0049,0.0045,0.0038,0.0035,0.0035,0.0046,0.005,0.005,0.0059,0.0066,0.0067,0.0065,0.0064,0.0063,0.0057,0.005,0.0046,0.0038,0.003,0.0022,0.0012,0.0006,0.0003,0.0,0.0,0.0,0.0,0.0,0.0,0.0,0.0,0.0,0.0,0.0,0.0,0.0,0.0,0.0,0.0,0.0,0.0,0.0,0.0,0.0,0.0,0.0,0.0,0.0,0.0,0.0,0.0,0.0,0.0,0.0
0.0832,0.0859,0.0886,0.0912,0.0908,0.0887,0.0863,0.0851,0.0846,0.083,0.0783,0.0783,0.0785,0.0775,0.0763,0.0753,0.0765,0.0764,0.0751,0.0743,0.0725,0.0708,0.0686,0.066,0.0624,0.06,0.059,0.0565,0.0546,0.0544,0.0541,0.0527,0.0496,0.0449,0.0407,0.0385,0.0365,0.0318,0.0257,0.021,0.0179,0.015,0.013,0.0107,0.0082,0.0064,0.0051,0.0042,0.0035,0.003,0.0023,0.0017,0.0011,0.0008,0.0007,0.001,0.0012,0.0008,0.0006,0.0005,0.0005,0.0006,0.0006,0.0005,0.0005,0.0003,0.0002,0.0001,0.0,0.0,0.0,0.0,0.0,0.0,0.0,0.0,0.0,0.0,0.0,0.0,0.0,0.0,0.0,0.0,0.0,0.0,0.0,0.0,0.0,0.0
0.1895,0.1881,0.182,0.1831,0.184,0.1832,0.1829,0.1803,0.1737,0.1698,0.1622,0.159,0.1547,0.1485,0.148,0.1471,0.1448,0.1411,0.1453,0.1471,0.147,0.1439,0.1401,0.138,0.1356,0.1305,0.1256,0.1219,0.1179,0.1141,0.1105,0.1054,0.1012,0.0968,0.0913,0.0849,0.079,0.0737,0.0673,0.0609,0.0548,0.0491,0.0446,0.041,0.0378,0.0334,0.0293,0.0256,0.0223,0.0198,0.0182,0.0165,0.0146,0.0122,0.01,0.0084,0.007,0.0059,0.0049,0.004,0.0029,0.0015,0.0011,0.0004,0.0002,0.0001,0.0001,0.0,0.0,0.0,0.0,0.0,0.0,0.0,0.0,0.0,0.0,0.0,0.0,0.0,0.0,0.0,0.0,0.0,0.0,0.0,0.0,0.0,0.0002,0.0002
0.2873,0.2853,0.2722,0.2642,0.2647,0.2645,0.2604,0.2539,0.2457,0.2373,0.2266,0.2141,0.2061,0.1961,0.1883,0.1792,0.1701,0.1647,0.1522,0.135,0.1205,0.1104,0.0981,0.0888,0.0812,0.0755,0.0696,0.0639,0.0579,0.0502,0.0438,0.0379,0.0332,0.0305,0.0291,0.0276,0.0241,0.0216,0.02,0.0187,0.0177,0.0159,0.0142,0.0138,0.0122,0.0109,0.0102,0.0097,0.0086,0.008,0.0078,0.0069,0.0058,0.0052,0.0045,0.0042,0.0043,0.0041,0.0035,0.0032,0.0033,0.0025,0.0017,0.001,0.0007,0.0005,0.0004,0.0002,0.0002,0.0002,0.0001,0.0001,0.0001,0.0001,0.0,0.0,0.0,0.0,0.0,0.0,0.0,0.0,0.0,0.0,0.0,0.0,0.0,0.0,0.0004,0.0015
0.3107,0.2994,0.302,0.2822,0.2702,0.2638,0.2532,0.2445,0.231,0.2174,0.2007,0.1823,0.1674,0.1498,0.1303,0.116,0.104,0.0991,0.0926,0.088,0.0842,0.0771,0.0721,0.0682,0.0666,0.0634,0.0617,0.0577,0.054,0.0542,0.0568,0.0557,0.0537,0.0511,0.0474,0.0438,0.0396,0.037,0.0358,0.0328,0.0294,0.0258,0.0234,0.0212,0.02,0.0194,0.0204,0.0209,0.0237,0.0254,0.026,0.0256,0.0228,0.0198,0.0169,0.014,0.0125,0.0109,0.01,0.0082,0.0072,0.008,0.009,0.0101,0.0116,0.0106,0.0109,0.0103,0.0076,0.0068,0.0053,0.0039,0.0027,0.002,0.0027,0.0033,0.0035,0.0039,0.0035,0.0049,0.0045,0.0049,0.0035,0.0022,0.0017,0.002,0.0024,0.0027,0.0031,0.0024
0.4153,0.3945,0.4062,0.3969,0.3807,0.3687,0.3581,0.3517,0.3427,0.3376,0.3331,0.3144,0.3116,0.3074,0.297,0.289,0.2807,0.2774,0.2693,0.2687,0.2734,0.2737,0.2723,0.2677,0.2694,0.2629,0.2508,0.2414,0.2315,0.2248,0.2218,0.2184,0.2123,0.2086,0.1974,0.1916,0.1925,0.1795,0.1685,0.1617,0.1537,0.1468,0.1368,0.1307,0.1259,0.1218,0.1195,0.1165,0.1155,0.1151,0.1119,0.1077,0.1035,0.0993,0.0943,0.0889,0.0855,0.0831,0.0791,0.0767,0.0744,0.072,0.0691,0.0649,0.0611,0.058,0.0548,0.052,0.05,0.0463,0.0438,0.0424,0.0407,0.0386,0.0367,0.0341,0.0323,0.03,0.0275,0.0249,0.0218,0.0192,0.0171,0.0158,0.015,0.0146,0.0146,0.0153,0.0162,0.0158
0.4444,0.4326,0.4325,0.4286,0.4217,0.413,0.4027,0.3957,0.3899,0.3788,0.3729,0.3683,0.3639,0.3566,0.349,0.3408,0.3322,0.3207,0.3055,0.2926,0.2789,0.2612,0.2467,0.2341,0.2213,0.2111,0.2011,0.1901,0.1781,0.1668,0.1562,0.147,0.1371,0.1282,0.1184,0.1119,0.1129,0.1095,0.1001,0.0937,0.0882,0.0869,0.0856,0.0836,0.0819,0.0764,0.0696,0.0649,0.0594,0.0501,0.0417,0.0363,0.0335,0.0329,0.0326,0.0316,0.0293,0.0284,0.0272,0.0253,0.0235,0.0209,0.0185,0.0169,0.0154,0.0148,0.0134,0.0115,0.011,0.0115,0.011,0.0106,0.0092,0.0083,0.0069,0.006,0.005,0.0033,0.0026,0.0021,0.0018,0.0013,0.0011,0.0008,0.0006,0.0005,0.0005,0.0006,0.0006,0.0006
0.4241,0.4131,0.4098,0.4067,0.4001,0.3926,0.385,0.3758,0.3689,0.3647,0.3571,0.3515,0.3505,0.3431,0.3363,0.3329,0.3243,0.3087,0.2933,0.2808,0.2649,0.246,0.2286,0.2151,0.2052,0.1948,0.1888,0.1834,0.174,0.166,0.1595,0.1538,0.1477,0.1416,0.135,0.1267,0.1184,0.1137,0.1113,0.1094,0.1013,0.0926,0.086,0.0775,0.0705,0.0634,0.0565,0.052,0.0504,0.0461,0.0426,0.0399,0.0378,0.036,0.0315,0.0288,0.0248,0.0201,0.0149,0.0111,0.0096,0.008,0.0053,0.0035,0.002,0.0008,0.0002,0.0,0.0,0.0,0.0,0.0,0.0,0.0,0.0,0.0,0.0,0.0,0.0,0.0,0.0,0.0,0.0,0.0,0.0,0.0,0.0,0.0,0.0,0.0
0.5341,0.5216,0.511,0.5022,0.493,0.4876,0.4831,0.4769,0.4714,0.4657,0.4624,0.4491,0.4398,0.4365,0.4275,0.4179,0.4108,0.3976,0.3844,0.3697,0.3522,0.3305,0.3055,0.293,0.2751,0.2601,0.2454,0.2299,0.218,0.2103,0.2054,0.199,0.1925,0.1865,0.1807,0.1752,0.1703,0.1662,0.1627,0.1503,0.1434,0.1348,0.1303,0.1265,0.122,0.1176,0.1129,0.1059,0.1004,0.0968,0.0904,0.0829,0.0749,0.0676,0.0621,0.0576,0.0538,0.0517,0.0471,0.0414,0.0368,0.0337,0.0313,0.0275,0.0249,0.0217,0.018,0.0131,0.0107,0.0077,0.0051,0.0033,0.0021,0.0011,0.0002,0.0,0.0,0.0,0.0,0.0,0.0,0.0,0.0,0.0,0.0,0.0,0.0,0.0,0.0,0.0
0.4354,0.4344,0.4305,0.4216,0.4095,0.3989,0.392,0.3913,0.392,0.3885,0.3847,0.3827,0.3736,0.3662,0.3599,0.3463,0.3312,0.3202,0.3108,0.301,0.2981,0.2943,0.2908,0.2814,0.2759,0.2665,0.2563,0.2475,0.2389,0.2278,0.215,0.2021,0.1926,0.1842,0.1756,0.1677,0.1597,0.1501,0.1402,0.1345,0.1259,0.1166,0.1068,0.0984,0.0904,0.0814,0.0737,0.0674,0.0606,0.0581,0.0539,0.0487,0.0447,0.0396,0.0323,0.0278,0.0238,0.0209,0.0185,0.0162,0.0134,0.0116,0.0097,0.0076,0.0064,0.0053,0.0036,0.0023,0.0026,0.0025,0.002,0.0015,0.0013,0.0007,0.0005,0.0002,0.0,0.0,0.0,0.0,0.0,0.0,0.0,0.0,0.0,0.0,0.0,0.0,0.0,0.0
0.2242,0.2247,0.22,0.2159,0.2115,0.2069,0.2003,0.1942,0.1884,0.1853,0.1791,0.1762,0.171,0.1654,0.1637,0.1591,0.1479,0.1393,0.1339,0.1304,0.1267,0.1231,0.1224,0.1188,0.1178,0.1175,0.1153,0.1135,0.1107,0.1084,0.1028,0.0981,0.0945,0.0915,0.0897,0.0876,0.0852,0.0836,0.0809,0.0786,0.075,0.0721,0.0691,0.0673,0.0661,0.0645,0.0638,0.0623,0.0604,0.059,0.0576,0.0558,0.054,0.0508,0.0476,0.0453,0.0432,0.0412,0.0399,0.0385,0.0379,0.037,0.0354,0.0333,0.0316,0.0306,0.0295,0.0283,0.027,0.0253,0.0243,0.0234,0.0225,0.0216,0.0205,0.0182,0.0163,0.0151,0.0136,0.0121,0.0106,0.0098,0.009,0.0092,0.0096,0.0096,0.0092,0.0091,0.008,0.0068
0.1763,0.1736,0.1686,0.1646,0.1618,0.1567,0.1517,0.147,0.1422,0.1367,0.1349,0.133,0.1288,0.1224,0.1174,0.1141,0.1106,0.1054,0.1011,0.0997,0.0974,0.0933,0.088,0.083,0.0779,0.0745,0.0732,0.0698,0.067,0.0659,0.0635,0.0619,0.0601,0.0578,0.0547,0.0525,0.0503,0.0486,0.0471,0.0459,0.045,0.044,0.0431,0.0414,0.0399,0.0376,0.0345,0.0321,0.03,0.0269,0.0237,0.0205,0.0186,0.0143,0.0112,0.009,0.0071,0.0061,0.0053,0.0043,0.004,0.0031,0.0021,0.0012,0.0006,0.0005,0.0005,0.0005,0.0004,0.0002,0.0002,0.0002,0.0002,0.0002,0.0003,0.0005,0.0004,0.0005,0.0004,0.0006,0.0007,0.0006,0.0004,0.0003,0.0002,0.0002,0.0002,0.0001,0.0001,0.0001
0.1949,0.194,0.1924,0.1897,0.1896,0.1879,0.1837,0.1786,0.1737,0.1681,0.1644,0.1597,0.1541,0.1473,0.1401,0.1338,0.1287,0.1247,0.1203,0.1164,0.1102,0.1032,0.0985,0.0932,0.0862,0.0772,0.0713,0.0658,0.057,0.0482,0.042,0.0357,0.0288,0.0231,0.0149,0.0097,0.0067,0.0048,0.0037,0.0031,0.0031,0.003,0.0028,0.0026,0.0024,0.0022,0.0017,0.0013,0.0011,0.0007,0.0004,0.0003,0.0002,0.0001,0.0,0.0,0.0,0.0,0.0,0.0,0.0,0.0,0.0,0.0,0.0,0.0,0.0,0.0,0.0,0.0,0.0,0.0,0.0,0.0,0.0,0.0,0.0,0.0,0.0,0.0,0.0,0.0,0.0,0.0,0.0,0.0,0.0,0.0,0.0,0.0
0.039,0.0359,0.0314,0.0289,0.0296,0.0285,0.029,0.0306,0.0315,0.0296,0.0256,0.0237,0.0239,0.0236,0.0219,0.0221,0.0229,0.0237,0.0245,0.0227,0.0191,0.0159,0.0144,0.0127,0.0103,0.0073,0.0051,0.0038,0.0017,0.0003,0.0,0.0,0.0,0.0,0.0,0.0,0.0,0.0,0.0,0.0,0.0,0.0,0.0,0.0,0.0,0.0,0.0,0.0,0.0,0.0,0.0,0.0,0.0,0.0,0.0,0.0,0.0,0.0,0.0,0.0,0.0,0.0,0.0,0.0,0.0,0.0,0.0,0.0,0.0,0.0,0.0,0.0,0.0,0.0,0.0,0.0,0.0,0.0,0.0,0.0,0.0,0.0,0.0,0.0,0.0,0.0,0.0,0.0,0.0,0.0
0.0036,0.0025,0.002,0.0017,0.0015,0.0013,0.0013,0.0012,0.0012,0.0012,0.0012,0.0012,0.0012,0.0012,0.0012,0.0011,0.001,0.0009,0.0007,0.0007,0.0006,0.0006,0.0005,0.0005,0.0005,0.0004,0.0002,0.0002,0.0001,0.0001,0.0001,0.0001,0.0001,0.0001,0.0,0.0,0.0,0.0,0.0,0.0,0.0,0.0,0.0,0.0,0.0,0.0,0.0,0.0,0.0,0.0,0.0,0.0,0.0,0.0,0.0,0.0,0.0,0.0,0.0,0.0,0.0,0.0,0.0,0.0,0.0,0.0,0.0,0.0,0.0,0.0,0.0,0.0,0.0,0.0,0.0,0.0,0.0,0.0,0.0,0.0,0.0,0.0,0.0,0.0,0.0,0.0,0.0,0.0,0.0,0.0
0.0336,0.0327,0.0326,0.0331,0.0338,0.0344,0.0344,0.0345,0.0351,0.0352,0.0353,0.0358,0.0362,0.0357,0.0349,0.0337,0.0336,0.0341,0.0341,0.0347,0.0348,0.0349,0.0337,0.0314,0.0308,0.0306,0.03,0.0287,0.027,0.0272,0.0271,0.0272,0.0297,0.0309,0.0309,0.0306,0.0304,0.03,0.0295,0.0308,0.0326,0.0329,0.0324,0.0315,0.0307,0.0299,0.0296,0.0294,0.0294,0.0302,0.0302,0.03,0.0297,0.0302,0.03,0.0299,0.0304,0.0303,0.0301,0.0302,0.0306,0.0304,0.0301,0.0298,0.03,0.03,0.0294,0.0286,0.0282,0.0282,0.0286,0.0285,0.0283,0.0282,0.0281,0.028,0.028,0.0279,0.0273,0.0267,0.0256,0.025,0.0245,0.024,0.0242,0.024,0.0238,0.0242,0.0249,0.0245
0.4352,0.4314,0.433,0.4374,0.4418,0.4485,0.4568,0.4651,0.4726,0.4807,0.488,0.4922,0.4881,0.4779,0.4654,0.4532,0.4494,0.4567,0.4638,0.4714,0.4758,0.4715,0.4643,0.4594,0.462,0.4655,0.467,0.4676,0.4654,0.4626,0.4629,0.4688,0.4757,0.4773,0.4765,0.4776,0.4798,0.4769,0.4712,0.4655,0.4633,0.4635,0.4608,0.4597,0.457,0.4533,0.4513,0.4439,0.4382,0.4323,0.427,0.4237,0.4201,0.4157,0.4078,0.4104,0.4129,0.4104,0.4056,0.4006,0.3892,0.3828,0.3824,0.3827,0.3822,0.3752,0.3715,0.3676,0.3667,0.3644,0.3623,0.3617,0.3586,0.3557,0.3533,0.3522,0.351,0.353,0.354,0.3538,0.3514,0.3471,0.3428,0.3376,0.3337,0.3328,0.3306,0.3262,0.3198,0.3152
0.5063,0.4991,0.4932,0.491,0.489,0.4846,0.4759,0.4705,0.4699,0.4627,0.4558,0.4483,0.4429,0.4385,0.4373,0.438,0.4377,0.4315,0.4246,0.4222,0.4234,0.422,0.4179,0.4141,0.3892,0.3723,0.3625,0.3546,0.3515,0.3486,0.3429,0.3324,0.3191,0.307,0.2965,0.2864,0.2739,0.2623,0.2543,0.2457,0.2398,0.2318,0.2258,0.218,0.2095,0.1986,0.186,0.1788,0.1711,0.1659,0.1607,0.1529,0.1473,0.1438,0.1412,0.1309,0.1204,0.115,0.1127,0.109,0.1049,0.0963,0.0872,0.0797,0.0739,0.0706,0.0676,0.0664,0.0625,0.0595,0.0554,0.0497,0.0481,0.0448,0.0424,0.0379,0.0358,0.0368,0.037,0.0363,0.0344,0.0393,0.0412,0.0417,0.0407,0.0383,0.0378,0.0383,0.0398,0.0401
0.4972,0.4822,0.4707,0.4614,0.4548,0.4476,0.4393,0.4303,0.4191,0.406,0.3937,0.38,0.3747,0.368,0.3579,0.3508,0.3426,0.3273,0.3178,0.3017,0.2891,0.2784,0.2677,0.2569,0.2417,0.2251,0.2186,0.2146,0.2114,0.2059,0.1976,0.1854,0.1724,0.1611,0.1519,0.1434,0.136,0.1309,0.1211,0.1097,0.0966,0.0782,0.061,0.0444,0.033,0.0253,0.02,0.0152,0.0116,0.0091,0.0077,0.0069,0.0058,0.0045,0.0034,0.0026,0.0013,0.0007,0.0005,0.0003,0.0004,0.0006,0.0005,0.0003,0.0003,0.0003,0.0004,0.0005,0.0007,0.001,0.001,0.001,0.0009,0.0012,0.0014,0.0014,0.0009,0.0006,0.0006,0.0005,0.0004,0.0004,0.0005,0.0004,0.0004,0.0003,0.0002,0.0001,0.0,0.0
0.5608,0.5539,0.5469,0.5349,0.5209,0.5117,0.5008,0.4875,0.4739,0.4595,0.4504,0.4438,0.4402,0.4415,0.4404,0.4355,0.4292,0.4253,0.4211,0.4145,0.4156,0.4125,0.4041,0.3949,0.3867,0.3772,0.3672,0.3624,0.3531,0.341,0.3273,0.3114,0.2919,0.2788,0.2654,0.2516,0.2377,0.2265,0.218,0.2072,0.2013,0.1851,0.1698,0.1521,0.138,0.1258,0.1141,0.1035,0.0908,0.0766,0.0639,0.0545,0.0465,0.0398,0.0335,0.0264,0.0201,0.0137,0.008,0.0047,0.0027,0.0015,0.0006,0.0005,0.0001,0.0,0.0,0.0,0.0,0.0,0.0001,0.0002,0.0004,0.0003,0.0002,0.0001,0.0,0.0001,0.0002,0.0001,0.0001,0.0001,0.0001,0.0001,0.0001,0.0001,0.0,0.0,0.0,0.0
0.5394,0.5319,0.5278,0.5234,0.5118,0.5008,0.492,0.4864,0.4793,0.474,0.4731,0.4755,0.4751,0.472,0.4678,0.4639,0.4598,0.4594,0.4626,0.4635,0.4647,0.4662,0.4646,0.4597,0.4519,0.4438,0.4347,0.4206,0.4066,0.3924,0.3735,0.3579,0.344,0.3304,0.3187,0.3054,0.2909,0.2755,0.2624,0.2516,0.2467,0.2374,0.2228,0.2088,0.1958,0.1847,0.168,0.153,0.1381,0.1246,0.1089,0.095,0.0832,0.0718,0.0612,0.0531,0.0485,0.0408,0.0327,0.0274,0.0214,0.0182,0.0136,0.0114,0.0087,0.0065,0.0055,0.0041,0.0031,0.0018,0.0013,0.0012,0.0008,0.0003,0.0002,0.0001,0.0,0.0,0.0,0.0,0.0,0.0,0.0,0.0,0.0,0.0,0.0,0.0002,0.0002,0.0005
0.497,0.4932,0.4895,0.4842,0.4817,0.473,0.4666,0.4607,0.4512,0.4422,0.4349,0.4291,0.4168,0.407,0.3974,0.3892,0.3842,0.3758,0.3615,0.3423,0.3176,0.2928,0.2713,0.2554,0.2382,0.2213,0.2081,0.195,0.1842,0.1777,0.1741,0.17,0.1632,0.1546,0.1451,0.1351,0.1258,0.1162,0.1064,0.0982,0.094,0.0925,0.0857,0.0785,0.0699,0.0661,0.0553,0.0451,0.0364,0.0294,0.0228,0.0184,0.0165,0.0152,0.0137,0.0127,0.0121,0.0114,0.01,0.008,0.0062,0.005,0.0038,0.003,0.0023,0.002,0.002,0.0017,0.0015,0.0013,0.0013,0.0017,0.0021,0.0021,0.0023,0.0024,0.0026,0.0026,0.0035,0.0042,0.0049,0.0054,0.0062,0.0072,0.0079,0.0085,0.0094,0.0099,0.0096,0.0105
