0.3256,0.3131,0.2989,0.2851,0.2765,0.2607,0.2441,0.2279,0.2111,0.1978,0.1823,0.1669,0.1557,0.1457,0.134,0.1241,0.1147,0.1061,0.0995,0.0923,0.0845,0.0799,0.0752,0.0704,0.0676,0.0657,0.0621,0.0585,0.057,0.056,0.0533,0.0499,0.047,0.0433,0.0412,0.0383,0.0352,0.0331,0.0325,0.0296,0.0271,0.0253,0.0239,0.0231,0.0213,0.0203,0.0201,0.0201,0.0193,0.0183,0.0175,0.0167,0.0163,0.0165,0.0158,0.0122,0.0104,0.0092,0.0075,0.0062,0.0048,0.0037,0.0024,0.0011,0.0008,0.0007,0.0004,0.0002,0.0003,0.0004,0.0004,0.0004,0.0004,0.0005,0.0006,0.0003,0.0006,0.0009,0.0014,0.0022,0.0028,0.0034,0.0035,0.0037,0.0039,0.0041,0.0032,0.0033,0.0036,0.0041
0.3725,0.3634,0.3552,0.3444,0.3353,0.3339,0.3268,0.3164,0.3041,0.2913,0.2789,0.2668,0.2521,0.2421,0.2305,0.2222,0.2121,0.2056,0.2029,0.2022,0.2013,0.1997,0.1961,0.1911,0.1846,0.1781,0.1721,0.1647,0.1598,0.1565,0.1518,0.1451,0.1389,0.1318,0.1245,0.1181,0.11,0.1046,0.094,0.0835,0.0742,0.0655,0.0572,0.0497,0.0423,0.0363,0.0315,0.0284,0.0254,0.0226,0.0201,0.018,0.0157,0.013,0.012,0.0138,0.0157,0.016,0.0162,0.0158,0.0166,0.0182,0.0191,0.0199,0.0205,0.0205,0.0197,0.0183,0.0194,0.0183,0.0176,0.0171,0.017,0.0167,0.0169,0.0169,0.0168,0.0168,0.0163,0.0162,0.0159,0.0158,0.016,0.0157,0.017,0.0183,0.0194,0.0201,0.0211,0.0225
0.4228,0.4157,0.4075,0.4027,0.3955,0.3914,0.3893,0.3825,0.3747,0.3697,0.3616,0.3564,0.3506,0.3425,0.3346,0.3274,0.3199,0.3074,0.2938,0.283,0.2703,0.2595,0.2456,0.2338,0.2227,0.2114,0.203,0.1935,0.1865,0.1789,0.1725,0.1656,0.1569,0.1461,0.1384,0.1357,0.1316,0.1251,0.1211,0.1147,0.1061,0.0987,0.0907,0.0853,0.0782,0.0701,0.0646,0.0642,0.064,0.0645,0.064,0.0616,0.058,0.054,0.0542,0.0527,0.0515,0.0509,0.049,0.0473,0.0456,0.0447,0.0436,0.0429,0.0423,0.0412,0.0398,0.0386,0.0376,0.035,0.0321,0.0306,0.0292,0.0274,0.0249,0.0229,0.0207,0.0187,0.0177,0.0166,0.015,0.0146,0.0151,0.0162,0.0151,0.0139,0.0143,0.0145,0.0143,0.0142
0.3082,0.3062,0.3032,0.2999,0.2972,0.2868,0.2808,0.2798,0.2761,0.2735,0.2697,0.2633,0.2589,0.2539,0.2485,0.2414,0.2363,0.2306,0.2227,0.2167,0.2114,0.2073,0.2037,0.2015,0.1991,0.195,0.1924,0.1907,0.1862,0.182,0.1775,0.1735,0.1693,0.1638,0.1584,0.149,0.1388,0.1326,0.1274,0.1235,0.1195,0.1151,0.1108,0.1066,0.104,0.1023,0.1,0.0945,0.0886,0.0825,0.0782,0.0749,0.0733,0.0716,0.0669,0.0608,0.0554,0.0513,0.049,0.048,0.046,0.0429,0.0396,0.0359,0.0329,0.0301,0.0278,0.0266,0.0244,0.0217,0.0201,0.0194,0.0188,0.0184,0.018,0.0177,0.0174,0.017,0.0169,0.0162,0.0155,0.015,0.0145,0.0142,0.0137,0.013,0.0122,0.0116,0.0111,0.0108
0.1726,0.1707,0.1666,0.1587,0.1532,0.1473,0.1391,0.1303,0.1229,0.1156,0.1107,0.1067,0.1042,0.1017,0.0979,0.0945,0.0911,0.0894,0.0886,0.0851,0.0818,0.0759,0.0725,0.0723,0.0714,0.0694,0.0661,0.0643,0.0623,0.0581,0.0525,0.047,0.0433,0.0404,0.0352,0.0295,0.0239,0.0208,0.0178,0.0159,0.0145,0.0129,0.0112,0.0097,0.0083,0.007,0.0055,0.004,0.0027,0.0018,0.0014,0.0012,0.0011,0.0011,0.001,0.0007,0.0006,0.0006,0.0006,0.0006,0.0005,0.0005,0.0005,0.0005,0.0005,0.0005,0.0005,0.0005,0.0005,0.0004,0.0004,0.0003,0.0003,0.0003,0.0003,0.0003,0.0002,0.0002,0.0002,0.0002,0.0001,0.0001,0.0001,0.0001,0.0001,0.0,0.0,0.0,0.0,0.0
0.0852,0.0824,0.0773,0.0734,0.0703,0.069,0.0646,0.0608,0.0581,0.0577,0.057,0.056,0.0543,0.0522,0.0503,0.0472,0.0447,0.0435,0.0426,0.0398,0.0363,0.0321,0.0289,0.0264,0.0248,0.0234,0.0205,0.0186,0.0171,0.0147,0.0132,0.0126,0.0109,0.0093,0.0075,0.0063,0.0051,0.0043,0.0035,0.0031,0.0024,0.0017,0.0013,0.0013,0.0012,0.001,0.0011,0.0007,0.0005,0.0004,0.0002,0.0,0.0,0.0,0.0,0.0,0.0,0.0,0.0,0.0,0.0,0.0,0.0,0.0,0.0,0.0,0.0001,0.0004,0.0004,0.0003,0.0002,0.0001,0.0,0.0,0.0,0.0,0.0,0.0,0.0,0.0,0.0,0.0,0.0,0.0,0.0,0.0,0.0,0.0,0.0,0.0
0.1398,0.1396,0.1352,0.1279,0.1251,0.1214,0.1159,0.1131,0.1036,0.0999,0.0957,0.0939,0.0921,0.0903,0.089,0.0834,0.0833,0.0846,0.0843,0.0793,0.0746,0.0711,0.0694,0.0649,0.0654,0.0638,0.0611,0.0613,0.0605,0.0586,0.056,0.0578,0.0581,0.0558,0.0534,0.052,0.0523,0.0511,0.0499,0.0463,0.0432,0.0389,0.0363,0.0348,0.0336,0.0314,0.0293,0.0273,0.0248,0.0229,0.0208,0.019,0.0172,0.0157,0.0145,0.0133,0.012,0.0111,0.0093,0.0081,0.0068,0.0058,0.0051,0.0044,0.0041,0.0034,0.0023,0.0011,0.0006,0.0004,0.0002,0.0001,0.0,0.0,0.0,0.0,0.0,0.0,0.0,0.0,0.0,0.0,0.0,0.0,0.0,0.0,0.0,0.0,0.0,0.0
0.1836,0.1811,0.1801,0.1765,0.1725,0.1671,0.1642,0.1578,0.1517,0.143,0.1364,0.1304,0.1233,0.1166,0.1134,0.1116,0.1073,0.1012,0.097,0.0945,0.0905,0.0865,0.0827,0.0787,0.074,0.0686,0.0641,0.0573,0.0513,0.0485,0.0451,0.0406,0.0367,0.0342,0.0322,0.0292,0.0269,0.0231,0.0193,0.0162,0.0154,0.0131,0.0119,0.0094,0.0072,0.0056,0.004,0.0028,0.0018,0.0012,0.0005,0.0003,0.0,0.0,0.0,0.0,0.0,0.0,0.0,0.0,0.0,0.0,0.0,0.0,0.0,0.0,0.0,0.0,0.0,0.0,0.0,0.0,0.0,0.0,0.0,0.0,0.0,0.0,0.0,0.0,0.0,0.0,0.0,0.0,0.0,0.0,0.0,0.0,0.0,0.0
0.0796,0.0776,0.0757,0.0735,0.0697,0.0668,0.0645,0.0613,0.0606,0.0572,0.0542,0.0525,0.0499,0.0469,0.0456,0.0432,0.0402,0.0362,0.0317,0.0282,0.0254,0.0234,0.0212,0.02,0.0174,0.0143,0.0121,0.0105,0.0095,0.0087,0.0081,0.0068,0.0059,0.0049,0.0044,0.0036,0.0029,0.0023,0.0017,0.0013,0.0012,0.0009,0.0007,0.0004,0.0001,0.0,0.0,0.0,0.0,0.0,0.0,0.0,0.0,0.0,0.0,0.0,0.0,0.0,0.0,0.0,0.0,0.0,0.0,0.0,0.0,0.0,0.0,0.0,0.0,0.0,0.0,0.0,0.0,0.0,0.0,0.0,0.0,0.0,0.0,0.0,0.0,0.0,0.0,0.0,0.0,0.0,0.0,0.0,0.0,0.0
0.0724,0.0701,0.0676,0.067,0.0639,0.0593,0.0565,0.0539,0.0517,0.046,0.0432,0.04,0.0331,0.0289,0.0278,0.0257,0.0219,0.0209,0.0205,0.019,0.0179,0.0161,0.0126,0.0136,0.0136,0.0144,0.0139,0.0131,0.0122,0.0106,0.0094,0.0088,0.0089,0.0088,0.008,0.0067,0.0054,0.0048,0.0039,0.0033,0.0025,0.0023,0.002,0.0018,0.0016,0.0011,0.0008,0.0005,0.0003,0.0001,0.0,0.0,0.0,0.0,0.0,0.0,0.0,0.0,0.0,0.0,0.0,0.0,0.0,0.0,0.0,0.0,0.0,0.0,0.0,0.0,0.0,0.0,0.0,0.0,0.0,0.0,0.0,0.0,0.0,0.0,0.0,0.0,0.0,0.0,0.0,0.0,0.0,0.0,0.0,0.0
0.0869,0.0816,0.0777,0.074,0.0737,0.0712,0.0679,0.0638,0.0602,0.0587,0.0542,0.0532,0.0495,0.0463,0.0407,0.0377,0.0345,0.0305,0.0277,0.0256,0.0235,0.0211,0.018,0.0151,0.0128,0.0118,0.0103,0.0092,0.0081,0.0067,0.0059,0.005,0.0039,0.0034,0.0019,0.0009,0.0005,0.0003,0.0001,0.0001,0.0001,0.0001,0.0002,0.0004,0.0007,0.0012,0.0015,0.0019,0.0022,0.0026,0.0028,0.0029,0.0029,0.003,0.0027,0.0026,0.0027,0.0025,0.0024,0.0026,0.0027,0.0029,0.0027,0.0023,0.0018,0.0012,0.0011,0.0008,0.0004,0.0001,0.0,0.0,0.0,0.0,0.0,0.0,0.0,0.0,0.0,0.0,0.0,0.0,0.0,0.0,0.0,0.0,0.0,0.0,0.0,0.0
0.0809,0.0799,0.0777,0.0771,0.0808,0.0814,0.0793,0.0779,0.0768,0.074,0.0704,0.0689,0.0633,0.0613,0.0616,0.0612,0.0605,0.059,0.0562,0.0572,0.0567,0.056,0.0538,0.0522,0.0496,0.0493,0.05,0.0479,0.0459,0.043,0.0395,0.0395,0.0369,0.0374,0.0385,0.0378,0.0364,0.0351,0.0341,0.0346,0.0348,0.034,0.0331,0.0317,0.0307,0.0308,0.03,0.0292,0.0277,0.0253,0.0232,0.0215,0.0201,0.0188,0.0172,0.0158,0.0143,0.0128,0.0112,0.0091,0.0069,0.0051,0.0031,0.0018,0.0012,0.0004,0.0001,0.0,0.0,0.0,0.0,0.0,0.0,0.0,0.0,0.0,0.0,0.0,0.0,0.0,0.0,0.0,0.0,0.0,0.0,0.0,0.0,0.0,0.0,0.0
0.0887,0.0874,0.0848,0.083,0.0791,0.0789,0.0787,0.0769,0.076,0.075,0.0746,0.0737,0.0737,0.0702,0.0688,0.0674,0.067,0.066,0.0634,0.0621,0.0624,0.0625,0.0615,0.0586,0.0553,0.0519,0.0504,0.0495,0.048,0.0482,0.0475,0.0452,0.0444,0.0404,0.0372,0.0341,0.0304,0.0276,0.0247,0.0237,0.0228,0.0207,0.0181,0.016,0.0144,0.0137,0.0128,0.0122,0.0102,0.0085,0.0072,0.0065,0.0058,0.0054,0.0048,0.0044,0.0039,0.0033,0.0026,0.002,0.0014,0.0009,0.0004,0.0002,0.0,0.0001,0.0,0.0,0.0,0.0,0.0,0.0,0.0,0.0,0.0,0.0,0.0,0.0,0.0,0.0,0.0,0.0,0.0,0.0,0.0,0.0,0.0,0.0,0.0,0.0
0.0626,0.0611,0.0611,0.0598,0.0559,0.0513,0.0485,0.0467,0.0447,0.0437,0.0426,0.0406,0.0408,0.0389,0.036,0.0338,0.031,0.0294,0.0282,0.0258,0.0232,0.0217,0.0203,0.019,0.018,0.0168,0.0142,0.0122,0.0114,0.0111,0.011,0.01,0.0101,0.0093,0.0079,0.0069,0.0066,0.0061,0.0055,0.0036,0.0028,0.0024,0.0018,0.0016,0.0013,0.0009,0.0008,0.0007,0.0005,0.0001,0.0,0.0,0.0,0.0,0.0,0.0,0.0,0.0,0.0,0.0,0.0,0.0,0.0,0.0,0.0,0.0,0.0,0.0,0.0,0.0,0.0,0.0,0.0,0.0,0.0,0.0,0.0,0.0,0.0,0.0,0.0,0.0,0.0,0.0,0.0,0.0,0.0,0.0,0.0,0.0
0.0419,0.0417,0.0413,0.04,0.0376,0.0348,0.0326,0.0309,0.0298,0.0307,0.0303,0.0283,0.0257,0.0233,0.0219,0.0199,0.0192,0.0189,0.0175,0.018,0.0176,0.0173,0.0177,0.0157,0.0142,0.0131,0.0118,0.0119,0.0123,0.011,0.0091,0.0069,0.0051,0.0034,0.0027,0.0026,0.0023,0.0017,0.0013,0.0019,0.0014,0.0008,0.0003,0.0001,0.0,0.0,0.0,0.0,0.0,0.0,0.0,0.0,0.0,0.0,0.0,0.0,0.0,0.0,0.0,0.0,0.0,0.0,0.0,0.0,0.0,0.0,0.0,0.0,0.0,0.0,0.0,0.0,0.0,0.0,0.0,0.0,0.0,0.0,0.0,0.0,0.0,0.0,0.0,0.0,0.0,0.0,0.0,0.0,0.0,0.0
0.0826,0.0856,0.0892,0.0916,0.0908,0.0888,0.0852,0.0828,0.0795,0.0787,0.0765,0.0748,0.0733,0.0739,0.0714,0.0715,0.0696,0.0663,0.0642,0.0625,0.0624,0.0611,0.0599,0.0589,0.0575,0.0557,0.054,0.0517,0.0497,0.0481,0.0459,0.0439,0.0394,0.0348,0.0306,0.028,0.0272,0.0246,0.0227,0.0216,0.0215,0.018,0.0135,0.0103,0.0072,0.0051,0.0039,0.0029,0.002,0.0013,0.0009,0.0006,0.0002,0.0,0.0,0.0,0.0,0.0,0.0,0.0,0.0,0.0,0.0,0.0,0.0,0.0,0.0,0.0,0.0,0.0,0.0,0.0,0.0,0.0,0.0,0.0,0.0,0.0,0.0,0.0,0.0,0.0,0.0,0.0,0.0,0.0,0.0,0.0,0.0,0.0
0.1834,0.1819,0.1773,0.1811,0.1857,0.1876,0.185,0.1794,0.1753,0.1694,0.163,0.1576,0.1558,0.1505,0.1459,0.1433,0.1371,0.1352,0.1347,0.1313,0.1274,0.1231,0.1183,0.1149,0.1109,0.1059,0.1011,0.0959,0.0898,0.0837,0.0779,0.0711,0.0665,0.0599,0.0506,0.0419,0.0357,0.0289,0.0216,0.0169,0.0148,0.0116,0.0104,0.0099,0.0092,0.0079,0.0067,0.0052,0.0039,0.0031,0.0027,0.0026,0.0021,0.0017,0.0016,0.0017,0.0017,0.0015,0.0015,0.0012,0.0009,0.0006,0.0004,0.0002,0.0001,0.0,0.0,0.0,0.0,0.0,0.0,0.0,0.0,0.0,0.0,0.0,0.0,0.0,0.0,0.0,0.0,0.0,0.0,0.0,0.0,0.0,0.0,0.0,0.0,0.0
0.2911,0.2847,0.2694,0.2634,0.2668,0.2653,0.2582,0.2493,0.2425,0.2313,0.2192,0.2082,0.1948,0.1816,0.1727,0.1596,0.1511,0.1459,0.1394,0.1321,0.1266,0.1206,0.1146,0.1102,0.105,0.099,0.0939,0.089,0.0835,0.0777,0.0727,0.066,0.0622,0.0579,0.0522,0.0473,0.0428,0.0376,0.0326,0.0292,0.0269,0.0235,0.0195,0.0162,0.0134,0.0108,0.0094,0.0082,0.0072,0.0063,0.0059,0.0053,0.0049,0.0045,0.0042,0.0038,0.0037,0.0036,0.0038,0.003,0.0028,0.0023,0.0017,0.0011,0.0007,0.0002,0.0001,0.0001,0.0001,0.0001,0.0001,0.0,0.0,0.0,0.0,0.0,0.0,0.0,0.0,0.0,0.0,0.0,0.0,0.0,0.0,0.0,0.0,0.0,0.0,0.0
0.3128,0.2998,0.2965,0.2771,0.2724,0.2621,0.2476,0.238,0.2282,0.2166,0.202,0.1856,0.1673,0.1514,0.1358,0.1193,0.1041,0.0895,0.0789,0.0639,0.053,0.0455,0.0326,0.0227,0.0165,0.0106,0.0059,0.0024,0.0009,0.0003,0.0003,0.0002,0.0001,0.0001,0.0,0.0001,0.0001,0.0,0.0,0.0,0.0,0.0,0.0,0.0,0.0,0.0,0.0,0.0,0.0,0.0,0.0,0.0,0.0,0.0,0.0,0.0,0.0,0.0,0.0,0.0,0.0,0.0,0.0,0.0,0.0,0.0,0.0,0.0,0.0,0.0,0.0,0.0,0.0,0.0,0.0,0.0,0.0,0.0,0.0,0.0,0.0,0.0,0.0,0.0,0.0,0.0,0.0,0.0,0.0,0.0
0.4016,0.3825,0.3927,0.3831,0.3712,0.3631,0.3532,0.3434,0.3348,0.3216,0.3112,0.2937,0.2786,0.2672,0.2564,0.2508,0.2391,0.2265,0.2149,0.2047,0.1978,0.1982,0.1914,0.1816,0.1707,0.16,0.1523,0.1423,0.1228,0.1102,0.1011,0.0922,0.0845,0.0793,0.0748,0.0682,0.0631,0.06,0.06,0.0578,0.0528,0.0496,0.0429,0.0352,0.0291,0.0237,0.0188,0.016,0.0113,0.0068,0.0038,0.0024,0.0014,0.0005,0.0001,0.0,0.0,0.0,0.0,0.0,0.0,0.0,0.0,0.0,0.0,0.0,0.0,0.0,0.0,0.0,0.0,0.0,0.0,0.0,0.0,0.0,0.0,0.0,0.0,0.0,0.0,0.0,0.0,0.0,0.0,0.0,0.0,0.0,0.0,0.0
0.4302,0.419,0.4188,0.4161,0.4071,0.3951,0.3877,0.3822,0.3787,0.3703,0.3654,0.3533,0.3478,0.3427,0.3332,0.3239,0.3094,0.3002,0.2934,0.2833,0.2692,0.2654,0.2558,0.2438,0.2323,0.2239,0.2154,0.2054,0.1954,0.1839,0.1785,0.1751,0.1663,0.1573,0.1502,0.1436,0.1344,0.1251,0.117,0.1102,0.1029,0.0968,0.0878,0.0766,0.065,0.0525,0.0441,0.0365,0.0329,0.0254,0.0181,0.0142,0.0118,0.0086,0.0061,0.0031,0.0017,0.0004,0.0,0.0,0.0,0.0,0.0,0.0,0.0,0.0,0.0,0.0,0.0,0.0,0.0,0.0,0.0,0.0,0.0,0.0,0.0,0.0,0.0,0.0,0.0,0.0,0.0,0.0,0.0,0.0,0.0,0.0,0.0,0.0
0.3835,0.373,0.3704,0.3643,0.3534,0.3437,0.3361,0.3301,0.3305,0.3289,0.3235,0.3124,0.3057,0.2997,0.2893,0.2739,0.261,0.2505,0.2423,0.2351,0.2255,0.2193,0.2148,0.2066,0.1932,0.1816,0.1664,0.1552,0.1398,0.125,0.1135,0.101,0.0902,0.0809,0.0727,0.0658,0.0565,0.0477,0.0405,0.0328,0.0263,0.0224,0.0197,0.0158,0.0119,0.0088,0.0072,0.0059,0.0043,0.0027,0.0015,0.0007,0.0002,0.0,0.0,0.0,0.0,0.0,0.0,0.0,0.0,0.0,0.0,0.0,0.0,0.0,0.0,0.0,0.0,0.0,0.0,0.0,0.0,0.0,0.0,0.0,0.0,0.0,0.0,0.0,0.0,0.0,0.0,0.0,0.0,0.0,0.0,0.0,0.0,0.0
0.4977,0.4829,0.4712,0.4615,0.4549,0.4514,0.4437,0.4308,0.4163,0.4088,0.4032,0.3949,0.3843,0.3695,0.3564,0.3396,0.3284,0.3102,0.2928,0.2815,0.268,0.2537,0.248,0.242,0.2361,0.2277,0.2193,0.2077,0.1975,0.186,0.1744,0.162,0.1482,0.1367,0.1262,0.1178,0.1086,0.0974,0.0912,0.0783,0.066,0.057,0.0491,0.0411,0.0325,0.0248,0.0184,0.0149,0.0135,0.0114,0.0088,0.0062,0.0041,0.0024,0.0011,0.0003,0.0,0.0,0.0,0.0,0.0,0.0,0.0,0.0,0.0,0.0,0.0,0.0,0.0,0.0,0.0,0.0,0.0,0.0,0.0,0.0,0.0,0.0,0.0,0.0,0.0,0.0,0.0,0.0,0.0,0.0,0.0,0.0,0.0,0.0
0.4281,0.4265,0.4222,0.4117,0.3996,0.3912,0.3841,0.3789,0.3696,0.362,0.3535,0.3501,0.3415,0.3404,0.3328,0.3261,0.313,0.3041,0.2916,0.2821,0.2739,0.2638,0.2566,0.2524,0.2433,0.2362,0.2295,0.2201,0.2102,0.2011,0.1901,0.1795,0.1701,0.1594,0.1483,0.1379,0.1303,0.1202,0.1141,0.1036,0.0919,0.0792,0.0682,0.059,0.0505,0.0423,0.0341,0.0267,0.0213,0.0162,0.0111,0.0071,0.0035,0.0021,0.0011,0.0009,0.0008,0.0011,0.0015,0.0019,0.0021,0.002,0.0019,0.0024,0.0026,0.0026,0.0024,0.002,0.0017,0.0012,0.0009,0.0009,0.0008,0.0007,0.001,0.001,0.0009,0.0014,0.0017,0.0016,0.0014,0.0011,0.0008,0.0005,0.0004,0.0004,0.0006,0.0011,0.0012,0.0014
0.2051,0.2034,0.1974,0.1925,0.1862,0.1786,0.1734,0.169,0.1655,0.1568,0.1518,0.1478,0.141,0.1364,0.1304,0.127,0.1204,0.1165,0.1146,0.111,0.1109,0.1095,0.107,0.1035,0.1005,0.0994,0.0983,0.0954,0.0898,0.083,0.0772,0.0734,0.0709,0.0674,0.0649,0.0643,0.0643,0.0634,0.0613,0.0587,0.0546,0.0511,0.0493,0.0474,0.0458,0.0443,0.0429,0.0413,0.0396,0.0383,0.0374,0.0374,0.0384,0.0374,0.0368,0.0362,0.0356,0.0351,0.0341,0.0335,0.0323,0.0309,0.0298,0.0285,0.0272,0.0244,0.0221,0.02,0.0185,0.0178,0.017,0.0167,0.0157,0.0149,0.0133,0.0116,0.0108,0.0099,0.0085,0.0077,0.0072,0.0062,0.0054,0.0048,0.0043,0.004,0.0036,0.0045,0.0053,0.0052
0.1658,0.1621,0.1562,0.1531,0.1498,0.1446,0.1391,0.135,0.1322,0.1265,0.1227,0.122,0.1206,0.1175,0.1139,0.1107,0.1087,0.1073,0.1073,0.1063,0.1057,0.1056,0.1047,0.1036,0.1035,0.1036,0.1036,0.1043,0.1042,0.1031,0.1007,0.0995,0.0988,0.0976,0.095,0.0908,0.0865,0.083,0.0806,0.0788,0.0774,0.0755,0.071,0.0661,0.0608,0.0554,0.0506,0.0459,0.0424,0.0399,0.037,0.0322,0.0259,0.0226,0.02,0.0169,0.0139,0.0106,0.0082,0.0054,0.0033,0.0026,0.0024,0.0018,0.0011,0.0007,0.0004,0.0002,0.0001,0.0001,0.0,0.0,0.0,0.0,0.0,0.0,0.0,0.0,0.0,0.0,0.0,0.0,0.0,0.0,0.0,0.0,0.0,0.0,0.0,0.0
0.1747,0.173,0.1697,0.1654,0.1634,0.1603,0.1559,0.1529,0.1488,0.1454,0.1423,0.1383,0.1316,0.1267,0.121,0.1175,0.1159,0.1123,0.1062,0.0998,0.0903,0.0811,0.0744,0.0707,0.0668,0.0628,0.0599,0.0568,0.0569,0.057,0.0547,0.052,0.0476,0.0443,0.0407,0.0356,0.0259,0.0205,0.0171,0.0138,0.0127,0.0106,0.0092,0.0073,0.0051,0.0029,0.0012,0.0004,0.0001,0.0001,0.0,0.0,0.0,0.0,0.0,0.0,0.0,0.0,0.0,0.0,0.0,0.0,0.0,0.0,0.0,0.0,0.0,0.0,0.0,0.0,0.0,0.0,0.0,0.0,0.0,0.0,0.0,0.0,0.0,0.0,0.0,0.0,0.0,0.0,0.0,0.0,0.0,0.0,0.0,0.0
0.0346,0.0316,0.028,0.0274,0.0274,0.0269,0.0278,0.0274,0.0273,0.028,0.0213,0.015,0.0114,0.0077,0.0061,0.006,0.0065,0.0066,0.0052,0.0035,0.0014,0.0004,0.0001,0.0,0.0,0.0,0.0,0.0,0.0,0.0,0.0,0.0,0.0,0.0,0.0,0.0,0.0,0.0,0.0,0.0,0.0,0.0,0.0,0.0,0.0,0.0,0.0,0.0,0.0,0.0,0.0,0.0,0.0,0.0,0.0,0.0,0.0,0.0,0.0,0.0,0.0,0.0,0.0,0.0,0.0,0.0,0.0,0.0,0.0,0.0,0.0,0.0,0.0,0.0,0.0,0.0,0.0,0.0,0.0,0.0,0.0,0.0,0.0,0.0,0.0,0.0,0.0,0.0,0.0,0.0
0.0043,0.0033,0.0028,0.0022,0.0018,0.0014,0.0013,0.0011,0.001,0.0009,0.0009,0.0009,0.0009,0.0008,0.0007,0.0006,0.0005,0.0005,0.0005,0.0005,0.0005,0.0005,0.0005,0.0004,0.0003,0.0003,0.0002,0.0002,0.0002,0.0002,0.0001,0.0001,0.0001,0.0001,0.0,0.0,0.0,0.0,0.0,0.0,0.0,0.0,0.0,0.0,0.0,0.0,0.0,0.0,0.0,0.0,0.0,0.0,0.0,0.0,0.0,0.0,0.0,0.0,0.0,0.0,0.0,0.0,0.0,0.0,0.0,0.0,0.0,0.0,0.0,0.0,0.0,0.0,0.0,0.0,0.0,0.0,0.0,0.0,0.0,0.0,0.0,0.0,0.0,0.0,0.0,0.0,0.0,0.0,0.0,0.0
0.035,0.0341,0.0339,0.034,0.0345,0.0349,0.0353,0.0355,0.0357,0.0361,0.0373,0.0373,0.0371,0.0369,0.0366,0.0365,0.0368,0.0369,0.0368,0.0367,0.0365,0.0364,0.0361,0.036,0.036,0.0359,0.0356,0.0354,0.0348,0.0342,0.0341,0.0339,0.0339,0.0333,0.0327,0.0325,0.033,0.0334,0.0342,0.0344,0.0343,0.0342,0.0317,0.03,0.0298,0.0301,0.0301,0.0302,0.0304,0.0309,0.0318,0.0322,0.0331,0.034,0.034,0.0346,0.0346,0.0343,0.034,0.0342,0.0345,0.0345,0.0341,0.0341,0.0339,0.0338,0.0334,0.032,0.0295,0.0261,0.0226,0.0222,0.0223,0.0223,0.0221,0.0212,0.0178,0.0152,0.0143,0.014,0.0157,0.0186,0.0199,0.0186,0.0175,0.0172,0.0171,0.0161,0.016,0.0158
0.4316,0.428,0.4309,0.4355,0.4413,0.4474,0.4512,0.4547,0.4556,0.456,0.4536,0.4507,0.4512,0.4519,0.4529,0.4527,0.4533,0.4549,0.4595,0.4678,0.4676,0.4657,0.4634,0.4629,0.4608,0.4618,0.4642,0.465,0.466,0.4702,0.4718,0.4686,0.467,0.4678,0.472,0.4771,0.4821,0.484,0.4832,0.4836,0.4821,0.4762,0.4703,0.4673,0.4639,0.4623,0.4608,0.4592,0.4598,0.4607,0.4637,0.4644,0.4614,0.4571,0.4546,0.453,0.449,0.4506,0.4554,0.4602,0.4605,0.4555,0.4546,0.4564,0.4571,0.4546,0.4444,0.4325,0.4209,0.4132,0.3991,0.389,0.3812,0.378,0.3764,0.3716,0.3626,0.3496,0.3398,0.3363,0.3349,0.3395,0.345,0.3447,0.3413,0.3408,0.3418,0.3376,0.3317,0.3263
0.4689,0.4586,0.4488,0.4445,0.4375,0.4326,0.4274,0.4184,0.4057,0.397,0.3939,0.3961,0.3954,0.3933,0.3864,0.379,0.3666,0.3573,0.3478,0.3359,0.3279,0.3231,0.3184,0.3116,0.3065,0.3016,0.2951,0.2881,0.2801,0.2704,0.2658,0.2654,0.2631,0.2629,0.2601,0.2567,0.2494,0.2447,0.2424,0.236,0.2347,0.2375,0.2398,0.2381,0.2359,0.2322,0.2282,0.2251,0.2205,0.2145,0.2056,0.1988,0.1958,0.1931,0.1893,0.182,0.1763,0.1721,0.1698,0.1683,0.1665,0.1657,0.1629,0.1579,0.1524,0.1503,0.1537,0.1589,0.163,0.1673,0.1736,0.1754,0.175,0.1739,0.1712,0.1707,0.1745,0.1774,0.1791,0.1781,0.1728,0.1641,0.1616,0.1681,0.1718,0.1707,0.1663,0.1675,0.1681,0.1677
0.4892,0.4716,0.4559,0.4403,0.4286,0.4224,0.4151,0.4042,0.3933,0.3842,0.3892,0.3872,0.387,0.382,0.3741,0.3621,0.3421,0.3306,0.3169,0.313,0.3083,0.2994,0.2906,0.2771,0.2643,0.2484,0.2338,0.2213,0.2144,0.21,0.2001,0.1913,0.1836,0.1734,0.1619,0.1497,0.1408,0.1336,0.1265,0.1198,0.117,0.1155,0.112,0.1078,0.1029,0.0984,0.0932,0.088,0.0823,0.0775,0.0725,0.0679,0.0653,0.0611,0.0554,0.0522,0.0467,0.0392,0.0303,0.0239,0.0194,0.0157,0.0116,0.009,0.0077,0.0066,0.0068,0.0083,0.0099,0.0088,0.0092,0.0102,0.0103,0.0101,0.008,0.0074,0.0073,0.0076,0.0063,0.0062,0.0048,0.0034,0.0028,0.0032,0.0038,0.0036,0.0029,0.0027,0.0024,0.0019
0.4991,0.4908,0.4826,0.4716,0.4596,0.4497,0.4434,0.4342,0.4266,0.42,0.4123,0.3989,0.3874,0.3739,0.3599,0.3468,0.335,0.3212,0.3066,0.2933,0.2763,0.2599,0.2455,0.2334,0.2208,0.2056,0.1927,0.1802,0.1686,0.1592,0.1466,0.1369,0.1288,0.1208,0.1116,0.0985,0.0869,0.0775,0.068,0.0602,0.0531,0.0451,0.0393,0.0345,0.0315,0.0277,0.0232,0.0192,0.0163,0.0143,0.0114,0.0087,0.007,0.0053,0.0036,0.0029,0.0019,0.0008,0.0001,0.0,0.0,0.0,0.0,0.0,0.0,0.0,0.0,0.0,0.0,0.0,0.0,0.0,0.0,0.0,0.0,0.0,0.0,0.0,0.0,0.0,0.0,0.0,0.0,0.0,0.0,0.0,0.0,0.0,0.0,0.0
0.4361,0.4262,0.4204,0.4118,0.3982,0.3865,0.3748,0.3668,0.3571,0.348,0.3369,0.3242,0.3134,0.3021,0.2908,0.2777,0.2646,0.2515,0.2382,0.2246,0.2118,0.1982,0.1837,0.1655,0.1478,0.1281,0.1148,0.0989,0.0813,0.0695,0.058,0.0469,0.0383,0.0322,0.0271,0.0209,0.0159,0.0134,0.0113,0.0093,0.0077,0.0067,0.0058,0.005,0.0045,0.0038,0.0031,0.0025,0.002,0.0016,0.0012,0.0009,0.0007,0.0005,0.0004,0.0003,0.0002,0.0,0.0,0.0,0.0,0.0,0.0,0.0,0.0,0.0,0.0,0.0,0.0,0.0,0.0,0.0,0.0,0.0,0.0,0.0,0.0,0.0,0.0,0.0,0.0,0.0,0.0,0.0,0.0,0.0,0.0,0.0,0.0,0.0
0.3507,0.3419,0.3339,0.3251,0.3139,0.2968,0.2801,0.2624,0.2451,0.2297,0.2141,0.2049,0.1919,0.175,0.1621,0.1515,0.1405,0.128,0.1153,0.1031,0.0928,0.0802,0.0664,0.0556,0.046,0.0382,0.0302,0.0227,0.0159,0.0115,0.0094,0.0076,0.006,0.0046,0.0033,0.0025,0.0016,0.0007,0.0004,0.0001,0.0,0.0,0.0,0.0,0.0,0.0,0.0,0.0,0.0,0.0,0.0,0.0,0.0,0.0,0.0,0.0001,0.0001,0.0003,0.0001,0.0,0.0002,0.0002,0.0009,0.0016,0.0018,0.0019,0.0017,0.0012,0.0008,0.0005,0.0003,0.0002,0.0001,0.0,0.0,0.0,0.0,0.0,0.0,0.0,0.0,0.0,0.0,0.0,0.0,0.0,0.0,0.0,0.0,0.0
