0.3239,0.3106,0.2953,0.283,0.2662,0.2457,0.231,0.2175,0.2009,0.1846,0.1762,0.1653,0.152,0.1408,0.1315,0.1226,0.1151,0.1058,0.0973,0.0873,0.0794,0.073,0.0674,0.0625,0.0589,0.0551,0.0531,0.0505,0.0475,0.0445,0.043,0.0415,0.0399,0.0377,0.0355,0.0342,0.0329,0.0319,0.0309,0.0298,0.0288,0.0275,0.0268,0.0275,0.0277,0.0279,0.0284,0.0279,0.0261,0.0241,0.0238,0.023,0.0217,0.0202,0.0191,0.0182,0.0185,0.0189,0.0187,0.0182,0.0193,0.021,0.0223,0.0225,0.0226,0.0224,0.0222,0.0219,0.0214,0.0218,0.0225,0.0221,0.0217,0.0209,0.0216,0.0226,0.023,0.0235,0.0248,0.0258,0.0269,0.0285,0.0299,0.0299,0.0292,0.0295,0.028,0.0265,0.0256,0.0254
0.372,0.3614,0.353,0.3431,0.3358,0.3189,0.3026,0.2843,0.2668,0.2497,0.2386,0.2191,0.1997,0.1882,0.1776,0.166,0.16,0.1571,0.1539,0.1518,0.1504,0.1503,0.1481,0.1464,0.1427,0.1385,0.14,0.14,0.1395,0.1363,0.1312,0.1272,0.1215,0.1158,0.1093,0.1038,0.0996,0.0951,0.0909,0.0874,0.0848,0.0805,0.0779,0.078,0.0772,0.0774,0.0774,0.0783,0.0782,0.0775,0.0761,0.0752,0.0741,0.0731,0.0716,0.0693,0.0677,0.0673,0.0667,0.0656,0.0635,0.0618,0.0604,0.0595,0.0591,0.0591,0.0592,0.0587,0.0574,0.0567,0.0558,0.0555,0.0551,0.0543,0.0532,0.0521,0.0513,0.0499,0.048,0.0461,0.0443,0.0407,0.0328,0.0287,0.0261,0.0229,0.0207,0.0172,0.0137,0.0106
0.4223,0.4152,0.4056,0.4003,0.3943,0.3927,0.3834,0.3755,0.3746,0.3715,0.3642,0.3569,0.3437,0.3352,0.3286,0.3176,0.3037,0.2909,0.2815,0.2719,0.2627,0.2546,0.2474,0.2381,0.2296,0.22,0.2092,0.1968,0.1868,0.18,0.1732,0.167,0.16,0.1506,0.1428,0.1359,0.1285,0.1221,0.1163,0.111,0.1071,0.1035,0.0986,0.0949,0.0932,0.0901,0.0845,0.0798,0.0765,0.0739,0.0716,0.0694,0.0685,0.0672,0.0652,0.0636,0.0609,0.059,0.0574,0.0559,0.055,0.0533,0.0512,0.0492,0.0443,0.0398,0.0349,0.0298,0.0259,0.0225,0.0192,0.0174,0.0155,0.0143,0.0122,0.0097,0.0081,0.0068,0.0057,0.0049,0.0041,0.003,0.0019,0.0017,0.0021,0.0022,0.0024,0.0027,0.003,0.003
0.3083,0.306,0.3023,0.297,0.2933,0.2904,0.2891,0.285,0.2793,0.2798,0.2743,0.273,0.2668,0.2574,0.2475,0.2401,0.2323,0.2258,0.2204,0.2143,0.209,0.2027,0.1955,0.1902,0.1843,0.1782,0.1732,0.1679,0.1642,0.1632,0.1577,0.1515,0.1453,0.1403,0.1353,0.1303,0.1259,0.1214,0.1168,0.1123,0.1081,0.1056,0.1014,0.0968,0.0917,0.084,0.0756,0.0695,0.065,0.0617,0.0579,0.0541,0.0501,0.0465,0.0444,0.0425,0.0402,0.0374,0.0343,0.0324,0.0306,0.0286,0.0255,0.0211,0.0178,0.0165,0.0157,0.0149,0.0141,0.0136,0.0132,0.0129,0.0125,0.0123,0.0121,0.012,0.0116,0.0113,0.011,0.0108,0.0106,0.0102,0.0096,0.0088,0.0082,0.0078,0.0072,0.0067,0.0061,0.0057
0.1727,0.1714,0.1669,0.1587,0.1513,0.1436,0.1411,0.1382,0.1301,0.1216,0.1187,0.1144,0.1088,0.1024,0.0986,0.1,0.1004,0.0959,0.0893,0.0828,0.0763,0.0719,0.0678,0.0645,0.062,0.0609,0.0602,0.0559,0.0499,0.0426,0.0382,0.0342,0.0312,0.0288,0.0263,0.0233,0.0199,0.0167,0.0148,0.0129,0.0114,0.0104,0.0094,0.0083,0.0063,0.0045,0.0027,0.0018,0.0013,0.0011,0.0009,0.0008,0.0007,0.0006,0.0006,0.0006,0.0006,0.0005,0.0005,0.0005,0.0005,0.0005,0.0005,0.0004,0.0002,0.0002,0.0001,0.0001,0.0001,0.0,0.0,0.0,0.0,0.0,0.0,0.0,0.0,0.0,0.0,0.0,0.0,0.0,0.0,0.0,0.0,0.0,0.0,0.0,0.0,0.0
0.085,0.0823,0.0775,0.0726,0.071,0.0684,0.065,0.0657,0.0608,0.0615,0.0644,0.0618,0.0604,0.0582,0.0552,0.0524,0.0506,0.0474,0.043,0.0388,0.0351,0.0309,0.0271,0.0243,0.0203,0.0165,0.0146,0.0126,0.0092,0.006,0.0039,0.0037,0.0044,0.0049,0.006,0.0072,0.0079,0.0077,0.0062,0.0047,0.0037,0.0034,0.0026,0.002,0.0021,0.0031,0.0036,0.004,0.0032,0.0026,0.0028,0.0026,0.0027,0.0026,0.0032,0.0033,0.0031,0.0028,0.0028,0.0027,0.0022,0.0018,0.0015,0.0014,0.0011,0.001,0.0008,0.0006,0.0004,0.0002,0.0002,0.0001,0.0,0.0,0.0,0.0,0.0,0.0,0.0,0.0,0.0,0.0,0.0,0.0,0.0,0.0,0.0,0.0,0.0,0.0
0.1392,0.1387,0.1345,0.1268,0.1229,0.1204,0.1136,0.1142,0.1112,0.1086,0.106,0.1035,0.101,0.0998,0.0978,0.0968,0.0991,0.1001,0.0987,0.0959,0.0935,0.0893,0.0851,0.083,0.0824,0.0802,0.0775,0.0746,0.0721,0.0702,0.0692,0.0656,0.0618,0.0578,0.0537,0.05,0.0456,0.0428,0.0411,0.0391,0.0366,0.0344,0.0326,0.0303,0.0285,0.0271,0.0251,0.0231,0.0216,0.02,0.0184,0.017,0.0155,0.0138,0.0121,0.0105,0.0094,0.0084,0.0075,0.0063,0.0056,0.0049,0.0045,0.0037,0.0029,0.0024,0.002,0.0016,0.0012,0.0006,0.0004,0.0001,0.0,0.0,0.0,0.0,0.0,0.0,0.0,0.0,0.0,0.0,0.0,0.0,0.0,0.0,0.0,0.0,0.0,0.0
0.1832,0.1804,0.1802,0.1777,0.1726,0.1681,0.1647,0.1568,0.1536,0.1459,0.1359,0.127,0.118,0.1109,0.1069,0.1007,0.0924,0.0848,0.0804,0.076,0.0716,0.0688,0.0669,0.0611,0.0526,0.0459,0.0413,0.0371,0.0331,0.0296,0.0249,0.0212,0.018,0.0153,0.0136,0.0122,0.0105,0.0095,0.0084,0.0077,0.0069,0.0059,0.0055,0.0048,0.0041,0.0036,0.0032,0.0026,0.0024,0.0018,0.0015,0.0011,0.001,0.0007,0.0005,0.0003,0.0001,0.0,0.0,0.0,0.0,0.0,0.0,0.0,0.0,0.0,0.0,0.0,0.0,0.0,0.0,0.0,0.0,0.0,0.0,0.0,0.0,0.0,0.0,0.0,0.0,0.0,0.0,0.0,0.0,0.0,0.0,0.0,0.0,0.0
0.0793,0.077,0.075,0.0733,0.0701,0.0677,0.0656,0.0625,0.0603,0.058,0.0553,0.0517,0.0478,0.0454,0.0408,0.0356,0.03,0.0233,0.0175,0.0133,0.0103,0.0079,0.0067,0.005,0.0034,0.002,0.0012,0.0009,0.0008,0.0008,0.0006,0.0008,0.0007,0.0007,0.0006,0.0006,0.0007,0.0007,0.0006,0.0005,0.0004,0.0003,0.0003,0.0003,0.0002,0.0001,0.0002,0.0001,0.0001,0.0,0.0,0.0,0.0,0.0,0.0,0.0,0.0,0.0,0.0,0.0,0.0,0.0,0.0,0.0,0.0,0.0,0.0,0.0,0.0,0.0,0.0,0.0,0.0,0.0,0.0,0.0,0.0,0.0,0.0,0.0,0.0,0.0,0.0,0.0,0.0,0.0,0.0,0.0,0.0,0.0
0.0722,0.0698,0.068,0.0664,0.0636,0.0593,0.0578,0.0559,0.0536,0.0508,0.0479,0.0452,0.0407,0.0401,0.0368,0.0361,0.0358,0.0346,0.0333,0.0324,0.0314,0.031,0.0302,0.0289,0.0282,0.0276,0.0264,0.0257,0.0235,0.021,0.0184,0.0186,0.0177,0.0163,0.0162,0.0157,0.0146,0.0131,0.0117,0.0104,0.0095,0.0093,0.0086,0.0075,0.0063,0.0049,0.0043,0.0033,0.0026,0.0018,0.001,0.0005,0.0003,0.0002,0.0001,0.0,0.0,0.0,0.0,0.0,0.0,0.0,0.0,0.0,0.0,0.0,0.0,0.0,0.0,0.0,0.0,0.0,0.0,0.0,0.0,0.0,0.0,0.0,0.0,0.0,0.0,0.0,0.0,0.0,0.0,0.0,0.0,0.0,0.0,0.0
0.0862,0.081,0.0766,0.0721,0.0715,0.0696,0.0657,0.0626,0.0603,0.0573,0.0537,0.0512,0.0462,0.0412,0.0391,0.0377,0.034,0.031,0.0275,0.0246,0.0221,0.0198,0.0189,0.0178,0.0162,0.0159,0.0165,0.018,0.0201,0.0216,0.0213,0.02,0.0201,0.0199,0.02,0.0202,0.0211,0.0216,0.0227,0.0217,0.0211,0.0206,0.0199,0.0193,0.0187,0.0173,0.0163,0.016,0.0156,0.0148,0.013,0.0122,0.0113,0.0104,0.0091,0.0079,0.0072,0.0067,0.0064,0.006,0.0056,0.0051,0.0046,0.004,0.0036,0.003,0.0023,0.0017,0.0013,0.001,0.0006,0.0008,0.0005,0.0002,0.0002,0.0001,0.0,0.0,0.0,0.0,0.0,0.0,0.0,0.0,0.0,0.0,0.0,0.0,0.0,0.0
0.0808,0.0796,0.0777,0.0766,0.0796,0.0798,0.0785,0.0806,0.0831,0.0822,0.0805,0.0763,0.0716,0.0676,0.0698,0.07,0.0681,0.0653,0.0653,0.064,0.0626,0.0613,0.0599,0.0588,0.0583,0.057,0.0566,0.0541,0.05,0.0472,0.0455,0.0436,0.0411,0.0396,0.037,0.0348,0.0329,0.0313,0.0285,0.027,0.0255,0.0238,0.0224,0.021,0.0197,0.0181,0.0163,0.0143,0.0122,0.0103,0.009,0.0077,0.0067,0.0058,0.0054,0.0049,0.0043,0.0037,0.0031,0.0023,0.0016,0.0011,0.0007,0.0004,0.0002,0.0001,0.0,0.0,0.0,0.0,0.0,0.0,0.0,0.0,0.0,0.0,0.0,0.0,0.0,0.0,0.0,0.0,0.0,0.0,0.0,0.0,0.0,0.0,0.0,0.0
0.089,0.0876,0.0847,0.0829,0.0798,0.08,0.0802,0.0763,0.0719,0.0706,0.0694,0.0682,0.0676,0.0656,0.0605,0.0556,0.0535,0.0502,0.0481,0.0472,0.0456,0.0436,0.0416,0.0397,0.0386,0.0375,0.0355,0.0327,0.0302,0.029,0.0278,0.0264,0.0235,0.0222,0.0209,0.0192,0.0189,0.0171,0.0151,0.0134,0.0124,0.0112,0.0096,0.0083,0.0072,0.0059,0.005,0.0039,0.0029,0.0021,0.0011,0.0007,0.0005,0.0003,0.0001,0.0001,0.0,0.0,0.0,0.0,0.0,0.0,0.0,0.0,0.0,0.0,0.0,0.0,0.0,0.0,0.0,0.0,0.0,0.0,0.0,0.0,0.0,0.0,0.0,0.0,0.0,0.0,0.0,0.0,0.0,0.0,0.0,0.0,0.0,0.0
0.0623,0.061,0.0608,0.0591,0.0549,0.0504,0.0471,0.0448,0.043,0.0415,0.0405,0.0397,0.0387,0.0378,0.0354,0.0319,0.0299,0.029,0.0273,0.0256,0.0244,0.0223,0.0203,0.0185,0.0163,0.012,0.0096,0.0077,0.0064,0.0057,0.005,0.0041,0.0029,0.0018,0.0012,0.0008,0.0005,0.0001,0.0,0.0,0.0,0.0,0.0,0.0,0.0,0.0,0.0,0.0,0.0,0.0,0.0,0.0,0.0,0.0,0.0,0.0,0.0,0.0,0.0,0.0,0.0,0.0,0.0,0.0,0.0,0.0,0.0,0.0,0.0,0.0,0.0,0.0,0.0,0.0,0.0,0.0,0.0,0.0,0.0,0.0,0.0,0.0,0.0,0.0,0.0,0.0,0.0,0.0,0.0,0.0
0.0417,0.0416,0.0414,0.0403,0.038,0.0353,0.0328,0.0309,0.0288,0.0266,0.0241,0.0223,0.0206,0.0195,0.0191,0.018,0.0171,0.016,0.0145,0.0135,0.0131,0.0129,0.0121,0.0109,0.0099,0.0109,0.0101,0.0083,0.0072,0.0058,0.0049,0.0046,0.0035,0.0029,0.0028,0.0034,0.0028,0.0018,0.0013,0.0021,0.0039,0.005,0.005,0.0062,0.0075,0.0084,0.0093,0.0101,0.0111,0.011,0.0109,0.0108,0.0111,0.0107,0.0104,0.01,0.0094,0.009,0.0087,0.0083,0.0078,0.0073,0.0062,0.0052,0.0041,0.003,0.0015,0.0008,0.0006,0.0002,0.0002,0.0003,0.0002,0.0001,0.0,0.0,0.0,0.0,0.0,0.0,0.0,0.0,0.0,0.0,0.0,0.0,0.0,0.0,0.0001,0.0001
0.0822,0.0832,0.0845,0.0847,0.0843,0.0821,0.0789,0.0766,0.0726,0.0688,0.0647,0.0598,0.0575,0.0564,0.057,0.0557,0.0553,0.0566,0.0552,0.0519,0.0502,0.0494,0.0498,0.0526,0.054,0.0542,0.056,0.054,0.0483,0.0445,0.0441,0.045,0.0468,0.0462,0.0442,0.0435,0.0419,0.0381,0.0358,0.0358,0.0344,0.0327,0.0307,0.0281,0.0258,0.0237,0.0207,0.0183,0.0157,0.0135,0.0108,0.009,0.0064,0.0049,0.0042,0.0036,0.0031,0.0026,0.0019,0.0013,0.0008,0.0002,0.0001,0.0,0.0,0.0,0.0,0.0,0.0,0.0,0.0,0.0,0.0,0.0,0.0,0.0,0.0,0.0,0.0,0.0,0.0,0.0,0.0,0.0,0.0,0.0,0.0,0.0,0.0,0.0
0.184,0.1841,0.1812,0.1847,0.1875,0.1857,0.1802,0.1742,0.1692,0.1639,0.1557,0.1513,0.1462,0.1452,0.1418,0.1393,0.1365,0.1339,0.1324,0.1309,0.1274,0.1211,0.1132,0.1071,0.1012,0.0973,0.0905,0.0839,0.0782,0.0747,0.07,0.0662,0.0597,0.0532,0.0476,0.0409,0.0367,0.0335,0.0295,0.0244,0.0193,0.0147,0.0114,0.0085,0.0059,0.0038,0.002,0.0012,0.0006,0.0006,0.0003,0.0,0.0,0.0,0.0,0.0,0.0,0.0,0.0,0.0,0.0,0.0,0.0,0.0,0.0,0.0,0.0,0.0,0.0,0.0,0.0,0.0,0.0,0.0,0.0,0.0,0.0,0.0,0.0,0.0,0.0,0.0,0.0,0.0,0.0,0.0,0.0,0.0,0.0,0.0
0.2913,0.2841,0.2676,0.2647,0.268,0.2621,0.2535,0.2437,0.2325,0.2215,0.2101,0.1976,0.186,0.1742,0.1621,0.151,0.1362,0.1231,0.1137,0.1049,0.0967,0.0899,0.0835,0.0751,0.0671,0.0619,0.0561,0.0535,0.0499,0.0437,0.0377,0.0323,0.0267,0.0232,0.0193,0.0156,0.0123,0.0102,0.0081,0.006,0.0038,0.0023,0.0016,0.0009,0.0005,0.0003,0.0002,0.0001,0.0001,0.0003,0.0003,0.0001,0.0,0.0,0.0,0.0,0.0,0.0,0.0,0.0,0.0,0.0,0.0,0.0,0.0,0.0,0.0,0.0,0.0,0.0,0.0,0.0,0.0,0.0,0.0,0.0,0.0,0.0,0.0,0.0,0.0,0.0,0.0,0.0,0.0,0.0,0.0,0.0,0.0,0.0
0.3123,0.2991,0.2971,0.2754,0.2693,0.2541,0.238,0.231,0.2152,0.1974,0.1833,0.1672,0.1508,0.1391,0.1276,0.1162,0.1022,0.0872,0.0769,0.0678,0.0545,0.0409,0.0266,0.0157,0.0108,0.0101,0.0071,0.0045,0.0019,0.001,0.0005,0.0002,0.0002,0.0,0.0,0.0,0.0,0.0,0.0,0.0,0.0,0.0,0.0,0.0,0.0,0.0,0.0,0.0,0.0,0.0,0.0,0.0,0.0,0.0,0.0,0.0,0.0,0.0,0.0,0.0,0.0,0.0,0.0,0.0,0.0,0.0,0.0,0.0,0.0,0.0,0.0,0.0,0.0,0.0,0.0,0.0,0.0,0.0,0.0,0.0,0.0,0.0,0.0,0.0,0.0,0.0,0.0,0.0,0.0,0.0
0.4006,0.3856,0.3914,0.3823,0.3724,0.3634,0.3518,0.3469,0.3354,0.3154,0.2972,0.2876,0.2713,0.2579,0.2496,0.2387,0.2307,0.2193,0.2082,0.2044,0.2033,0.1952,0.1875,0.1797,0.1662,0.1614,0.143,0.1308,0.1138,0.1019,0.0943,0.0856,0.0807,0.0737,0.0665,0.0618,0.0619,0.0568,0.052,0.0496,0.0479,0.0455,0.0394,0.0358,0.0332,0.0309,0.0296,0.0264,0.0216,0.0172,0.0128,0.0105,0.0082,0.0074,0.0057,0.0041,0.0024,0.0018,0.0014,0.0011,0.0008,0.0004,0.0001,0.0,0.0,0.0,0.0,0.0,0.0,0.0,0.0,0.0,0.0,0.0,0.0,0.0,0.0,0.0,0.0,0.0,0.0,0.0,0.0,0.0,0.0,0.0,0.0,0.0,0.0,0.0
0.4301,0.4198,0.4172,0.4139,0.407,0.3988,0.3897,0.3827,0.3742,0.3655,0.3576,0.3533,0.3478,0.3395,0.3227,0.3071,0.2931,0.2813,0.267,0.2533,0.2415,0.2297,0.2198,0.2078,0.1932,0.1788,0.173,0.1667,0.1662,0.1602,0.1554,0.1499,0.1404,0.1356,0.1323,0.1271,0.1234,0.1187,0.1144,0.1071,0.0985,0.0917,0.0849,0.0788,0.0725,0.0662,0.0593,0.0546,0.0516,0.0488,0.0433,0.0391,0.0341,0.0309,0.0264,0.0205,0.0134,0.009,0.0061,0.0039,0.002,0.0005,0.0001,0.0,0.0,0.0,0.0,0.0,0.0,0.0,0.0,0.0,0.0,0.0,0.0,0.0,0.0,0.0,0.0,0.0,0.0,0.0,0.0,0.0,0.0,0.0,0.0,0.0,0.0,0.0
0.3842,0.3737,0.3718,0.3683,0.3615,0.3557,0.3529,0.3464,0.341,0.3359,0.3284,0.319,0.309,0.3008,0.2841,0.2667,0.2525,0.2434,0.2315,0.2187,0.2002,0.1822,0.167,0.1594,0.1478,0.1325,0.1235,0.11,0.1055,0.0976,0.0904,0.0856,0.0789,0.0726,0.069,0.0638,0.0588,0.055,0.0497,0.0432,0.0353,0.0306,0.0255,0.0219,0.0191,0.0161,0.0137,0.0113,0.0088,0.0056,0.0032,0.0013,0.0005,0.0001,0.0,0.0,0.0,0.0,0.0,0.0,0.0,0.0,0.0,0.0,0.0,0.0,0.0,0.0,0.0,0.0,0.0,0.0,0.0,0.0,0.0,0.0,0.0,0.0,0.0,0.0,0.0,0.0,0.0,0.0,0.0,0.0,0.0,0.0,0.0,0.0
0.4979,0.4833,0.4718,0.461,0.4549,0.4518,0.4476,0.4397,0.4403,0.434,0.4226,0.4127,0.4023,0.3922,0.3837,0.3683,0.3511,0.335,0.3211,0.3104,0.2919,0.2709,0.2538,0.244,0.2398,0.228,0.2179,0.2034,0.1948,0.182,0.172,0.1629,0.1568,0.1486,0.1399,0.1308,0.1214,0.1129,0.1058,0.0982,0.091,0.0838,0.0777,0.0741,0.0712,0.0678,0.0638,0.0583,0.0526,0.046,0.0384,0.03,0.0236,0.0199,0.0154,0.011,0.0083,0.0055,0.0026,0.0011,0.0004,0.0001,0.0,0.0,0.0,0.0,0.0,0.0,0.0,0.0,0.0,0.0,0.0,0.0,0.0,0.0,0.0,0.0,0.0,0.0,0.0,0.0,0.0,0.0,0.0,0.0,0.0,0.0,0.0,0.0
0.4248,0.421,0.4155,0.4055,0.3908,0.3797,0.3727,0.366,0.3549,0.3478,0.3437,0.3405,0.3339,0.3266,0.3264,0.3249,0.3197,0.3114,0.3037,0.2949,0.2888,0.2843,0.2743,0.2599,0.2458,0.2319,0.2231,0.2213,0.2109,0.2035,0.1913,0.1779,0.166,0.1529,0.1395,0.1291,0.1196,0.1133,0.1098,0.1044,0.098,0.0915,0.0821,0.0725,0.0644,0.0572,0.05,0.0421,0.0341,0.0289,0.023,0.018,0.0132,0.0102,0.0081,0.0061,0.0038,0.0011,0.0002,0.0,0.0,0.0,0.0,0.0,0.0,0.0,0.0,0.0,0.0,0.0,0.0,0.0,0.0,0.0,0.0,0.0,0.0,0.0,0.0,0.0,0.0,0.0,0.0,0.0,0.0,0.0,0.0,0.0,0.0,0.0
0.2014,0.1976,0.1898,0.1845,0.1771,0.1704,0.1644,0.1581,0.1514,0.1464,0.1381,0.1308,0.1246,0.1164,0.1114,0.1064,0.1026,0.0999,0.0969,0.0951,0.093,0.0911,0.0873,0.0844,0.0804,0.078,0.0775,0.0768,0.0743,0.0715,0.0678,0.0651,0.062,0.0576,0.0551,0.0537,0.0511,0.0507,0.0492,0.047,0.0445,0.0416,0.0394,0.0376,0.0352,0.0331,0.0313,0.0289,0.0271,0.0256,0.0237,0.0215,0.0196,0.018,0.0168,0.0155,0.0147,0.0137,0.0127,0.0119,0.0114,0.0105,0.0098,0.0091,0.0085,0.0079,0.0081,0.0073,0.0068,0.0063,0.0056,0.0051,0.0045,0.004,0.0035,0.0031,0.0028,0.0024,0.0019,0.0017,0.0014,0.0011,0.001,0.0009,0.0007,0.0004,0.0003,0.0003,0.0002,0.0001
0.1647,0.1605,0.1542,0.1507,0.1473,0.141,0.1357,0.1313,0.1276,0.1257,0.1241,0.1207,0.117,0.1137,0.1108,0.1088,0.1055,0.1013,0.0987,0.0972,0.0946,0.0909,0.0879,0.0855,0.084,0.0819,0.0804,0.0786,0.0769,0.0758,0.0745,0.0727,0.0707,0.0701,0.0684,0.0677,0.0656,0.064,0.0633,0.0622,0.0605,0.0584,0.0564,0.0552,0.0533,0.0509,0.0491,0.0476,0.0454,0.0433,0.0418,0.0405,0.039,0.0376,0.0365,0.0354,0.0341,0.0326,0.0307,0.0297,0.0295,0.0286,0.0276,0.0265,0.0256,0.0251,0.0236,0.0225,0.0207,0.0197,0.0186,0.0174,0.0164,0.0157,0.0146,0.0137,0.013,0.012,0.0105,0.009,0.008,0.0074,0.0068,0.0062,0.0055,0.0049,0.0044,0.004,0.0033,0.0029
0.1742,0.1713,0.1682,0.1644,0.1612,0.1578,0.1533,0.1489,0.143,0.1381,0.1347,0.1324,0.1301,0.1275,0.1247,0.1217,0.1207,0.1191,0.1186,0.116,0.1125,0.1109,0.1067,0.1028,0.0991,0.0964,0.0913,0.0884,0.0848,0.0814,0.0789,0.0763,0.0735,0.0707,0.068,0.0649,0.0618,0.0581,0.0539,0.0498,0.0468,0.045,0.0428,0.0401,0.0372,0.0341,0.0319,0.0307,0.0295,0.0272,0.0248,0.0228,0.0215,0.0201,0.0182,0.017,0.0155,0.0145,0.0133,0.0118,0.0106,0.0096,0.009,0.0085,0.0079,0.0069,0.006,0.0052,0.0044,0.0037,0.0032,0.0027,0.0025,0.0024,0.0024,0.0023,0.0021,0.002,0.0017,0.0014,0.0012,0.0011,0.001,0.0008,0.0006,0.0003,0.0001,0.0001,0.0001,0.0001
0.0345,0.0314,0.0279,0.0261,0.0278,0.0279,0.0285,0.0316,0.0361,0.0378,0.0366,0.034,0.0338,0.0337,0.0328,0.0327,0.032,0.0302,0.0275,0.0263,0.0268,0.0273,0.0288,0.0288,0.027,0.0249,0.0229,0.0208,0.0188,0.0166,0.014,0.0128,0.012,0.0099,0.009,0.0079,0.0072,0.0058,0.0042,0.0024,0.0018,0.0019,0.0015,0.0011,0.0007,0.0004,0.0003,0.0003,0.0001,0.0,0.0,0.0,0.0,0.0,0.0,0.0,0.0,0.0,0.0,0.0,0.0,0.0,0.0,0.0,0.0,0.0,0.0,0.0,0.0,0.0,0.0,0.0,0.0,0.0,0.0,0.0,0.0,0.0,0.0,0.0,0.0,0.0,0.0,0.0,0.0,0.0,0.0,0.0,0.0,0.0
0.0044,0.0034,0.0029,0.0024,0.002,0.0017,0.0014,0.0013,0.0012,0.001,0.0009,0.0008,0.0008,0.0009,0.0009,0.0009,0.0009,0.0008,0.0008,0.0007,0.0006,0.0004,0.0003,0.0002,0.0002,0.0001,0.0001,0.0,0.0,0.0,0.0,0.0,0.0,0.0,0.0,0.0,0.0,0.0,0.0,0.0,0.0,0.0,0.0,0.0,0.0,0.0,0.0,0.0,0.0,0.0,0.0,0.0,0.0,0.0,0.0,0.0,0.0,0.0,0.0,0.0,0.0,0.0,0.0,0.0,0.0,0.0,0.0,0.0,0.0,0.0,0.0,0.0,0.0,0.0,0.0,0.0,0.0,0.0,0.0,0.0,0.0,0.0,0.0,0.0,0.0,0.0,0.0,0.0,0.0,0.0
0.0351,0.0345,0.0344,0.0338,0.0341,0.0343,0.0346,0.0346,0.035,0.0343,0.0334,0.0337,0.0344,0.0345,0.0343,0.034,0.0337,0.0332,0.0329,0.0329,0.0333,0.0334,0.0333,0.0331,0.0331,0.033,0.0333,0.0337,0.0342,0.0344,0.0345,0.0344,0.0342,0.034,0.0339,0.0336,0.0333,0.0332,0.0331,0.0333,0.0335,0.0331,0.0327,0.0329,0.0328,0.0325,0.0327,0.0331,0.033,0.0327,0.0323,0.0321,0.032,0.0318,0.0315,0.0313,0.031,0.031,0.0314,0.0313,0.0311,0.0311,0.0307,0.0304,0.0299,0.0298,0.03,0.03,0.0296,0.0291,0.0284,0.0275,0.0262,0.026,0.0255,0.0249,0.0253,0.0264,0.027,0.0279,0.0293,0.0303,0.0306,0.0305,0.0306,0.0317,0.0321,0.0323,0.0324,0.0325
0.4321,0.4292,0.4323,0.4359,0.4396,0.4389,0.4405,0.4484,0.4506,0.4467,0.4479,0.4543,0.4577,0.4602,0.4653,0.4685,0.4675,0.47,0.4706,0.4741,0.4833,0.4886,0.4915,0.4904,0.4879,0.4892,0.4913,0.4929,0.4973,0.505,0.5108,0.5125,0.5152,0.5162,0.5179,0.5204,0.5224,0.5226,0.5206,0.5141,0.507,0.501,0.4968,0.494,0.4916,0.4851,0.4853,0.4906,0.4938,0.486,0.4748,0.4705,0.4665,0.4631,0.4605,0.4563,0.4508,0.4505,0.4569,0.4613,0.4619,0.4599,0.4599,0.463,0.4665,0.4688,0.4684,0.4641,0.4573,0.4534,0.4534,0.4505,0.4438,0.4429,0.4419,0.44,0.445,0.4518,0.4572,0.4615,0.4651,0.4661,0.465,0.4623,0.4646,0.4737,0.4816,0.4882,0.4943,0.4973
0.4675,0.4564,0.4486,0.4425,0.437,0.4351,0.4321,0.4235,0.4198,0.4238,0.4218,0.4116,0.4043,0.401,0.3963,0.3842,0.3803,0.3741,0.3691,0.3618,0.3507,0.3413,0.3368,0.3345,0.3329,0.3264,0.3132,0.305,0.3013,0.2996,0.293,0.2895,0.2767,0.2735,0.2739,0.2697,0.2605,0.2494,0.2332,0.2283,0.2268,0.2261,0.2247,0.2221,0.2186,0.2195,0.2154,0.2104,0.2055,0.2106,0.2162,0.211,0.1996,0.1948,0.1897,0.1861,0.185,0.181,0.1697,0.1586,0.1531,0.1495,0.1417,0.1294,0.1167,0.1053,0.1031,0.105,0.1068,0.1053,0.1045,0.1067,0.1099,0.1124,0.1143,0.1163,0.1132,0.1059,0.1011,0.0973,0.0925,0.0909,0.0938,0.099,0.0997,0.0886,0.0849,0.0857,0.0901,0.0953
0.4891,0.4697,0.4553,0.4423,0.4308,0.423,0.4144,0.4037,0.3952,0.3898,0.3823,0.3699,0.3595,0.3542,0.3391,0.3203,0.3116,0.2984,0.2839,0.2695,0.2603,0.2415,0.2254,0.2112,0.1984,0.1862,0.1744,0.1593,0.149,0.1397,0.128,0.1202,0.108,0.103,0.0985,0.0916,0.0871,0.0817,0.074,0.0715,0.0685,0.0651,0.0622,0.0586,0.0555,0.0556,0.0535,0.0486,0.0461,0.0422,0.0399,0.0373,0.0351,0.0322,0.0295,0.0269,0.0248,0.0231,0.0209,0.018,0.0157,0.0132,0.0105,0.0082,0.0064,0.005,0.0048,0.0045,0.0037,0.0029,0.0023,0.002,0.0016,0.0015,0.0013,0.001,0.0006,0.0002,0.0,0.0,0.0,0.0,0.0,0.0,0.0,0.0,0.0,0.0,0.0,0.0001
0.4983,0.4887,0.4786,0.4621,0.4504,0.4415,0.4322,0.4191,0.406,0.3943,0.3822,0.3653,0.3493,0.3356,0.3208,0.3051,0.2898,0.2702,0.2529,0.2346,0.218,0.1979,0.1802,0.1636,0.1482,0.135,0.1252,0.1121,0.1004,0.0897,0.0785,0.0695,0.0609,0.0543,0.0471,0.0406,0.0362,0.0314,0.0278,0.0251,0.0234,0.0223,0.0178,0.0146,0.0129,0.012,0.0111,0.0089,0.0065,0.0043,0.0046,0.0044,0.0044,0.0036,0.0027,0.0018,0.0014,0.0012,0.0008,0.0003,0.0001,0.0,0.0,0.0,0.0,0.0,0.0,0.0,0.0,0.0,0.0,0.0,0.0,0.0,0.0,0.0,0.0,0.0,0.0,0.0,0.0,0.0,0.0,0.0,0.0,0.0,0.0,0.0,0.0,0.0
0.4347,0.4241,0.4154,0.4011,0.385,0.3712,0.3596,0.3481,0.3351,0.3198,0.3093,0.298,0.2865,0.2725,0.2554,0.2372,0.2271,0.2127,0.1972,0.1792,0.1609,0.1424,0.1285,0.1119,0.0952,0.0823,0.0683,0.0608,0.0484,0.0365,0.0281,0.0203,0.015,0.0114,0.0088,0.0068,0.0056,0.0046,0.0036,0.0026,0.0019,0.0013,0.0007,0.0003,0.0002,0.0001,0.0,0.0,0.0,0.0,0.0,0.0,0.0,0.0001,0.0001,0.0002,0.0002,0.0002,0.0001,0.0,0.0,0.0003,0.0005,0.0008,0.0011,0.0016,0.0019,0.0019,0.0022,0.0023,0.0021,0.0017,0.0013,0.001,0.0008,0.0005,0.0002,0.0001,0.0001,0.0,0.0,0.0,0.0001,0.0002,0.0003,0.0004,0.001,0.0014,0.0012,0.0016
0.3493,0.3401,0.3318,0.3265,0.3121,0.2972,0.2818,0.2689,0.2544,0.2386,0.2258,0.2073,0.1898,0.1766,0.1613,0.1504,0.1391,0.1275,0.1172,0.1076,0.0998,0.0898,0.0818,0.0722,0.0632,0.0555,0.0471,0.0404,0.0352,0.0299,0.0268,0.0247,0.0234,0.0226,0.0216,0.0198,0.0193,0.019,0.0188,0.0186,0.0184,0.0178,0.018,0.0184,0.0184,0.0181,0.0176,0.017,0.0171,0.0168,0.0166,0.0159,0.0151,0.0145,0.0135,0.0134,0.0133,0.0131,0.0129,0.0121,0.012,0.0118,0.0111,0.0103,0.0097,0.0091,0.0081,0.0078,0.0072,0.0067,0.0061,0.005,0.0042,0.0035,0.0034,0.0032,0.0027,0.0024,0.0024,0.0027,0.0034,0.0046,0.0052,0.006,0.007,0.0083,0.0096,0.0106,0.011,0.0115
