0.3562,0.349,0.3392,0.3297,0.3244,0.3155,0.3062,0.2961,0.2871,0.2757,0.2614,0.2517,0.2382,0.2271,0.2132,0.2013,0.1889,0.1788,0.1677,0.1633,0.1556,0.1463,0.137,0.1272,0.1163,0.1068,0.0981,0.0898,0.083,0.0789,0.0704,0.0691,0.0683,0.0647,0.0601,0.0568,0.0531,0.0489,0.0437,0.04,0.0349,0.0291,0.0242,0.0183,0.0142,0.0109,0.0084,0.0065,0.0059,0.0046,0.0037,0.0029,0.0022,0.0015,0.001,0.0006,0.0003,0.0,0.0,0.0,0.0,0.0,0.0,0.0,0.0,0.0,0.0,0.0,0.0,0.0,0.0,0.0,0.0,0.0,0.0,0.0,0.0,0.0,0.0,0.0,0.0,0.0,0.0,0.0,0.0,0.0,0.0,0.0,0.0,0.0
0.3839,0.378,0.3703,0.3603,0.3569,0.3496,0.3383,0.3252,0.3193,0.3086,0.2964,0.2879,0.2794,0.2668,0.2549,0.245,0.2328,0.2219,0.2094,0.1969,0.1884,0.1789,0.1686,0.157,0.1451,0.1329,0.12,0.1087,0.0963,0.0853,0.0762,0.067,0.0604,0.054,0.0454,0.0398,0.036,0.0305,0.0257,0.022,0.0193,0.0179,0.015,0.012,0.0093,0.0064,0.004,0.0027,0.0025,0.0022,0.0018,0.0014,0.0012,0.001,0.0008,0.0006,0.0005,0.0007,0.001,0.0013,0.0018,0.0023,0.0023,0.0022,0.0019,0.0018,0.0013,0.0007,0.0002,0.0,0.0,0.0,0.0,0.0,0.0,0.0,0.0,0.0,0.0,0.0,0.0,0.0,0.0,0.0,0.0,0.0,0.0,0.0,0.0,0.0
0.4414,0.4354,0.4257,0.418,0.4078,0.4047,0.3942,0.3802,0.369,0.3587,0.3519,0.3428,0.3351,0.3268,0.317,0.3114,0.3028,0.2943,0.2868,0.2778,0.2769,0.2719,0.2625,0.2527,0.2429,0.2332,0.2212,0.2091,0.1974,0.1886,0.1809,0.1703,0.1624,0.1526,0.1425,0.1346,0.1303,0.1252,0.1182,0.1092,0.0983,0.0927,0.0832,0.0757,0.0674,0.0593,0.051,0.0452,0.0419,0.0401,0.0385,0.0355,0.0325,0.0312,0.0308,0.0299,0.0288,0.0269,0.0245,0.0214,0.0184,0.0146,0.0119,0.0099,0.0088,0.0071,0.0052,0.0035,0.0025,0.0019,0.0013,0.001,0.0008,0.0008,0.0007,0.0006,0.0005,0.0003,0.0002,0.0001,0.0,0.0,0.0,0.0001,0.0004,0.0004,0.0004,0.0004,0.0005,0.0004
0.3006,0.3011,0.3025,0.3001,0.2982,0.2925,0.2909,0.2882,0.2849,0.2833,0.2791,0.2736,0.2695,0.2689,0.2688,0.2612,0.2561,0.2522,0.2461,0.2429,0.2319,0.2207,0.2108,0.1995,0.1899,0.1803,0.1727,0.1652,0.1594,0.1555,0.1493,0.1423,0.1382,0.1324,0.1286,0.1209,0.1127,0.1046,0.0932,0.0847,0.0773,0.0698,0.0624,0.0565,0.0515,0.0474,0.0458,0.0445,0.043,0.041,0.0389,0.0374,0.0359,0.0337,0.0304,0.0268,0.0237,0.0211,0.0185,0.017,0.0163,0.0156,0.0144,0.0134,0.0126,0.012,0.0116,0.0111,0.0103,0.0098,0.0093,0.0087,0.0083,0.0078,0.0072,0.0068,0.0065,0.006,0.006,0.0057,0.0054,0.0049,0.0046,0.0047,0.0044,0.0039,0.0031,0.0024,0.0023,0.002
0.1433,0.1393,0.1337,0.1276,0.1209,0.1137,0.1083,0.1028,0.095,0.0854,0.0782,0.0746,0.0706,0.0682,0.0655,0.0615,0.0589,0.0563,0.0538,0.0522,0.0499,0.046,0.0418,0.0387,0.0361,0.0334,0.0322,0.0312,0.0289,0.0258,0.0226,0.02,0.0183,0.017,0.0168,0.015,0.0114,0.0087,0.0057,0.0043,0.0032,0.0025,0.002,0.0015,0.0012,0.001,0.0007,0.0006,0.0005,0.0005,0.0005,0.0005,0.0005,0.0005,0.0004,0.0004,0.0004,0.0003,0.0003,0.0002,0.0002,0.0001,0.0001,0.0001,0.0,0.0,0.0,0.0,0.0,0.0,0.0,0.0,0.0,0.0,0.0,0.0,0.0,0.0,0.0,0.0,0.0,0.0,0.0,0.0,0.0,0.0,0.0,0.0,0.0,0.0
0.0527,0.0506,0.0466,0.043,0.0422,0.04,0.0366,0.0351,0.0298,0.0247,0.0208,0.0207,0.0193,0.0168,0.0141,0.0118,0.0099,0.0081,0.0063,0.0046,0.003,0.0019,0.0011,0.0006,0.0003,0.0003,0.0008,0.001,0.0013,0.0014,0.0017,0.0017,0.0015,0.0012,0.0008,0.0005,0.0003,0.0001,0.0,0.0,0.0,0.0,0.0,0.0,0.0,0.0,0.0,0.0,0.0,0.0,0.0,0.0,0.0,0.0,0.0,0.0,0.0,0.0,0.0,0.0,0.0,0.0,0.0,0.0,0.0,0.0,0.0,0.0,0.0,0.0,0.0,0.0,0.0,0.0,0.0,0.0,0.0,0.0,0.0,0.0,0.0,0.0,0.0,0.0,0.0,0.0,0.0,0.0,0.0,0.0
0.1239,0.1225,0.1167,0.1066,0.1011,0.0973,0.0876,0.079,0.0717,0.0675,0.0585,0.0543,0.0535,0.0475,0.0472,0.0453,0.0435,0.0427,0.0429,0.0399,0.0375,0.0351,0.0321,0.0292,0.0313,0.0324,0.0322,0.0296,0.0272,0.0249,0.0219,0.02,0.017,0.0138,0.0109,0.0082,0.0055,0.0049,0.0033,0.0017,0.0005,0.0,0.0,0.0,0.0,0.0,0.0,0.0,0.0,0.0,0.0,0.0,0.0,0.0,0.0,0.0,0.0,0.0,0.0,0.0,0.0,0.0,0.0,0.0,0.0,0.0,0.0,0.0,0.0,0.0,0.0,0.0,0.0,0.0,0.0,0.0,0.0,0.0,0.0,0.0,0.0,0.0,0.0,0.0,0.0,0.0,0.0,0.0,0.0,0.0
0.1735,0.1715,0.1726,0.1715,0.1678,0.1659,0.1634,0.1615,0.1563,0.1492,0.1447,0.1366,0.1272,0.1168,0.1073,0.1014,0.0953,0.0897,0.0831,0.0778,0.0725,0.0684,0.0653,0.0612,0.0568,0.0505,0.0456,0.0407,0.035,0.0288,0.0221,0.018,0.0127,0.0095,0.0073,0.0055,0.0043,0.0033,0.0022,0.0016,0.0012,0.0008,0.0006,0.0004,0.0002,0.0001,0.0,0.0,0.0,0.0,0.0,0.0,0.0,0.0,0.0,0.0,0.0,0.0,0.0,0.0,0.0,0.0,0.0,0.0,0.0,0.0,0.0,0.0,0.0,0.0,0.0,0.0,0.0,0.0,0.0,0.0,0.0,0.0,0.0,0.0,0.0,0.0,0.0,0.0,0.0,0.0,0.0,0.0,0.0,0.0
0.0769,0.075,0.0733,0.0721,0.0698,0.0672,0.0656,0.0645,0.0638,0.0621,0.0608,0.0574,0.0528,0.0504,0.0457,0.0413,0.0369,0.0326,0.0293,0.0276,0.0256,0.0241,0.0226,0.0208,0.0181,0.0144,0.0107,0.0085,0.0066,0.0052,0.004,0.0028,0.0017,0.0011,0.0008,0.0005,0.0004,0.0002,0.0,0.0,0.0,0.0,0.0,0.0,0.0,0.0,0.0,0.0,0.0,0.0,0.0,0.0,0.0,0.0,0.0,0.0,0.0,0.0,0.0,0.0,0.0,0.0,0.0,0.0,0.0,0.0,0.0,0.0,0.0,0.0,0.0,0.0,0.0,0.0,0.0,0.0,0.0,0.0,0.0,0.0,0.0,0.0,0.0,0.0,0.0,0.0,0.0,0.0,0.0,0.0
0.0737,0.0718,0.07,0.0701,0.0687,0.0651,0.0639,0.0623,0.0606,0.0607,0.0591,0.0569,0.0529,0.051,0.0486,0.0462,0.0468,0.0447,0.0428,0.0403,0.037,0.0373,0.036,0.0307,0.0271,0.0302,0.0288,0.0284,0.028,0.0263,0.0237,0.0228,0.0225,0.0209,0.0197,0.0178,0.0153,0.0122,0.0112,0.0114,0.0115,0.0107,0.0094,0.0084,0.0074,0.0059,0.005,0.0044,0.004,0.0035,0.0028,0.0022,0.0013,0.0007,0.0005,0.0003,0.0001,0.0,0.0,0.0,0.0,0.0,0.0,0.0,0.0,0.0,0.0,0.0,0.0,0.0,0.0,0.0,0.0,0.0,0.0,0.0,0.0,0.0,0.0,0.0,0.0,0.0,0.0,0.0,0.0,0.0,0.0,0.0,0.0,0.0
0.0867,0.0836,0.0815,0.0785,0.0775,0.0769,0.0747,0.0725,0.0702,0.0684,0.0663,0.0648,0.0619,0.0594,0.0579,0.0559,0.0543,0.053,0.0514,0.0498,0.0478,0.0459,0.0438,0.0423,0.0401,0.036,0.0338,0.0297,0.0253,0.0228,0.021,0.0193,0.0182,0.0177,0.0168,0.0162,0.015,0.0136,0.0126,0.0116,0.012,0.0118,0.0125,0.0127,0.0123,0.0119,0.0114,0.0107,0.0099,0.0095,0.0092,0.009,0.0086,0.008,0.0071,0.0063,0.0053,0.004,0.0031,0.0023,0.0016,0.0012,0.0013,0.001,0.0008,0.0007,0.0004,0.0002,0.0001,0.0,0.0,0.0,0.0,0.0,0.0,0.0,0.0,0.0,0.0,0.0,0.0,0.0,0.0,0.0,0.0,0.0,0.0,0.0,0.0,0.0
0.0732,0.0721,0.0705,0.0701,0.0734,0.0736,0.0725,0.0724,0.0726,0.0718,0.0714,0.0714,0.0694,0.0676,0.0658,0.0641,0.0623,0.0613,0.0596,0.0587,0.0583,0.058,0.0576,0.0556,0.0534,0.0509,0.0504,0.0482,0.0439,0.0421,0.0417,0.0406,0.0409,0.0402,0.0387,0.0377,0.0368,0.0351,0.0338,0.0318,0.0299,0.0295,0.03,0.0296,0.0287,0.0277,0.027,0.0253,0.0235,0.0218,0.021,0.0193,0.0177,0.0171,0.0158,0.0144,0.0132,0.0113,0.01,0.0087,0.0074,0.0061,0.0049,0.0039,0.0026,0.0016,0.0009,0.0004,0.0001,0.0,0.0,0.0,0.0,0.0,0.0,0.0,0.0,0.0,0.0,0.0,0.0,0.0,0.0,0.0,0.0,0.0,0.0,0.0,0.0,0.0
0.0889,0.0878,0.0854,0.084,0.0819,0.0824,0.0817,0.0803,0.0811,0.0819,0.0814,0.0784,0.0773,0.075,0.0732,0.0706,0.0679,0.066,0.0642,0.0627,0.062,0.0614,0.0609,0.0607,0.0595,0.0573,0.0553,0.0529,0.049,0.0462,0.0444,0.0427,0.0404,0.0389,0.037,0.0349,0.0332,0.0319,0.0306,0.0289,0.0274,0.0254,0.0249,0.0232,0.0216,0.0196,0.0178,0.016,0.0145,0.0131,0.0116,0.0104,0.0087,0.0079,0.0067,0.0057,0.0052,0.0041,0.0034,0.0026,0.0021,0.0017,0.0012,0.0009,0.0004,0.0001,0.0,0.0,0.0,0.0,0.0,0.0,0.0,0.0,0.0,0.0,0.0,0.0,0.0,0.0,0.0,0.0,0.0,0.0,0.0,0.0,0.0,0.0,0.0,0.0
0.065,0.0634,0.0632,0.062,0.0576,0.0519,0.0474,0.0449,0.0385,0.0362,0.0352,0.0341,0.0325,0.0311,0.0304,0.0293,0.0277,0.0262,0.0249,0.0237,0.0225,0.0208,0.02,0.0198,0.0188,0.0174,0.0154,0.0122,0.0094,0.0081,0.0078,0.0069,0.0059,0.0054,0.0049,0.0045,0.004,0.0031,0.0023,0.0018,0.0008,0.0002,0.0001,0.0,0.0,0.0,0.0,0.0,0.0,0.0,0.0,0.0,0.0,0.0,0.0,0.0,0.0,0.0,0.0,0.0,0.0,0.0,0.0,0.0,0.0,0.0,0.0,0.0,0.0,0.0,0.0,0.0,0.0,0.0,0.0,0.0,0.0,0.0,0.0,0.0,0.0,0.0,0.0,0.0,0.0,0.0,0.0,0.0,0.0,0.0
0.0318,0.0307,0.0295,0.0285,0.0271,0.0249,0.0242,0.0231,0.0221,0.0224,0.0225,0.0221,0.021,0.0199,0.0187,0.0175,0.0184,0.0199,0.0207,0.0208,0.0205,0.0201,0.0194,0.0185,0.0145,0.0105,0.0088,0.0076,0.0057,0.0051,0.0048,0.0053,0.0058,0.0059,0.0053,0.0044,0.0035,0.0025,0.0016,0.001,0.0007,0.0005,0.0003,0.0001,0.0,0.0,0.0,0.0,0.0,0.0,0.0,0.0,0.0,0.0,0.0,0.0,0.0,0.0,0.0,0.0,0.0,0.0,0.0,0.0,0.0,0.0,0.0,0.0,0.0,0.0,0.0,0.0,0.0,0.0,0.0,0.0,0.0,0.0,0.0,0.0,0.0,0.0,0.0,0.0,0.0,0.0,0.0,0.0,0.0,0.0
0.0831,0.0844,0.0865,0.089,0.0885,0.0856,0.0817,0.0781,0.0739,0.071,0.0706,0.0693,0.067,0.0641,0.0603,0.0578,0.0562,0.0554,0.0559,0.0562,0.055,0.0521,0.05,0.0474,0.0446,0.0414,0.0383,0.0354,0.0317,0.0293,0.027,0.0248,0.0238,0.0213,0.0197,0.0178,0.0167,0.0152,0.013,0.0105,0.0082,0.0059,0.0043,0.003,0.0023,0.0013,0.0005,0.0002,0.0004,0.0003,0.0002,0.0001,0.0,0.0,0.0,0.0,0.0,0.0,0.0,0.0,0.0,0.0,0.0,0.0,0.0,0.0,0.0,0.0,0.0,0.0,0.0,0.0,0.0,0.0,0.0,0.0,0.0,0.0,0.0,0.0,0.0,0.0,0.0,0.0,0.0,0.0,0.0,0.0,0.0,0.0
0.1897,0.1893,0.1821,0.1827,0.1851,0.187,0.1845,0.1775,0.1742,0.169,0.1645,0.1613,0.1578,0.1535,0.1487,0.1456,0.1434,0.1413,0.1388,0.1408,0.1435,0.1402,0.1358,0.131,0.1286,0.1232,0.1206,0.1153,0.1107,0.1051,0.0989,0.0944,0.0873,0.0802,0.0761,0.0703,0.0683,0.0654,0.0626,0.0586,0.0537,0.0488,0.0442,0.0388,0.0341,0.0295,0.0258,0.0224,0.0199,0.0168,0.0138,0.011,0.0088,0.0075,0.0061,0.0046,0.0029,0.002,0.0008,0.0006,0.0003,0.0001,0.0001,0.0,0.0,0.0,0.0,0.0,0.0,0.0,0.0,0.0,0.0,0.0,0.0,0.0,0.0,0.0,0.0,0.0,0.0,0.0,0.0,0.0,0.0,0.0,0.0,0.0,0.0,0.0
0.288,0.2854,0.2726,0.2657,0.2678,0.2663,0.2607,0.2501,0.239,0.2307,0.2244,0.2162,0.2067,0.1978,0.1893,0.1789,0.1692,0.1605,0.1539,0.1466,0.1339,0.1244,0.1143,0.1067,0.1007,0.0971,0.0915,0.0866,0.082,0.0757,0.0707,0.0661,0.0616,0.0574,0.0523,0.0479,0.0422,0.0354,0.0293,0.0248,0.0207,0.018,0.0154,0.0127,0.0099,0.0078,0.0065,0.0051,0.0039,0.0028,0.0022,0.0016,0.0013,0.0013,0.0009,0.0005,0.0005,0.0004,0.0004,0.0003,0.0003,0.0002,0.0001,0.0001,0.0001,0.0,0.0,0.0,0.0,0.0,0.0,0.0,0.0,0.0,0.0,0.0,0.0,0.0,0.0,0.0,0.0,0.0,0.0,0.0,0.0,0.0,0.0,0.0,0.0,0.0
0.3118,0.2991,0.3018,0.2846,0.2764,0.2581,0.2466,0.2378,0.2242,0.2131,0.2008,0.1935,0.1807,0.1629,0.1452,0.1249,0.1087,0.0977,0.0842,0.0755,0.0708,0.0665,0.0577,0.0471,0.0394,0.0339,0.0293,0.0276,0.0277,0.0272,0.0241,0.0213,0.017,0.0119,0.0117,0.0152,0.0161,0.0167,0.0166,0.0169,0.0192,0.0202,0.0209,0.0205,0.0197,0.0187,0.0178,0.0163,0.0141,0.0141,0.0144,0.0134,0.0117,0.0108,0.0114,0.0114,0.0107,0.0096,0.0084,0.0073,0.0073,0.0062,0.0049,0.0045,0.0041,0.0028,0.0015,0.0007,0.0002,0.0001,0.0,0.0,0.0,0.0,0.0,0.0,0.0,0.0,0.0,0.0,0.0,0.0,0.0,0.0,0.0,0.0,0.0,0.0,0.0,0.0
0.4149,0.3986,0.4075,0.3995,0.3905,0.3831,0.3637,0.3646,0.3637,0.3438,0.3335,0.3245,0.3214,0.3166,0.3093,0.2978,0.2893,0.2842,0.277,0.2707,0.2651,0.2597,0.2529,0.2451,0.2376,0.2307,0.2225,0.218,0.2182,0.2138,0.208,0.1977,0.1894,0.181,0.1729,0.1599,0.1533,0.151,0.1459,0.1419,0.1393,0.1319,0.1305,0.1256,0.1206,0.1154,0.113,0.1077,0.1014,0.097,0.0935,0.0904,0.087,0.0814,0.077,0.0706,0.0664,0.063,0.0583,0.0553,0.0522,0.0493,0.0439,0.0399,0.0361,0.0317,0.0266,0.0215,0.0163,0.0117,0.008,0.0058,0.0045,0.0039,0.0029,0.0022,0.0015,0.001,0.0007,0.0005,0.0004,0.0002,0.0001,0.0001,0.0001,0.0,0.0,0.0,0.0,0.0
0.4449,0.4346,0.4339,0.4319,0.4287,0.4189,0.4101,0.4017,0.3967,0.3846,0.3793,0.3708,0.3606,0.3566,0.3488,0.3462,0.3395,0.3293,0.3165,0.3024,0.2902,0.2745,0.2612,0.2531,0.2444,0.2351,0.2281,0.2203,0.2124,0.2052,0.1975,0.1913,0.184,0.1784,0.1722,0.1668,0.1585,0.1467,0.1369,0.1288,0.1212,0.114,0.1038,0.0959,0.0875,0.0787,0.0676,0.0592,0.0554,0.0507,0.045,0.0408,0.0392,0.0389,0.0369,0.0348,0.0323,0.0307,0.0285,0.0247,0.0208,0.0182,0.0158,0.0133,0.011,0.01,0.0087,0.0074,0.0059,0.0046,0.0033,0.0023,0.0019,0.0017,0.001,0.0005,0.0002,0.0,0.0,0.0,0.0,0.0,0.0,0.0,0.0,0.0,0.0,0.0,0.0,0.0
0.4246,0.4137,0.4111,0.4068,0.3977,0.3914,0.3874,0.3837,0.3814,0.3692,0.3622,0.3588,0.3449,0.3374,0.3313,0.3253,0.3177,0.3032,0.2928,0.2848,0.2745,0.2572,0.2393,0.2265,0.2167,0.2086,0.1986,0.1884,0.179,0.1676,0.1561,0.1458,0.1331,0.1208,0.1102,0.0979,0.0834,0.0731,0.0638,0.0572,0.0465,0.0393,0.0342,0.0283,0.0227,0.0177,0.0142,0.0125,0.0099,0.0068,0.0048,0.0035,0.0026,0.0015,0.0005,0.0,0.0,0.0,0.0,0.0,0.0,0.0,0.0,0.0,0.0,0.0,0.0,0.0,0.0,0.0,0.0,0.0,0.0,0.0,0.0,0.0,0.0,0.0,0.0,0.0,0.0,0.0,0.0,0.0,0.0,0.0,0.0,0.0,0.0,0.0
0.5346,0.5225,0.5135,0.5051,0.4961,0.4918,0.4891,0.4834,0.4803,0.4715,0.4579,0.4511,0.4446,0.432,0.4264,0.4221,0.4204,0.4134,0.4062,0.3995,0.3934,0.3815,0.3644,0.3486,0.335,0.3312,0.3274,0.3138,0.2985,0.2773,0.2592,0.2451,0.2331,0.2223,0.2147,0.2095,0.1984,0.1849,0.1719,0.1619,0.1519,0.1395,0.1284,0.1188,0.1098,0.102,0.0933,0.0861,0.0807,0.0713,0.0612,0.0525,0.0452,0.0381,0.0305,0.0244,0.0195,0.018,0.0137,0.0113,0.0076,0.0043,0.0019,0.0005,0.0001,0.0,0.0,0.0,0.0,0.0,0.0,0.0,0.0,0.0,0.0,0.0,0.0,0.0,0.0,0.0,0.0,0.0,0.0,0.0,0.0,0.0,0.0,0.0,0.0,0.0
0.4343,0.4327,0.4286,0.4201,0.4068,0.3959,0.3846,0.3762,0.3701,0.3719,0.3689,0.3628,0.3616,0.3586,0.35,0.3418,0.3305,0.3199,0.3077,0.2957,0.2872,0.2913,0.291,0.2883,0.2824,0.2664,0.2535,0.246,0.2408,0.2389,0.238,0.2348,0.2261,0.2149,0.2033,0.197,0.1928,0.1869,0.1786,0.1694,0.1671,0.1581,0.1472,0.14,0.1316,0.1213,0.1109,0.1006,0.0929,0.0854,0.0737,0.0637,0.0543,0.0451,0.0399,0.0353,0.0319,0.0305,0.0222,0.0164,0.0106,0.0062,0.0027,0.0011,0.0004,0.0,0.0,0.0,0.0,0.0,0.0,0.0,0.0,0.0,0.0,0.0,0.0,0.0,0.0,0.0,0.0,0.0,0.0,0.0,0.0,0.0,0.0,0.0,0.0,0.0
0.2214,0.2196,0.2127,0.2078,0.2012,0.1938,0.189,0.1834,0.1776,0.1776,0.1718,0.1642,0.1577,0.1517,0.1431,0.1345,0.1279,0.1228,0.117,0.1147,0.1114,0.1097,0.1104,0.1105,0.1083,0.1046,0.0997,0.0984,0.0967,0.094,0.0934,0.0888,0.0845,0.0815,0.0782,0.0744,0.071,0.067,0.0635,0.0603,0.0575,0.056,0.0534,0.0507,0.0484,0.0444,0.0417,0.0388,0.0359,0.0354,0.0332,0.0311,0.0296,0.0274,0.0248,0.0225,0.0203,0.0192,0.0186,0.0168,0.0152,0.012,0.0101,0.0085,0.0081,0.0081,0.0075,0.0068,0.0072,0.0068,0.0064,0.0057,0.0048,0.0042,0.0033,0.0026,0.0021,0.0016,0.0013,0.0011,0.0009,0.0007,0.0006,0.0005,0.0005,0.0004,0.0003,0.0,0.0,0.0
0.1764,0.1737,0.1686,0.1652,0.1624,0.157,0.1517,0.1483,0.1447,0.1412,0.1352,0.1297,0.1244,0.1189,0.1129,0.1076,0.1048,0.1012,0.0971,0.0944,0.092,0.0905,0.0892,0.0863,0.0847,0.0829,0.0807,0.0794,0.0792,0.0792,0.0762,0.0707,0.067,0.0638,0.0612,0.0598,0.0582,0.0547,0.0521,0.0488,0.047,0.0471,0.0452,0.0422,0.0385,0.0365,0.0332,0.0308,0.0292,0.0259,0.0232,0.0205,0.0178,0.0154,0.0138,0.0132,0.0125,0.0116,0.0099,0.0086,0.0082,0.0084,0.0075,0.0065,0.0055,0.0047,0.0042,0.004,0.0033,0.0022,0.0015,0.0009,0.0005,0.0003,0.0001,0.0,0.0,0.0,0.0,0.0,0.0,0.0,0.0,0.0,0.0,0.0,0.0,0.0,0.0,0.0
0.1953,0.1943,0.1927,0.1906,0.1906,0.1888,0.1832,0.1781,0.1737,0.1665,0.1598,0.1523,0.1455,0.1386,0.1314,0.1258,0.12,0.1142,0.1092,0.1043,0.0993,0.095,0.0907,0.086,0.0816,0.0767,0.0716,0.0669,0.0626,0.0584,0.0562,0.0506,0.0452,0.0405,0.0345,0.0298,0.0271,0.0237,0.0208,0.0178,0.0152,0.013,0.0108,0.0084,0.0064,0.0052,0.0039,0.0029,0.0022,0.0016,0.0011,0.0005,0.0002,0.0,0.0,0.0,0.0,0.0,0.0,0.0,0.0,0.0,0.0,0.0,0.0,0.0,0.0,0.0,0.0,0.0,0.0,0.0,0.0,0.0,0.0,0.0,0.0,0.0,0.0,0.0,0.0,0.0,0.0,0.0,0.0,0.0,0.0,0.0,0.0,0.0
0.0393,0.0356,0.0309,0.0285,0.0308,0.0287,0.0293,0.0336,0.0386,0.0417,0.0428,0.0415,0.0399,0.0385,0.0385,0.0378,0.0349,0.0311,0.0283,0.0213,0.0136,0.0088,0.0075,0.0063,0.0058,0.0052,0.0041,0.0028,0.0024,0.0027,0.0025,0.0024,0.0023,0.0017,0.0007,0.0,0.0,0.0,0.0,0.0,0.0,0.0,0.0,0.0,0.0,0.0,0.0,0.0,0.0,0.0,0.0,0.0,0.0,0.0,0.0,0.0,0.0,0.0,0.0,0.0,0.0,0.0,0.0,0.0,0.0,0.0,0.0,0.0,0.0,0.0,0.0,0.0,0.0,0.0,0.0,0.0,0.0,0.0,0.0,0.0,0.0,0.0,0.0,0.0,0.0,0.0,0.0,0.0,0.0,0.0
0.0036,0.0025,0.002,0.0017,0.0015,0.0014,0.0012,0.0012,0.0011,0.001,0.0008,0.0007,0.0006,0.0005,0.0004,0.0004,0.0004,0.0004,0.0003,0.0003,0.0003,0.0003,0.0003,0.0003,0.0003,0.0004,0.0004,0.0003,0.0003,0.0003,0.0003,0.0002,0.0002,0.0001,0.0001,0.0001,0.0001,0.0001,0.0001,0.0,0.0,0.0001,0.0,0.0,0.0,0.0,0.0,0.0,0.0,0.0,0.0,0.0,0.0,0.0,0.0,0.0,0.0,0.0,0.0,0.0,0.0,0.0,0.0,0.0,0.0,0.0,0.0,0.0,0.0,0.0,0.0,0.0,0.0,0.0,0.0,0.0,0.0,0.0,0.0,0.0,0.0,0.0,0.0,0.0,0.0,0.0,0.0,0.0,0.0,0.0
0.0336,0.0324,0.0329,0.0336,0.0336,0.0343,0.0346,0.0346,0.0349,0.0343,0.0339,0.0327,0.0317,0.03,0.0284,0.0286,0.0297,0.0311,0.0316,0.0314,0.0311,0.0326,0.0339,0.0335,0.0332,0.0339,0.0347,0.0357,0.0359,0.0361,0.0361,0.0361,0.0355,0.0347,0.0331,0.0313,0.0299,0.0293,0.0289,0.0297,0.0301,0.0305,0.0311,0.0308,0.0308,0.0316,0.0322,0.0333,0.0339,0.0339,0.0332,0.0323,0.0322,0.0325,0.0324,0.0324,0.0324,0.0323,0.0323,0.0321,0.0318,0.0311,0.0292,0.0271,0.0269,0.0297,0.0316,0.0299,0.0302,0.0304,0.0304,0.031,0.0312,0.0321,0.033,0.0332,0.0335,0.033,0.0325,0.0324,0.0325,0.033,0.0332,0.0328,0.032,0.0311,0.0288,0.0291,0.0297,0.0299
0.4351,0.4315,0.4369,0.4433,0.445,0.4469,0.4493,0.4513,0.4459,0.4417,0.4369,0.4319,0.4279,0.421,0.4138,0.4099,0.4105,0.4143,0.4188,0.4214,0.4189,0.4176,0.4139,0.41,0.4079,0.4084,0.4177,0.4306,0.4417,0.4508,0.4584,0.4606,0.4576,0.451,0.4444,0.4397,0.4333,0.4258,0.4222,0.419,0.4174,0.4123,0.4077,0.4048,0.4098,0.4132,0.4125,0.4107,0.4093,0.406,0.403,0.4012,0.3978,0.3984,0.3966,0.3954,0.3977,0.3973,0.396,0.393,0.3899,0.384,0.3766,0.3718,0.3711,0.3691,0.3627,0.3535,0.3508,0.3501,0.3448,0.3388,0.3338,0.3317,0.3289,0.3243,0.3189,0.3129,0.3049,0.3012,0.3009,0.3005,0.3023,0.3083,0.3068,0.3,0.298,0.2951,0.292,0.29
0.5065,0.4999,0.4919,0.4854,0.4811,0.4827,0.4825,0.4805,0.4792,0.4766,0.4743,0.4727,0.4696,0.4657,0.4605,0.4559,0.4515,0.4417,0.4299,0.4203,0.4158,0.4104,0.4104,0.4013,0.3923,0.3842,0.3714,0.3549,0.3481,0.3353,0.3231,0.3247,0.3281,0.3306,0.3303,0.3286,0.3332,0.329,0.3097,0.2958,0.2844,0.2746,0.2676,0.2608,0.2482,0.2354,0.224,0.2143,0.2023,0.1946,0.1842,0.1737,0.1625,0.149,0.1382,0.1282,0.1164,0.1093,0.104,0.1008,0.0992,0.0987,0.0986,0.0981,0.0918,0.084,0.0781,0.0746,0.0676,0.0617,0.0582,0.056,0.0541,0.0499,0.0452,0.0403,0.0335,0.0297,0.0286,0.0264,0.0239,0.0215,0.0194,0.0202,0.0223,0.0233,0.0226,0.0231,0.0239,0.0239
0.4967,0.4804,0.4674,0.4581,0.4506,0.4436,0.4406,0.4372,0.4342,0.4315,0.4312,0.4314,0.4248,0.4119,0.3975,0.3812,0.3643,0.3436,0.3283,0.3156,0.308,0.2973,0.2908,0.2765,0.2569,0.2374,0.2271,0.2204,0.2132,0.1992,0.1888,0.1775,0.1653,0.1499,0.1359,0.1228,0.1151,0.1032,0.093,0.0839,0.0741,0.0636,0.0574,0.0544,0.0457,0.0344,0.0245,0.0166,0.0108,0.0062,0.0028,0.0013,0.0005,0.0002,0.0002,0.0001,0.0001,0.0,0.0,0.0,0.0,0.0,0.0,0.0,0.0001,0.0002,0.0002,0.0002,0.0001,0.0001,0.0,0.0,0.0,0.0,0.0,0.0,0.0,0.0,0.0,0.0,0.0,0.0,0.0,0.0,0.0,0.0,0.0,0.0,0.0,0.0
0.5608,0.5531,0.545,0.5278,0.5166,0.5056,0.4959,0.4863,0.4772,0.4709,0.4676,0.4647,0.4594,0.4541,0.4469,0.4401,0.4325,0.4246,0.4174,0.411,0.4097,0.4047,0.3904,0.382,0.3718,0.3577,0.3414,0.3243,0.3083,0.2829,0.2714,0.2554,0.2358,0.2192,0.2052,0.1926,0.1792,0.1683,0.1543,0.1454,0.1306,0.1156,0.1045,0.0948,0.086,0.073,0.0591,0.0502,0.0409,0.0334,0.0299,0.0269,0.0239,0.0204,0.0182,0.0163,0.0138,0.0114,0.0085,0.0066,0.0043,0.0025,0.001,0.0003,0.0,0.0,0.0,0.0,0.0,0.0,0.0,0.0,0.0,0.0,0.0,0.0,0.0,0.0,0.0,0.0,0.0,0.0,0.0,0.0,0.0,0.0,0.0,0.0,0.0,0.0
0.5388,0.5316,0.5266,0.5208,0.5092,0.499,0.4868,0.4789,0.4685,0.4601,0.4592,0.4607,0.4603,0.4574,0.4523,0.4487,0.443,0.4344,0.4282,0.4197,0.4149,0.4131,0.403,0.3914,0.3856,0.3803,0.3696,0.3599,0.3469,0.332,0.318,0.3138,0.3031,0.2888,0.2781,0.2674,0.2558,0.2426,0.2281,0.213,0.2017,0.1876,0.174,0.1638,0.1551,0.1491,0.134,0.1244,0.109,0.0926,0.0794,0.0683,0.0576,0.0456,0.035,0.0271,0.016,0.0117,0.0054,0.0035,0.002,0.0008,0.0002,0.0,0.0,0.0,0.0,0.0,0.0,0.0,0.0,0.0,0.0,0.0,0.0,0.0,0.0,0.0,0.0,0.0,0.0,0.0,0.0,0.0,0.0,0.0,0.0,0.0,0.0,0.0
0.4966,0.4933,0.4898,0.4895,0.4826,0.473,0.4605,0.4539,0.4444,0.4335,0.4186,0.3979,0.3819,0.3728,0.3723,0.3673,0.3637,0.3605,0.35,0.3335,0.3165,0.3066,0.3021,0.2909,0.2836,0.2766,0.2681,0.264,0.2541,0.2503,0.2412,0.2257,0.2173,0.204,0.1886,0.1754,0.1617,0.1493,0.1425,0.132,0.1195,0.1041,0.0896,0.0753,0.0639,0.0633,0.0514,0.046,0.0374,0.0285,0.0214,0.0178,0.0152,0.0136,0.0114,0.008,0.0049,0.0047,0.0029,0.0015,0.0007,0.0003,0.0001,0.0,0.0,0.0,0.0,0.0,0.0,0.0,0.0,0.0,0.0,0.0,0.0,0.0,0.0,0.0,0.0,0.0,0.0,0.0,0.0,0.0,0.0,0.0,0.0,0.0,0.0,0.0
