0.3518,0.3413,0.3286,0.3173,0.3137,0.3079,0.2994,0.2859,0.2736,0.2591,0.246,0.2341,0.2215,0.2104,0.2013,0.1928,0.1802,0.1701,0.1599,0.1481,0.1374,0.1286,0.1187,0.1096,0.1015,0.0921,0.0819,0.0736,0.0691,0.063,0.0575,0.0538,0.0494,0.0465,0.0431,0.0406,0.0367,0.0344,0.0323,0.0273,0.0223,0.0205,0.0176,0.0146,0.0118,0.01,0.0086,0.0076,0.0069,0.0066,0.0064,0.0062,0.0059,0.0057,0.005,0.0043,0.0036,0.0029,0.0031,0.003,0.0028,0.0022,0.0022,0.002,0.0018,0.002,0.0016,0.0016,0.001,0.0012,0.0012,0.0013,0.0015,0.0015,0.0015,0.0013,0.0009,0.0005,0.0003,0.0001,0.0,0.0,0.0,0.0,0.0,0.0,0.0,0.0,0.0,0.0
0.3814,0.3744,0.3681,0.358,0.351,0.3435,0.3312,0.3191,0.3071,0.3005,0.2865,0.2739,0.2579,0.2438,0.2336,0.2195,0.206,0.1985,0.1917,0.1819,0.1698,0.1563,0.1461,0.1348,0.1216,0.1059,0.0912,0.0818,0.0733,0.0656,0.0591,0.0531,0.049,0.0467,0.0445,0.0428,0.0405,0.0381,0.0356,0.0344,0.0333,0.0319,0.0304,0.0288,0.0275,0.0269,0.0263,0.0258,0.0253,0.0249,0.0242,0.0232,0.0221,0.0215,0.0208,0.0199,0.0191,0.0182,0.018,0.018,0.0177,0.0163,0.0158,0.0149,0.0136,0.0126,0.0111,0.01,0.0091,0.0081,0.0069,0.0051,0.0032,0.0025,0.0016,0.0007,0.0003,0.0001,0.0,0.0,0.0,0.0001,0.0003,0.0006,0.0008,0.0009,0.0007,0.0006,0.0004,0.0002
0.4408,0.4328,0.4226,0.4146,0.4045,0.3973,0.3857,0.3749,0.3653,0.3609,0.3516,0.3415,0.3329,0.3244,0.318,0.3112,0.3027,0.2933,0.2879,0.281,0.2711,0.2605,0.2494,0.2376,0.2237,0.2106,0.1983,0.1872,0.1805,0.173,0.1655,0.1596,0.1517,0.1438,0.1363,0.1286,0.1217,0.1145,0.1069,0.1002,0.0955,0.0898,0.0843,0.0798,0.075,0.0708,0.0656,0.0616,0.0578,0.055,0.0533,0.051,0.0485,0.046,0.0432,0.0404,0.0373,0.0349,0.0329,0.0302,0.0275,0.0251,0.0224,0.0211,0.0184,0.0152,0.0123,0.0097,0.0079,0.0063,0.0057,0.0042,0.0032,0.0031,0.003,0.0031,0.0028,0.003,0.0033,0.003,0.0031,0.0035,0.0033,0.003,0.0029,0.0026,0.0025,0.0028,0.0029,0.0028
0.2991,0.2981,0.2974,0.293,0.2914,0.2801,0.2744,0.2676,0.2602,0.2487,0.2466,0.2461,0.2455,0.2441,0.2404,0.2374,0.2321,0.2243,0.2127,0.2027,0.1934,0.1831,0.1728,0.1629,0.1568,0.1536,0.1499,0.1448,0.1365,0.1289,0.1219,0.1156,0.1113,0.106,0.1015,0.0972,0.0923,0.0895,0.0884,0.0855,0.0817,0.0781,0.0745,0.071,0.0668,0.0626,0.0591,0.0554,0.0527,0.0497,0.0463,0.0433,0.0408,0.0389,0.0381,0.0366,0.0354,0.0342,0.0323,0.0303,0.0288,0.0283,0.0272,0.0248,0.023,0.0215,0.0202,0.0192,0.018,0.0167,0.0148,0.0137,0.0132,0.012,0.0115,0.0112,0.0101,0.0094,0.009,0.0087,0.0083,0.0075,0.007,0.0064,0.0055,0.0047,0.0043,0.0042,0.0041,0.004
0.1423,0.1377,0.1309,0.123,0.1145,0.1065,0.0995,0.0924,0.0875,0.0815,0.0787,0.0761,0.0733,0.0697,0.0657,0.061,0.0565,0.0523,0.0487,0.0451,0.04,0.0357,0.0296,0.027,0.0263,0.0261,0.0261,0.0261,0.0242,0.0226,0.0218,0.0203,0.0183,0.0169,0.0157,0.0143,0.013,0.0119,0.0108,0.0098,0.0086,0.0075,0.0065,0.0057,0.0047,0.0037,0.0031,0.0024,0.0018,0.0013,0.001,0.0008,0.0007,0.0006,0.0006,0.0005,0.0005,0.0005,0.0005,0.0005,0.0005,0.0005,0.0005,0.0004,0.0003,0.0003,0.0002,0.0002,0.0001,0.0001,0.0,0.0,0.0,0.0,0.0,0.0,0.0,0.0,0.0,0.0,0.0,0.0,0.0,0.0,0.0,0.0,0.0,0.0,0.0,0.0
0.0527,0.0506,0.0465,0.0425,0.0395,0.0354,0.0312,0.0277,0.024,0.0211,0.0176,0.0138,0.0112,0.0084,0.0063,0.005,0.0038,0.003,0.0024,0.0014,0.0009,0.0003,0.0001,0.0,0.0,0.0,0.0,0.0,0.0,0.0,0.0,0.0,0.0,0.0,0.0,0.0,0.0,0.0,0.0001,0.0,0.0,0.0,0.0,0.0,0.0,0.0,0.0,0.0,0.0,0.0,0.0,0.0,0.0,0.0,0.0,0.0,0.0,0.0,0.0,0.0,0.0,0.0,0.0,0.0,0.0,0.0,0.0,0.0,0.0,0.0,0.0,0.0,0.0,0.0,0.0,0.0,0.0,0.0,0.0,0.0,0.0,0.0,0.0,0.0,0.0,0.0,0.0,0.0,0.0,0.0
0.1227,0.1213,0.1152,0.1054,0.1021,0.0969,0.0886,0.0811,0.0749,0.0703,0.0695,0.0673,0.064,0.0604,0.0565,0.0518,0.0464,0.0469,0.0482,0.0459,0.0442,0.0422,0.04,0.0398,0.0407,0.0403,0.0387,0.0377,0.0379,0.0372,0.0355,0.0331,0.0305,0.0281,0.0252,0.0221,0.0199,0.0169,0.0127,0.0093,0.0076,0.0062,0.0046,0.0031,0.0021,0.0013,0.0007,0.0002,0.0001,0.0,0.0,0.0,0.0,0.0,0.0,0.0,0.0,0.0,0.0,0.0,0.0,0.0,0.0,0.0,0.0,0.0,0.0,0.0,0.0,0.0,0.0,0.0,0.0,0.0,0.0,0.0,0.0,0.0,0.0,0.0,0.0,0.0,0.0,0.0,0.0,0.0,0.0,0.0,0.0,0.0
0.1723,0.1692,0.1702,0.1684,0.1641,0.1625,0.159,0.1568,0.1505,0.1447,0.1366,0.1284,0.1217,0.1157,0.1113,0.1067,0.1035,0.0989,0.0937,0.0871,0.0814,0.0754,0.0701,0.0652,0.0582,0.0493,0.0431,0.0373,0.0314,0.0263,0.0217,0.0181,0.0141,0.0104,0.007,0.005,0.0039,0.0028,0.0019,0.0015,0.0011,0.0007,0.0004,0.0003,0.0001,0.0,0.0,0.0,0.0,0.0,0.0,0.0,0.0,0.0,0.0,0.0,0.0,0.0,0.0,0.0,0.0,0.0,0.0,0.0,0.0,0.0,0.0,0.0,0.0,0.0,0.0,0.0,0.0,0.0,0.0,0.0,0.0,0.0,0.0,0.0,0.0,0.0,0.0,0.0,0.0,0.0,0.0,0.0,0.0,0.0
0.0766,0.0743,0.0728,0.0709,0.0687,0.0678,0.0674,0.0652,0.0637,0.0611,0.0578,0.0537,0.0511,0.048,0.0466,0.0457,0.0436,0.0409,0.0373,0.0331,0.0307,0.0278,0.0254,0.0236,0.0204,0.0167,0.0141,0.0117,0.0096,0.008,0.0066,0.0056,0.0044,0.0034,0.0024,0.0016,0.0013,0.0006,0.0003,0.0001,0.0,0.0,0.0,0.0,0.0,0.0,0.0,0.0,0.0,0.0,0.0,0.0,0.0,0.0,0.0,0.0,0.0,0.0,0.0,0.0,0.0,0.0,0.0,0.0,0.0,0.0,0.0,0.0,0.0,0.0,0.0,0.0,0.0,0.0,0.0,0.0,0.0,0.0,0.0,0.0,0.0,0.0,0.0,0.0,0.0,0.0,0.0,0.0,0.0,0.0
0.0735,0.0708,0.0676,0.0663,0.0652,0.0625,0.0611,0.0595,0.0576,0.0551,0.0529,0.0493,0.0487,0.0431,0.0393,0.0366,0.035,0.0319,0.0305,0.0305,0.0287,0.0258,0.0238,0.0214,0.0209,0.0204,0.0189,0.0167,0.0145,0.0135,0.0131,0.0122,0.0113,0.0103,0.0091,0.008,0.0071,0.0061,0.0051,0.0043,0.0036,0.0031,0.0025,0.002,0.0015,0.0012,0.0007,0.0004,0.0002,0.0001,0.0,0.0,0.0,0.0,0.0,0.0,0.0,0.0,0.0,0.0,0.0,0.0,0.0,0.0,0.0,0.0,0.0,0.0,0.0,0.0,0.0,0.0,0.0,0.0,0.0,0.0,0.0,0.0,0.0,0.0,0.0,0.0,0.0,0.0,0.0,0.0,0.0,0.0,0.0,0.0
0.0864,0.083,0.0811,0.0789,0.077,0.0755,0.0736,0.0716,0.0691,0.0666,0.0648,0.0644,0.0635,0.0603,0.0568,0.0531,0.0503,0.0482,0.0445,0.0418,0.0386,0.0362,0.033,0.0304,0.0274,0.025,0.0224,0.02,0.0165,0.0143,0.0124,0.0111,0.0095,0.0085,0.0077,0.0067,0.0059,0.0053,0.0051,0.0048,0.0041,0.0036,0.0032,0.0034,0.0032,0.0031,0.0026,0.0023,0.0017,0.0013,0.0009,0.0005,0.0003,0.0001,0.0,0.0,0.0,0.0,0.0,0.0,0.0,0.0,0.0,0.0,0.0,0.0,0.0,0.0,0.0003,0.0007,0.0006,0.0005,0.0002,0.0,0.0,0.0,0.0,0.0,0.0,0.0,0.0,0.0,0.0,0.0,0.0,0.0,0.0,0.0,0.0,0.0
0.073,0.0719,0.0699,0.0684,0.0717,0.0731,0.0736,0.0725,0.0722,0.0696,0.0674,0.0672,0.066,0.0629,0.0573,0.0552,0.0553,0.0559,0.0552,0.0547,0.0541,0.0534,0.0527,0.0506,0.0484,0.0458,0.0433,0.0403,0.0361,0.0335,0.0317,0.0315,0.0304,0.0288,0.0268,0.0244,0.0219,0.0205,0.0193,0.0182,0.0167,0.0151,0.0135,0.0126,0.0142,0.0137,0.0135,0.0145,0.0128,0.0118,0.0103,0.0084,0.008,0.0092,0.0103,0.0117,0.0125,0.0133,0.0135,0.0132,0.0123,0.0113,0.0104,0.0094,0.0085,0.0076,0.0071,0.0066,0.0055,0.0048,0.0029,0.0018,0.0008,0.0003,0.0001,0.0,0.0,0.0,0.0,0.0,0.0,0.0,0.0,0.0,0.0,0.0,0.0,0.0,0.0,0.0
0.0889,0.088,0.0854,0.0839,0.0811,0.0786,0.076,0.076,0.0764,0.0765,0.0751,0.0744,0.0733,0.0755,0.072,0.0701,0.068,0.067,0.0669,0.0655,0.0629,0.0595,0.0575,0.0556,0.054,0.0527,0.0512,0.0498,0.0484,0.0474,0.0467,0.0457,0.0438,0.0421,0.0408,0.0395,0.0378,0.0361,0.0347,0.0328,0.0318,0.0306,0.0296,0.0279,0.0271,0.0259,0.0252,0.023,0.0237,0.0225,0.0209,0.0193,0.0178,0.0167,0.0134,0.0105,0.0081,0.0056,0.0042,0.0034,0.0028,0.002,0.0013,0.0007,0.0004,0.0002,0.0001,0.0001,0.0,0.0,0.0,0.0,0.0,0.0,0.0,0.0,0.0,0.0,0.0,0.0,0.0,0.0,0.0,0.0,0.0,0.0,0.0,0.0,0.0,0.0
0.0647,0.063,0.0626,0.0618,0.0574,0.0534,0.0503,0.0453,0.0418,0.0396,0.0389,0.0376,0.0364,0.0359,0.0348,0.0337,0.0305,0.0272,0.024,0.022,0.0197,0.0176,0.0152,0.0139,0.013,0.0125,0.0119,0.011,0.0105,0.0098,0.009,0.0081,0.0073,0.0066,0.006,0.0056,0.005,0.0047,0.004,0.0033,0.0025,0.0018,0.0012,0.0007,0.0003,0.0002,0.0001,0.0001,0.0001,0.0001,0.0001,0.0001,0.0,0.0,0.0,0.0,0.0,0.0,0.0,0.0,0.0,0.0,0.0,0.0,0.0,0.0,0.0,0.0,0.0,0.0,0.0,0.0,0.0,0.0,0.0,0.0,0.0,0.0,0.0,0.0,0.0,0.0,0.0,0.0,0.0,0.0,0.0,0.0,0.0,0.0
0.0315,0.0304,0.0291,0.0282,0.0267,0.0249,0.0233,0.0215,0.0208,0.0206,0.02,0.0186,0.0184,0.0174,0.0161,0.0146,0.0134,0.0127,0.0124,0.0116,0.0129,0.0131,0.0137,0.0135,0.0137,0.013,0.0118,0.0104,0.0099,0.0092,0.0089,0.0086,0.008,0.0073,0.0065,0.0059,0.0055,0.0049,0.0044,0.0041,0.0035,0.0031,0.0025,0.0019,0.0013,0.001,0.0007,0.0004,0.0003,0.0002,0.0001,0.0,0.0,0.0,0.0,0.0,0.0,0.0,0.0,0.0,0.0,0.0,0.0,0.0,0.0,0.0,0.0,0.0,0.0,0.0,0.0,0.0,0.0,0.0,0.0,0.0,0.0,0.0,0.0,0.0,0.0,0.0,0.0,0.0,0.0,0.0,0.0,0.0,0.0,0.0
0.0831,0.0852,0.0882,0.0913,0.0913,0.0898,0.088,0.0836,0.0796,0.0756,0.072,0.0695,0.0659,0.0641,0.0629,0.0603,0.0566,0.0531,0.0507,0.0458,0.0438,0.0423,0.0432,0.0457,0.0463,0.0469,0.0446,0.0406,0.0367,0.0344,0.033,0.0311,0.0288,0.028,0.0281,0.0295,0.0286,0.0287,0.0266,0.0235,0.0211,0.0195,0.0165,0.0138,0.0109,0.009,0.008,0.0062,0.0051,0.0039,0.0029,0.0022,0.0015,0.0012,0.0009,0.0005,0.0003,0.0,0.0,0.0,0.0,0.0,0.0,0.0,0.0,0.0,0.0,0.0,0.0,0.0,0.0,0.0,0.0,0.0,0.0,0.0,0.0,0.0,0.0,0.0,0.0,0.0,0.0,0.0,0.0,0.0,0.0,0.0,0.0,0.0
0.1895,0.1887,0.1817,0.1842,0.1881,0.1893,0.1865,0.1809,0.1785,0.1725,0.1691,0.1668,0.1637,0.1627,0.1615,0.158,0.145,0.14,0.1339,0.1301,0.1272,0.1256,0.1209,0.1181,0.1144,0.1102,0.1074,0.1033,0.0987,0.0924,0.0859,0.0794,0.0731,0.0667,0.0636,0.0625,0.058,0.0534,0.0464,0.0402,0.0364,0.0331,0.0299,0.0254,0.0218,0.0183,0.0151,0.0114,0.0086,0.0065,0.005,0.0036,0.0027,0.0017,0.0012,0.001,0.0007,0.0006,0.0005,0.0005,0.0004,0.0003,0.0002,0.0002,0.0001,0.0001,0.0001,0.0001,0.0001,0.0001,0.0001,0.0001,0.0,0.0,0.0,0.0,0.0,0.0,0.0,0.0,0.0,0.0,0.0,0.0,0.0,0.0,0.0,0.0,0.0,0.0
0.2866,0.2825,0.2696,0.2616,0.2614,0.2585,0.2538,0.248,0.2402,0.2318,0.222,0.2099,0.1987,0.1882,0.1797,0.1704,0.1631,0.1539,0.1465,0.1404,0.1337,0.1264,0.1176,0.1079,0.0991,0.0922,0.0857,0.0811,0.0771,0.0726,0.0673,0.0612,0.0566,0.0516,0.0471,0.0432,0.0387,0.0347,0.0313,0.0286,0.0259,0.022,0.0179,0.0146,0.0127,0.0113,0.0097,0.0086,0.007,0.0057,0.005,0.0046,0.0039,0.0033,0.0029,0.0026,0.0025,0.0023,0.0021,0.0018,0.0016,0.0013,0.001,0.0009,0.0008,0.0006,0.0005,0.0004,0.0004,0.0004,0.0003,0.0003,0.0002,0.0001,0.0001,0.0001,0.0,0.0,0.0,0.0,0.0,0.0,0.0,0.0,0.0,0.0,0.0,0.0,0.0,0.0
0.3095,0.2972,0.2934,0.2733,0.2655,0.252,0.243,0.2365,0.2262,0.2161,0.2019,0.1844,0.1657,0.1462,0.1314,0.1176,0.1016,0.0849,0.066,0.0526,0.0397,0.0315,0.0257,0.0197,0.0151,0.0097,0.0084,0.0075,0.0055,0.0032,0.0014,0.0005,0.0002,0.0001,0.0,0.0,0.0,0.0,0.0,0.0,0.0,0.0,0.0,0.0,0.0,0.0,0.0,0.0,0.0,0.0,0.0,0.0,0.0,0.0,0.0,0.0,0.0,0.0,0.0,0.0,0.0,0.0,0.0,0.0,0.0,0.0,0.0,0.0,0.0,0.0,0.0,0.0,0.0,0.0,0.0,0.0,0.0,0.0,0.0,0.0,0.0,0.0,0.0,0.0,0.0,0.0,0.0,0.0,0.0,0.0
0.4139,0.393,0.4056,0.3939,0.3853,0.3774,0.3506,0.3467,0.3341,0.3281,0.319,0.3068,0.2931,0.2753,0.2603,0.2506,0.24,0.2307,0.2176,0.2029,0.1899,0.174,0.1623,0.1485,0.1332,0.1257,0.1226,0.1172,0.107,0.0967,0.094,0.0898,0.0854,0.0783,0.0699,0.0652,0.0631,0.0601,0.0599,0.0562,0.052,0.0502,0.0551,0.0592,0.0604,0.0583,0.0544,0.0518,0.0499,0.048,0.0475,0.0499,0.0503,0.0524,0.0539,0.0526,0.0491,0.0455,0.0416,0.0382,0.0347,0.0312,0.0295,0.0266,0.025,0.0234,0.0214,0.0213,0.018,0.0145,0.0119,0.01,0.0087,0.0076,0.0078,0.0077,0.0064,0.0051,0.0051,0.0048,0.0038,0.0033,0.0029,0.0023,0.0018,0.0016,0.0016,0.0009,0.0005,0.0001
0.4439,0.4322,0.432,0.4291,0.4242,0.42,0.4094,0.4018,0.3946,0.3893,0.3823,0.3691,0.3595,0.3479,0.3331,0.3192,0.3144,0.3058,0.2974,0.2918,0.2859,0.2782,0.2722,0.269,0.2645,0.2542,0.2446,0.2366,0.2335,0.2263,0.2166,0.2046,0.1945,0.1876,0.18,0.1714,0.1611,0.1529,0.1443,0.1365,0.1317,0.1259,0.1206,0.1121,0.1035,0.0966,0.0926,0.0878,0.0841,0.0802,0.075,0.0672,0.0598,0.0513,0.0447,0.0396,0.0364,0.0338,0.0315,0.0294,0.0268,0.025,0.0237,0.0223,0.0199,0.0168,0.0147,0.0136,0.0125,0.0116,0.0101,0.0079,0.0068,0.0057,0.0045,0.0034,0.0029,0.0024,0.0023,0.0019,0.0015,0.001,0.0006,0.0004,0.0003,0.0003,0.0003,0.0001,0.0,0.0
0.4244,0.4133,0.4102,0.4053,0.399,0.3932,0.3869,0.3782,0.3774,0.3736,0.3697,0.3586,0.3491,0.3402,0.3276,0.3104,0.2969,0.2847,0.2769,0.2641,0.254,0.2453,0.2368,0.2311,0.2229,0.2076,0.1954,0.1817,0.1664,0.1538,0.1454,0.1388,0.1323,0.1272,0.1207,0.1117,0.1021,0.094,0.0881,0.0855,0.0789,0.0725,0.0637,0.0506,0.0397,0.0318,0.0265,0.0211,0.0166,0.0138,0.0107,0.0071,0.0049,0.0034,0.002,0.001,0.0005,0.0002,0.0001,0.0001,0.0,0.0,0.0,0.0,0.0,0.0,0.0,0.0,0.0,0.0,0.0,0.0,0.0,0.0,0.0,0.0,0.0,0.0,0.0,0.0,0.0,0.0,0.0,0.0,0.0,0.0,0.0,0.0,0.0,0.0
0.5335,0.5199,0.5082,0.4995,0.4894,0.479,0.466,0.4527,0.4444,0.4409,0.4352,0.4262,0.4166,0.4099,0.3992,0.3882,0.3761,0.3635,0.3516,0.3428,0.3278,0.3193,0.3096,0.3038,0.2997,0.2915,0.281,0.2712,0.2628,0.2526,0.2396,0.2292,0.2163,0.2093,0.2035,0.1952,0.1851,0.1748,0.1651,0.1614,0.1564,0.1474,0.1419,0.1285,0.115,0.1008,0.0901,0.0801,0.0708,0.0639,0.059,0.0542,0.0483,0.0442,0.0391,0.0334,0.0279,0.0234,0.0175,0.0139,0.01,0.0065,0.0037,0.0021,0.0009,0.0007,0.0004,0.0002,0.0,0.0,0.0,0.0,0.0,0.0,0.0,0.0,0.0,0.0,0.0,0.0,0.0,0.0,0.0,0.0,0.0,0.0,0.0,0.0,0.0,0.0
0.4328,0.43,0.4255,0.4164,0.4029,0.3928,0.3883,0.384,0.3762,0.3699,0.364,0.3632,0.3587,0.3538,0.3497,0.3452,0.3378,0.331,0.3192,0.3115,0.3029,0.2928,0.2821,0.2695,0.262,0.256,0.2475,0.2412,0.2327,0.2268,0.2172,0.2057,0.1938,0.1782,0.1687,0.161,0.1545,0.1483,0.1395,0.132,0.1268,0.119,0.1112,0.1071,0.1013,0.0959,0.0916,0.0872,0.0801,0.0724,0.0642,0.0589,0.0523,0.0444,0.0372,0.0323,0.026,0.0214,0.0175,0.0132,0.0094,0.0059,0.0033,0.0023,0.0012,0.0007,0.0003,0.0001,0.0,0.0,0.0,0.0,0.0,0.0,0.0,0.0,0.0,0.0,0.0,0.0,0.0,0.0,0.0,0.0,0.0,0.0,0.0,0.0,0.0,0.0
0.2194,0.2165,0.209,0.2039,0.1979,0.1908,0.1857,0.1826,0.1774,0.173,0.1688,0.1668,0.1608,0.1564,0.1544,0.1515,0.1477,0.1441,0.1402,0.1392,0.1358,0.1307,0.1263,0.1218,0.1175,0.1177,0.1138,0.1107,0.1082,0.1044,0.1021,0.0987,0.0938,0.0876,0.0806,0.0757,0.0699,0.0665,0.0625,0.0573,0.0522,0.0477,0.042,0.0394,0.0366,0.0339,0.03,0.0266,0.024,0.0216,0.0186,0.0148,0.0135,0.0103,0.0082,0.0059,0.0056,0.0048,0.0053,0.0046,0.0037,0.0029,0.0021,0.0015,0.001,0.0007,0.0006,0.0007,0.0006,0.0004,0.0003,0.0004,0.0003,0.0003,0.0002,0.0002,0.0001,0.0,0.0,0.0,0.0,0.0,0.0,0.0,0.0,0.0,0.0,0.0,0.0,0.0
0.1746,0.1707,0.1647,0.1598,0.1571,0.1517,0.1474,0.144,0.1404,0.1346,0.1299,0.1282,0.1218,0.1163,0.1136,0.1101,0.1067,0.1043,0.103,0.1011,0.0994,0.0975,0.0948,0.0931,0.0918,0.0906,0.0888,0.0876,0.0857,0.0849,0.0854,0.0842,0.0818,0.0797,0.0786,0.0775,0.0756,0.0734,0.0705,0.0686,0.0662,0.0637,0.0618,0.0604,0.0587,0.0571,0.0548,0.0516,0.0491,0.0458,0.0428,0.0406,0.039,0.0374,0.0353,0.0321,0.0287,0.0263,0.0219,0.0172,0.0141,0.0122,0.0111,0.0104,0.0096,0.0086,0.0077,0.0068,0.0061,0.0056,0.0049,0.0043,0.0036,0.0034,0.0027,0.0021,0.0016,0.0012,0.0008,0.0005,0.0003,0.0002,0.0001,0.0,0.0,0.0,0.0,0.0,0.0,0.0
0.1935,0.1915,0.1891,0.1858,0.1844,0.1819,0.1784,0.1736,0.1701,0.1631,0.1586,0.1536,0.1486,0.1429,0.1398,0.1342,0.1283,0.1217,0.1117,0.1031,0.0952,0.0928,0.0877,0.0839,0.0784,0.0715,0.0668,0.062,0.0581,0.0553,0.0529,0.0485,0.0459,0.0438,0.0416,0.0402,0.0377,0.0342,0.0306,0.0285,0.0264,0.0243,0.0217,0.0198,0.0177,0.0155,0.0134,0.0113,0.0096,0.0078,0.0064,0.0052,0.0044,0.0038,0.0031,0.0022,0.0013,0.0008,0.0004,0.0001,0.0,0.0,0.0,0.0,0.0,0.0,0.0,0.0,0.0,0.0,0.0,0.0,0.0,0.0,0.0,0.0,0.0,0.0,0.0,0.0,0.0,0.0,0.0,0.0,0.0,0.0,0.0,0.0,0.0,0.0
0.0387,0.0355,0.0316,0.0295,0.0299,0.0315,0.0293,0.0322,0.0361,0.0381,0.0384,0.0363,0.036,0.036,0.0339,0.032,0.0309,0.0304,0.0293,0.0251,0.0222,0.0166,0.0127,0.0097,0.0081,0.0052,0.0029,0.0013,0.0007,0.0003,0.0001,0.0,0.0,0.0,0.0,0.0,0.0,0.0,0.0,0.0,0.0,0.0,0.0,0.0,0.0,0.0,0.0,0.0,0.0,0.0,0.0,0.0,0.0,0.0,0.0,0.0,0.0,0.0,0.0,0.0,0.0,0.0,0.0,0.0,0.0,0.0,0.0,0.0,0.0,0.0,0.0,0.0,0.0,0.0,0.0,0.0,0.0,0.0,0.0,0.0,0.0,0.0,0.0,0.0,0.0,0.0,0.0,0.0,0.0,0.0
0.0035,0.0025,0.002,0.0018,0.0016,0.0015,0.0014,0.0013,0.0012,0.0012,0.0012,0.0011,0.0011,0.001,0.0009,0.0009,0.0009,0.0008,0.0007,0.0006,0.0004,0.0003,0.0002,0.0002,0.0002,0.0002,0.0002,0.0002,0.0001,0.0001,0.0001,0.0001,0.0001,0.0001,0.0001,0.0001,0.0001,0.0001,0.0,0.0,0.0,0.0,0.0,0.0,0.0,0.0,0.0,0.0,0.0,0.0,0.0,0.0,0.0,0.0,0.0,0.0,0.0,0.0,0.0,0.0,0.0,0.0,0.0,0.0,0.0,0.0,0.0,0.0,0.0,0.0,0.0,0.0,0.0,0.0,0.0,0.0,0.0,0.0,0.0,0.0,0.0,0.0,0.0,0.0,0.0,0.0,0.0,0.0,0.0,0.0
0.0335,0.0322,0.0329,0.0333,0.0335,0.0337,0.0343,0.0346,0.0351,0.0358,0.0357,0.0356,0.0359,0.036,0.0359,0.0355,0.0346,0.0327,0.0306,0.0282,0.0267,0.0258,0.026,0.0252,0.0201,0.0147,0.0124,0.0145,0.014,0.0155,0.016,0.015,0.0134,0.0124,0.0121,0.0127,0.0113,0.0091,0.0077,0.0087,0.0107,0.0116,0.0137,0.0155,0.0171,0.0172,0.0157,0.0174,0.0195,0.0216,0.023,0.0234,0.0236,0.0234,0.0232,0.0224,0.0194,0.0181,0.0157,0.0159,0.0195,0.0232,0.0242,0.0249,0.0256,0.0259,0.026,0.0254,0.0253,0.0264,0.0274,0.027,0.0255,0.0223,0.0228,0.0274,0.0276,0.0279,0.0287,0.0296,0.0297,0.0294,0.0294,0.0291,0.0288,0.0285,0.028,0.0277,0.0278,0.0291
0.4347,0.4313,0.4349,0.4402,0.4434,0.4462,0.4483,0.4547,0.4604,0.4644,0.4686,0.4724,0.4768,0.48,0.4774,0.4702,0.4674,0.4649,0.4581,0.4534,0.4485,0.445,0.4402,0.4382,0.4318,0.4177,0.3998,0.3853,0.3788,0.3771,0.3791,0.378,0.3718,0.3588,0.3519,0.348,0.3467,0.3387,0.3294,0.3204,0.3134,0.3112,0.3085,0.3084,0.3107,0.3092,0.3046,0.3015,0.2991,0.3009,0.3038,0.3054,0.3052,0.3025,0.3054,0.3075,0.3069,0.3035,0.2981,0.2901,0.2864,0.2849,0.2849,0.2825,0.2825,0.2866,0.2877,0.2848,0.2822,0.2811,0.2793,0.2778,0.2729,0.2703,0.2695,0.2741,0.2773,0.2789,0.2797,0.2829,0.2834,0.2823,0.282,0.2829,0.2862,0.2888,0.2915,0.2942,0.2942,0.2918
0.5057,0.4981,0.491,0.4848,0.4793,0.479,0.4799,0.4736,0.4647,0.4611,0.4541,0.4518,0.4467,0.4365,0.4318,0.4314,0.4295,0.4303,0.4313,0.4306,0.4306,0.4289,0.4269,0.422,0.4221,0.4239,0.4277,0.43,0.4253,0.4176,0.4087,0.4024,0.3977,0.3959,0.3891,0.3782,0.3687,0.3636,0.3595,0.3553,0.3546,0.3546,0.3485,0.3376,0.3196,0.3027,0.2957,0.2907,0.2903,0.2827,0.269,0.2561,0.2435,0.2322,0.2092,0.196,0.1906,0.1871,0.1862,0.1852,0.18,0.1765,0.1717,0.1676,0.1611,0.1543,0.1544,0.1548,0.152,0.149,0.146,0.1415,0.1424,0.1407,0.1377,0.1283,0.1208,0.115,0.1094,0.1032,0.0968,0.0909,0.0876,0.0866,0.0923,0.1004,0.1056,0.1099,0.111,0.1135
0.4954,0.4794,0.4657,0.4574,0.4487,0.4407,0.4325,0.416,0.4066,0.4008,0.3895,0.3824,0.3657,0.3481,0.3388,0.3342,0.3284,0.3242,0.3189,0.3058,0.2931,0.2827,0.2683,0.259,0.253,0.2463,0.2348,0.2195,0.2003,0.1855,0.1657,0.153,0.1449,0.1341,0.1216,0.111,0.1024,0.0992,0.0984,0.0939,0.0839,0.071,0.0595,0.0493,0.0404,0.0344,0.0322,0.031,0.0287,0.0252,0.0212,0.0178,0.0157,0.0148,0.015,0.0158,0.0169,0.0169,0.018,0.02,0.0198,0.0175,0.0173,0.0148,0.0151,0.0152,0.0137,0.0133,0.0137,0.0128,0.0108,0.0094,0.0087,0.0075,0.0054,0.0034,0.0023,0.0012,0.0007,0.0005,0.0003,0.0002,0.0002,0.0002,0.0005,0.0009,0.0012,0.0014,0.0016,0.0018
0.5589,0.5503,0.542,0.5263,0.5163,0.5047,0.4905,0.488,0.4763,0.4638,0.4548,0.4455,0.437,0.4286,0.4235,0.4169,0.4063,0.3986,0.3936,0.3874,0.3752,0.3624,0.35,0.3367,0.324,0.319,0.3106,0.3038,0.2909,0.2776,0.2646,0.2475,0.2346,0.2249,0.207,0.193,0.1796,0.1681,0.1562,0.1438,0.1335,0.1174,0.1034,0.0899,0.0778,0.0647,0.0542,0.0456,0.0386,0.0326,0.0297,0.0235,0.0179,0.0135,0.0107,0.009,0.0074,0.0061,0.0046,0.0032,0.002,0.0012,0.0008,0.0004,0.0001,0.0,0.0,0.0,0.0,0.0,0.0,0.0,0.0,0.0,0.0,0.0,0.0,0.0,0.0,0.0,0.0,0.0,0.0,0.0,0.0,0.0,0.0,0.0,0.0,0.0
0.5377,0.5288,0.5235,0.5174,0.5062,0.4958,0.4888,0.4889,0.4829,0.4713,0.4615,0.4546,0.4492,0.4418,0.43,0.4175,0.4073,0.3994,0.3983,0.398,0.3966,0.3908,0.3864,0.3774,0.3666,0.3574,0.3504,0.3423,0.3314,0.3151,0.301,0.2863,0.2733,0.2599,0.2491,0.2332,0.2188,0.2044,0.1911,0.1782,0.1714,0.1567,0.1433,0.1297,0.1182,0.1048,0.0915,0.0811,0.07,0.06,0.0519,0.0451,0.0348,0.0243,0.0133,0.0109,0.0055,0.0026,0.0005,0.0,0.0,0.0,0.0,0.0,0.0,0.0,0.0,0.0,0.0,0.0,0.0,0.0,0.0,0.0,0.0,0.0,0.0,0.0,0.0,0.0,0.0,0.0,0.0,0.0,0.0,0.0,0.0,0.0,0.0,0.0
0.4948,0.49,0.4855,0.4812,0.4724,0.4651,0.4562,0.4385,0.4283,0.4153,0.4023,0.382,0.3639,0.3552,0.3456,0.3373,0.3294,0.3164,0.2986,0.2832,0.2723,0.2613,0.248,0.2349,0.2194,0.2051,0.1948,0.1902,0.1884,0.181,0.1742,0.1678,0.1585,0.1483,0.1415,0.1295,0.1189,0.1058,0.0904,0.0786,0.0698,0.0624,0.0548,0.045,0.0379,0.0317,0.0259,0.0213,0.0161,0.0124,0.0096,0.0082,0.0059,0.0043,0.0032,0.0028,0.002,0.0013,0.0009,0.0006,0.0005,0.0003,0.0001,0.0,0.0,0.0,0.0,0.0,0.0,0.0,0.0,0.0,0.0,0.0,0.0,0.0,0.0,0.0,0.0,0.0,0.0,0.0,0.0,0.0,0.0,0.0,0.0,0.0,0.0,0.0
