0.3267,0.3083,0.2909,0.2759,0.2594,0.2438,0.2292,0.2151,0.1973,0.1795,0.1617,0.1488,0.1384,0.1302,0.1222,0.1146,0.1049,0.0978,0.0896,0.081,0.0738,0.0675,0.06,0.0525,0.0453,0.0403,0.0369,0.0339,0.0326,0.0311,0.0297,0.0286,0.0283,0.0273,0.0254,0.0242,0.023,0.0224,0.0217,0.0211,0.0205,0.0195,0.0183,0.0165,0.0146,0.0144,0.0138,0.0132,0.0134,0.0122,0.0115,0.0101,0.0097,0.0094,0.0099,0.0099,0.0094,0.0094,0.0107,0.0122,0.012,0.012,0.012,0.0117,0.0116,0.0111,0.0099,0.0094,0.0096,0.0091,0.009,0.0092,0.0092,0.0092,0.0093,0.0095,0.01,0.0105,0.0101,0.0098,0.0103,0.0107,0.0117,0.0123,0.0139,0.0143,0.0145,0.0142,0.0135,0.0128
0.3598,0.3462,0.3322,0.3175,0.3049,0.293,0.2776,0.2617,0.2473,0.2308,0.2136,0.1985,0.1829,0.1698,0.1587,0.1485,0.138,0.1301,0.1232,0.1166,0.1121,0.1064,0.1027,0.0984,0.0943,0.0888,0.0852,0.0835,0.0809,0.0787,0.0769,0.0753,0.0724,0.0699,0.0676,0.0659,0.0658,0.065,0.065,0.0648,0.0637,0.0622,0.0602,0.0578,0.0553,0.0546,0.0535,0.0526,0.0514,0.0501,0.0486,0.0471,0.0473,0.0475,0.0462,0.0431,0.0417,0.0402,0.0372,0.0315,0.029,0.028,0.0275,0.0266,0.0271,0.0274,0.0267,0.0262,0.0272,0.0272,0.0272,0.0285,0.0288,0.029,0.0294,0.0293,0.0294,0.0281,0.0266,0.0254,0.0238,0.0228,0.0223,0.0212,0.02,0.0177,0.0157,0.014,0.0123,0.0112
0.4253,0.4171,0.4078,0.3983,0.3878,0.3803,0.37,0.3595,0.3467,0.3395,0.33,0.3199,0.3124,0.3044,0.3007,0.2951,0.287,0.2757,0.2609,0.2434,0.2303,0.2198,0.2123,0.2061,0.2,0.1952,0.1905,0.1855,0.179,0.1714,0.164,0.1567,0.1496,0.1414,0.1345,0.1258,0.117,0.1103,0.1051,0.1009,0.0976,0.0953,0.0927,0.09,0.0863,0.0833,0.0821,0.0797,0.0774,0.0744,0.0715,0.0687,0.0668,0.0652,0.0611,0.0589,0.0566,0.0531,0.0498,0.0469,0.0437,0.0416,0.0395,0.0372,0.0351,0.0334,0.0322,0.0308,0.0293,0.0283,0.027,0.0247,0.0225,0.0214,0.0203,0.0189,0.0151,0.0122,0.0096,0.0077,0.0064,0.005,0.0039,0.0034,0.0038,0.0036,0.0035,0.0036,0.0037,0.0039
0.3007,0.2986,0.2961,0.2911,0.2859,0.2785,0.2738,0.2707,0.2664,0.261,0.2612,0.2582,0.2515,0.2444,0.2337,0.2225,0.2134,0.2024,0.193,0.1846,0.1756,0.168,0.1633,0.1582,0.1536,0.1523,0.1492,0.1455,0.1425,0.1396,0.1367,0.1338,0.1307,0.1277,0.125,0.1224,0.1193,0.1162,0.1124,0.108,0.1043,0.1027,0.1014,0.0999,0.0982,0.0946,0.0911,0.0873,0.083,0.0794,0.0764,0.0723,0.0678,0.0628,0.0591,0.0555,0.0519,0.0495,0.047,0.0426,0.0389,0.0363,0.0342,0.0328,0.0306,0.0283,0.0267,0.0256,0.0245,0.0237,0.0228,0.0218,0.0212,0.0208,0.0204,0.0201,0.0196,0.018,0.0162,0.0151,0.0143,0.0139,0.0136,0.0133,0.0129,0.0126,0.0123,0.0121,0.0119,0.0118
0.1593,0.1565,0.1519,0.1468,0.1439,0.1374,0.1302,0.1267,0.1225,0.1159,0.1104,0.1081,0.1072,0.1049,0.0988,0.0867,0.0724,0.0644,0.0608,0.0565,0.0518,0.0484,0.0451,0.0419,0.0397,0.0374,0.0344,0.0325,0.0306,0.029,0.0277,0.0256,0.0231,0.0219,0.0205,0.0192,0.0182,0.0174,0.0166,0.0155,0.0146,0.0135,0.0124,0.0113,0.0105,0.0099,0.0087,0.0074,0.0064,0.0055,0.0049,0.0044,0.0036,0.0025,0.0018,0.0017,0.0014,0.001,0.0009,0.0007,0.0005,0.0005,0.0005,0.0005,0.0005,0.0005,0.0005,0.0005,0.0005,0.0005,0.0005,0.0005,0.0005,0.0005,0.0005,0.0005,0.0004,0.0004,0.0003,0.0002,0.0002,0.0001,0.0001,0.0,0.0,0.0,0.0,0.0,0.0,0.0
0.0665,0.0638,0.0599,0.056,0.055,0.0531,0.0482,0.0464,0.0431,0.0393,0.0361,0.0329,0.0292,0.025,0.0203,0.0173,0.0146,0.011,0.008,0.0059,0.0046,0.0036,0.0035,0.003,0.0025,0.0021,0.0019,0.0019,0.002,0.0018,0.0015,0.0013,0.0016,0.0014,0.0013,0.0012,0.001,0.0007,0.0005,0.0003,0.0001,0.0003,0.0006,0.0009,0.001,0.0008,0.0011,0.0024,0.0034,0.0035,0.003,0.0028,0.0023,0.0018,0.0014,0.0011,0.0009,0.0007,0.0005,0.0003,0.0002,0.0,0.0,0.0,0.0,0.0,0.0,0.0,0.0,0.0,0.0,0.0,0.0,0.0,0.0,0.0,0.0,0.0,0.0,0.0,0.0,0.0,0.0,0.0,0.0,0.0,0.0,0.0,0.0,0.0
0.1279,0.1262,0.1212,0.112,0.1069,0.1034,0.0944,0.0892,0.0852,0.0794,0.074,0.0715,0.0678,0.0629,0.0589,0.0568,0.0573,0.0595,0.0585,0.0572,0.0566,0.0562,0.0569,0.0565,0.0559,0.0547,0.0526,0.0507,0.0485,0.0454,0.042,0.0384,0.0354,0.033,0.0308,0.0278,0.0248,0.0226,0.021,0.0195,0.018,0.0172,0.0157,0.0134,0.0116,0.0104,0.0092,0.0071,0.0045,0.0033,0.0027,0.002,0.0015,0.0009,0.0007,0.0006,0.0003,0.0002,0.0001,0.0,0.0,0.0,0.0,0.0,0.0,0.0,0.0,0.0,0.0,0.0,0.0,0.0,0.0,0.0,0.0,0.0,0.0,0.0,0.0,0.0,0.0,0.0,0.0,0.0,0.0,0.0,0.0,0.0,0.0,0.0
0.1818,0.1776,0.1765,0.1741,0.1699,0.1659,0.1643,0.161,0.1561,0.1488,0.1421,0.1352,0.1296,0.1255,0.1207,0.1152,0.1081,0.0988,0.0915,0.0851,0.0778,0.0675,0.0582,0.0504,0.0437,0.0382,0.0331,0.0272,0.0218,0.0186,0.0171,0.0144,0.0112,0.0083,0.0061,0.0045,0.0029,0.002,0.0014,0.0011,0.001,0.0007,0.0002,0.0001,0.0,0.0,0.0,0.0,0.0,0.0,0.0,0.0,0.0,0.0,0.0,0.0,0.0,0.0,0.0,0.0,0.0,0.0,0.0,0.0,0.0,0.0,0.0,0.0,0.0,0.0,0.0,0.0,0.0,0.0,0.0,0.0,0.0,0.0,0.0,0.0,0.0,0.0,0.0,0.0,0.0,0.0,0.0,0.0,0.0,0.0
0.0701,0.0671,0.0649,0.0628,0.0604,0.0571,0.0554,0.0531,0.0531,0.0523,0.0491,0.0458,0.0431,0.0402,0.0378,0.0355,0.0324,0.0292,0.0263,0.0239,0.0204,0.0168,0.0139,0.0111,0.0085,0.0066,0.0052,0.0041,0.0031,0.0024,0.002,0.0015,0.0011,0.0006,0.0003,0.0002,0.0001,0.0002,0.0001,0.0001,0.0,0.0,0.0,0.0,0.0,0.0,0.0,0.0,0.0,0.0,0.0,0.0,0.0,0.0,0.0,0.0,0.0,0.0,0.0,0.0,0.0,0.0,0.0,0.0,0.0,0.0,0.0,0.0,0.0,0.0,0.0,0.0,0.0,0.0,0.0,0.0,0.0,0.0,0.0,0.0,0.0,0.0,0.0,0.0,0.0,0.0,0.0,0.0,0.0,0.0
0.0667,0.0635,0.0598,0.0579,0.0564,0.0525,0.0495,0.0476,0.0475,0.047,0.0444,0.041,0.0384,0.0354,0.0318,0.0284,0.0265,0.0239,0.0214,0.0207,0.0203,0.0204,0.0199,0.0188,0.0176,0.0161,0.0142,0.0124,0.0106,0.0085,0.0065,0.0053,0.0041,0.0031,0.0022,0.0016,0.0012,0.0008,0.0003,0.0001,0.0,0.0,0.0,0.0,0.0,0.0,0.0,0.0,0.0,0.0,0.0,0.0,0.0,0.0,0.0,0.0,0.0,0.0,0.0,0.0,0.0,0.0,0.0,0.0,0.0,0.0,0.0,0.0,0.0,0.0,0.0,0.0,0.0,0.0,0.0,0.0,0.0,0.0,0.0,0.0,0.0,0.0,0.0,0.0,0.0,0.0,0.0,0.0,0.0,0.0
0.0756,0.0713,0.0685,0.0647,0.062,0.06,0.0573,0.0545,0.0521,0.0484,0.0462,0.0431,0.0403,0.0371,0.0339,0.0302,0.0282,0.0266,0.0237,0.0212,0.0182,0.0166,0.0151,0.0143,0.0126,0.0101,0.0085,0.0077,0.0076,0.0075,0.008,0.0085,0.0083,0.0074,0.0077,0.0078,0.0076,0.0084,0.0097,0.0106,0.0111,0.0107,0.0098,0.0093,0.0088,0.0078,0.007,0.006,0.0053,0.0046,0.0039,0.0031,0.0023,0.001,0.0004,0.0001,0.0,0.0,0.0,0.0,0.0,0.0,0.0,0.0,0.0,0.0,0.0,0.0,0.0,0.0,0.0,0.0,0.0,0.0,0.0,0.0,0.0,0.0,0.0,0.0,0.0,0.0,0.0,0.0,0.0,0.0,0.0,0.0,0.0,0.0
0.0726,0.0711,0.0688,0.0668,0.0687,0.0709,0.0697,0.0676,0.067,0.0672,0.0692,0.0707,0.0714,0.0705,0.0663,0.06,0.0573,0.06,0.0585,0.056,0.0529,0.0514,0.052,0.0514,0.0495,0.0468,0.0442,0.041,0.038,0.033,0.0296,0.0263,0.0237,0.0219,0.0194,0.0175,0.0159,0.0136,0.0115,0.0093,0.0069,0.0056,0.0048,0.0037,0.0026,0.0023,0.0023,0.0026,0.0026,0.0024,0.0023,0.0023,0.0024,0.0023,0.0016,0.0008,0.0005,0.0003,0.0001,0.0,0.0,0.0,0.0,0.0,0.0,0.0,0.0,0.0,0.0,0.0,0.0,0.0,0.0,0.0,0.0,0.0,0.0,0.0,0.0,0.0,0.0,0.0,0.0,0.0,0.0,0.0,0.0,0.0,0.0,0.0
0.093,0.092,0.089,0.0869,0.0841,0.083,0.083,0.0812,0.0789,0.0761,0.0734,0.0702,0.0675,0.0659,0.062,0.0595,0.0553,0.0532,0.0526,0.0517,0.0494,0.0455,0.043,0.0407,0.0391,0.0373,0.0348,0.0326,0.0318,0.0302,0.0284,0.0261,0.0246,0.0227,0.0213,0.0201,0.0187,0.018,0.0175,0.0163,0.0139,0.0121,0.0108,0.0096,0.0081,0.0067,0.0052,0.0041,0.0032,0.0025,0.0017,0.0009,0.0003,0.0,0.0,0.0,0.0,0.0,0.0,0.0,0.0,0.0,0.0,0.0,0.0,0.0,0.0,0.0,0.0,0.0,0.0,0.0,0.0,0.0,0.0,0.0,0.0,0.0,0.0,0.0,0.0,0.0,0.0,0.0,0.0,0.0,0.0,0.0,0.0,0.0
0.0651,0.0634,0.0633,0.0626,0.0582,0.0528,0.0499,0.0493,0.0478,0.0465,0.0443,0.0418,0.0399,0.0383,0.0378,0.0361,0.034,0.0309,0.0284,0.0268,0.0253,0.0234,0.0205,0.0166,0.0128,0.01,0.0084,0.0072,0.0037,0.0014,0.0008,0.0004,0.0004,0.0004,0.0003,0.0003,0.0002,0.0002,0.0002,0.0002,0.0002,0.0003,0.0002,0.0002,0.0001,0.0,0.0,0.0,0.0,0.0,0.0,0.0,0.0,0.0,0.0,0.0001,0.0001,0.0001,0.0,0.0,0.0,0.0,0.0,0.0,0.0,0.0,0.0,0.0,0.0,0.0,0.0,0.0,0.0,0.0,0.0,0.0,0.0,0.0,0.0,0.0,0.0,0.0,0.0,0.0,0.0,0.0,0.0,0.0,0.0,0.0
0.0375,0.0369,0.036,0.0347,0.0335,0.0319,0.0307,0.0303,0.0273,0.0271,0.0279,0.0281,0.0271,0.0266,0.0255,0.0258,0.0245,0.0241,0.0242,0.0278,0.0277,0.0275,0.0271,0.0302,0.0312,0.0314,0.0318,0.0308,0.0307,0.0289,0.0289,0.0299,0.0295,0.0282,0.027,0.0247,0.0237,0.0228,0.0216,0.0204,0.0195,0.0196,0.0192,0.019,0.0185,0.018,0.0178,0.017,0.0156,0.0142,0.0132,0.0124,0.0114,0.0102,0.0094,0.0083,0.0071,0.0057,0.0035,0.0023,0.0016,0.0011,0.0008,0.0003,0.0002,0.0,0.0,0.0,0.0,0.0,0.0,0.0,0.0,0.0,0.0,0.0,0.0,0.0,0.0,0.0,0.0,0.0,0.0,0.0,0.0,0.0,0.0,0.0,0.0,0.0
0.0697,0.0717,0.0736,0.0755,0.0744,0.0734,0.0723,0.0708,0.0689,0.065,0.0646,0.0632,0.0625,0.063,0.0639,0.0658,0.0662,0.0653,0.0635,0.0631,0.0629,0.0603,0.0571,0.0517,0.0481,0.044,0.0403,0.0391,0.0372,0.0337,0.0345,0.0346,0.0314,0.0303,0.0299,0.0289,0.0283,0.0272,0.0261,0.025,0.0236,0.0214,0.0204,0.0195,0.0187,0.0165,0.0149,0.0132,0.0117,0.0102,0.009,0.0078,0.0064,0.0047,0.0033,0.0023,0.0016,0.0009,0.0008,0.0007,0.0004,0.0003,0.0003,0.0001,0.0,0.0,0.0,0.0,0.0,0.0,0.0,0.0,0.0,0.0,0.0,0.0,0.0,0.0,0.0,0.0,0.0,0.0,0.0,0.0,0.0,0.0,0.0,0.0,0.0,0.0
0.17,0.1691,0.1616,0.163,0.1666,0.1665,0.1643,0.1602,0.1585,0.1516,0.1485,0.1443,0.1385,0.1353,0.1294,0.126,0.1287,0.1236,0.1193,0.1133,0.1134,0.1146,0.1149,0.1105,0.1076,0.1059,0.1022,0.0963,0.0895,0.0806,0.0757,0.0712,0.0665,0.0605,0.0559,0.0517,0.048,0.0441,0.0403,0.0376,0.0349,0.0319,0.0295,0.0269,0.0241,0.0221,0.0199,0.0178,0.0158,0.0137,0.0115,0.0094,0.0072,0.0056,0.0048,0.0043,0.0037,0.003,0.0023,0.0016,0.0011,0.0006,0.0003,0.0001,0.0,0.0,0.0,0.0,0.0,0.0,0.0,0.0,0.0,0.0,0.0,0.0,0.0,0.0,0.0,0.0,0.0,0.0,0.0,0.0,0.0,0.0,0.0,0.0,0.0,0.0
0.2789,0.2717,0.2553,0.2473,0.2484,0.2433,0.2351,0.225,0.215,0.2055,0.1939,0.1843,0.1726,0.1614,0.1477,0.1329,0.1219,0.1142,0.1034,0.0934,0.0819,0.073,0.0634,0.0563,0.0482,0.0417,0.0383,0.036,0.0344,0.0316,0.0255,0.0184,0.0161,0.0157,0.0129,0.0122,0.0107,0.0096,0.0086,0.008,0.0076,0.0067,0.0052,0.0047,0.0045,0.0044,0.0037,0.0026,0.0016,0.0006,0.0003,0.0003,0.0002,0.0001,0.0001,0.0001,0.0,0.0,0.0,0.0,0.0,0.0,0.0,0.0,0.0,0.0,0.0,0.0,0.0,0.0,0.0,0.0,0.0,0.0,0.0,0.0,0.0,0.0,0.0,0.0,0.0,0.0,0.0,0.0,0.0,0.0,0.0,0.0,0.0,0.0
0.3064,0.2934,0.3008,0.2759,0.2716,0.2575,0.2443,0.2327,0.217,0.2044,0.1896,0.1772,0.1624,0.1434,0.1305,0.1205,0.1064,0.0951,0.0745,0.0529,0.0446,0.0411,0.0418,0.0444,0.048,0.0501,0.0491,0.0472,0.0428,0.0364,0.0341,0.0364,0.0344,0.0282,0.0227,0.0172,0.013,0.0115,0.0096,0.0073,0.007,0.0093,0.0089,0.0067,0.0048,0.0044,0.0042,0.0033,0.0022,0.002,0.0024,0.0018,0.0005,0.0003,0.0002,0.0002,0.0001,0.0,0.0,0.0,0.0,0.0,0.0,0.0,0.0,0.0,0.0,0.0,0.0,0.0,0.0,0.0,0.0,0.0,0.0,0.0,0.0,0.0,0.0,0.0,0.0,0.0,0.0,0.0,0.0,0.0,0.0,0.0,0.0,0.0
0.4131,0.3929,0.4014,0.3894,0.3765,0.3713,0.3649,0.3585,0.3476,0.3382,0.3165,0.3073,0.3112,0.2916,0.2901,0.2906,0.2856,0.2831,0.267,0.2475,0.239,0.2353,0.2406,0.2353,0.2387,0.2341,0.2216,0.221,0.2166,0.2189,0.2178,0.2015,0.1919,0.1823,0.172,0.1627,0.1548,0.1482,0.1418,0.1335,0.1295,0.1319,0.1265,0.1159,0.1064,0.0952,0.0856,0.0779,0.0692,0.0615,0.0551,0.0441,0.0278,0.0202,0.0166,0.0125,0.009,0.0057,0.0036,0.0025,0.0013,0.0007,0.0005,0.0003,0.0001,0.0,0.0,0.0,0.0,0.0,0.0,0.0,0.0,0.0,0.0,0.0,0.0,0.0,0.0,0.0,0.0,0.0,0.0,0.0,0.0,0.0,0.0,0.0,0.0,0.0
0.4508,0.4399,0.4379,0.4356,0.4293,0.4204,0.4118,0.4027,0.3961,0.3909,0.3825,0.3676,0.3624,0.3552,0.344,0.3344,0.3296,0.3085,0.2898,0.2773,0.2647,0.2539,0.2444,0.2323,0.2171,0.1989,0.1824,0.1696,0.1539,0.1404,0.1271,0.1133,0.1014,0.0952,0.0938,0.0916,0.0883,0.0808,0.0745,0.0706,0.0644,0.055,0.0483,0.0447,0.0385,0.0332,0.028,0.023,0.0196,0.0148,0.0111,0.01,0.0097,0.008,0.0062,0.0049,0.0035,0.0025,0.0014,0.0005,0.0001,0.0,0.0,0.0,0.0,0.0,0.0,0.0,0.0,0.0,0.0,0.0,0.0,0.0,0.0,0.0,0.0,0.0,0.0,0.0,0.0,0.0,0.0,0.0,0.0,0.0,0.0,0.0,0.0,0.0
0.4119,0.398,0.3922,0.3902,0.3846,0.3814,0.377,0.3675,0.3623,0.3548,0.3473,0.339,0.3356,0.3354,0.3288,0.3201,0.3101,0.2963,0.2855,0.2769,0.2631,0.262,0.2482,0.2298,0.2122,0.1968,0.1844,0.1711,0.1548,0.1389,0.1261,0.1191,0.1119,0.1018,0.0967,0.0903,0.0827,0.0753,0.0736,0.0682,0.0667,0.0619,0.0567,0.0487,0.0465,0.0402,0.04,0.0424,0.0402,0.0342,0.0317,0.0278,0.0221,0.0169,0.0124,0.0066,0.0036,0.0021,0.0011,0.0002,0.0,0.0,0.0,0.0,0.0,0.0,0.0,0.0,0.0,0.0,0.0,0.0,0.0,0.0,0.0,0.0,0.0,0.0,0.0,0.0,0.0,0.0,0.0,0.0,0.0,0.0,0.0,0.0,0.0,0.0
0.5381,0.5255,0.5151,0.5046,0.4956,0.4894,0.4844,0.4786,0.4749,0.4697,0.4612,0.4531,0.444,0.4382,0.4316,0.4225,0.411,0.3954,0.3796,0.3608,0.349,0.3395,0.3235,0.3056,0.2911,0.2765,0.2666,0.2586,0.251,0.2412,0.2298,0.2165,0.2057,0.1936,0.1832,0.1777,0.1732,0.1688,0.1607,0.1528,0.1469,0.1424,0.1374,0.131,0.1232,0.1146,0.1088,0.1028,0.1001,0.0973,0.0917,0.0882,0.0831,0.0781,0.0736,0.0674,0.061,0.0554,0.0509,0.0452,0.0407,0.0347,0.028,0.0231,0.0189,0.0154,0.0131,0.0116,0.0097,0.0081,0.0066,0.005,0.0029,0.0019,0.0013,0.0004,0.0,0.0,0.0,0.0,0.0,0.0,0.0,0.0,0.0,0.0,0.0,0.0,0.0,0.0
0.4254,0.4215,0.4159,0.4045,0.3913,0.3781,0.3709,0.3679,0.3604,0.3572,0.3563,0.3509,0.3398,0.327,0.3195,0.3147,0.3149,0.3115,0.3043,0.2992,0.2894,0.2665,0.2626,0.2582,0.2469,0.2362,0.2252,0.2174,0.2089,0.2013,0.1926,0.1822,0.1729,0.1638,0.1529,0.1458,0.1399,0.1351,0.1316,0.1286,0.1229,0.1201,0.1154,0.1113,0.1044,0.1029,0.0965,0.0901,0.083,0.0794,0.0751,0.0711,0.0682,0.0642,0.0604,0.0573,0.053,0.0495,0.0453,0.043,0.0397,0.037,0.0339,0.0299,0.0267,0.0232,0.0206,0.0188,0.0165,0.014,0.0114,0.0087,0.0049,0.0021,0.0012,0.0005,0.0,0.0,0.0,0.0,0.0,0.0,0.0,0.0,0.0,0.0,0.0,0.0,0.0,0.0
0.2027,0.1977,0.1884,0.1829,0.1762,0.1688,0.1627,0.1579,0.1512,0.1434,0.138,0.13,0.1237,0.1216,0.1196,0.1164,0.1154,0.1149,0.1141,0.1103,0.1062,0.1015,0.0951,0.0925,0.0899,0.0885,0.0859,0.0843,0.083,0.0842,0.0842,0.0828,0.0802,0.0781,0.0762,0.0726,0.0717,0.0707,0.0688,0.0659,0.0639,0.0624,0.0606,0.0594,0.0575,0.0558,0.0547,0.0513,0.0487,0.0469,0.0457,0.0442,0.0431,0.0414,0.0399,0.039,0.0381,0.0365,0.0338,0.0331,0.0311,0.0289,0.0259,0.0235,0.0215,0.0192,0.0154,0.0126,0.0115,0.0099,0.0091,0.0071,0.005,0.0023,0.001,0.0003,0.0001,0.0001,0.0001,0.0,0.0,0.0,0.0,0.0,0.0,0.0,0.0,0.0,0.0,0.0
0.1692,0.1631,0.1567,0.1514,0.1467,0.1401,0.1349,0.1313,0.127,0.1231,0.1188,0.1125,0.1074,0.1049,0.1034,0.1004,0.0976,0.0971,0.098,0.0966,0.0951,0.0931,0.0877,0.0846,0.0829,0.0824,0.0815,0.0805,0.0797,0.078,0.0784,0.0776,0.0761,0.075,0.0741,0.0724,0.0709,0.0714,0.0704,0.0683,0.0677,0.0658,0.0655,0.0644,0.0643,0.0628,0.061,0.0589,0.0568,0.0561,0.0549,0.0535,0.0522,0.0518,0.0498,0.0497,0.0471,0.0459,0.0448,0.0439,0.0429,0.0432,0.0426,0.0412,0.0397,0.0394,0.0376,0.0355,0.0339,0.0328,0.031,0.0303,0.0284,0.0256,0.0233,0.0212,0.0198,0.0188,0.0177,0.0166,0.0154,0.0142,0.0129,0.012,0.0106,0.0094,0.0072,0.0056,0.005,0.0043
0.1813,0.1781,0.1748,0.1711,0.1664,0.1614,0.1564,0.1521,0.1473,0.1424,0.1366,0.1299,0.126,0.1218,0.1196,0.1174,0.114,0.11,0.1087,0.1052,0.1022,0.1004,0.0958,0.0915,0.0886,0.0873,0.0834,0.0804,0.0785,0.076,0.0749,0.0732,0.0708,0.0696,0.0678,0.0651,0.0628,0.0599,0.057,0.0558,0.0522,0.0484,0.0461,0.0448,0.0441,0.0419,0.0393,0.0371,0.0331,0.0289,0.0259,0.0223,0.0199,0.0193,0.017,0.0159,0.0148,0.0141,0.0131,0.0113,0.0102,0.0101,0.0094,0.0084,0.0077,0.0073,0.0069,0.0054,0.0033,0.0029,0.0021,0.0019,0.0019,0.0018,0.002,0.0017,0.0016,0.0012,0.0009,0.0008,0.0007,0.0006,0.0004,0.0006,0.0007,0.0008,0.0007,0.0005,0.0004,0.0003
0.0379,0.0345,0.0306,0.0276,0.0291,0.0301,0.0288,0.031,0.0344,0.0345,0.0309,0.0267,0.0236,0.0203,0.0177,0.0165,0.016,0.0164,0.0177,0.0204,0.0221,0.0201,0.018,0.0152,0.0127,0.0133,0.0134,0.0126,0.0139,0.014,0.0122,0.0121,0.0122,0.0128,0.0126,0.0122,0.0112,0.0071,0.0054,0.0052,0.0033,0.0022,0.0017,0.0018,0.0018,0.0011,0.0006,0.0004,0.0002,0.0,0.0,0.0,0.0,0.0,0.0,0.0,0.0,0.0,0.0,0.0,0.0,0.0,0.0,0.0,0.0,0.0,0.0,0.0,0.0,0.0,0.0,0.0,0.0,0.0,0.0,0.0,0.0,0.0,0.0,0.0,0.0,0.0,0.0,0.0,0.0,0.0,0.0,0.0,0.0,0.0
0.0044,0.0034,0.0028,0.0023,0.0019,0.0016,0.0014,0.0014,0.0013,0.0012,0.0011,0.0011,0.0011,0.0011,0.0012,0.0012,0.0011,0.0011,0.001,0.0007,0.0006,0.0004,0.0004,0.0005,0.0004,0.0004,0.0003,0.0003,0.0003,0.0003,0.0002,0.0002,0.0002,0.0001,0.0001,0.0,0.0,0.0,0.0,0.0,0.0,0.0,0.0,0.0,0.0,0.0,0.0,0.0,0.0,0.0,0.0,0.0,0.0,0.0,0.0,0.0,0.0,0.0,0.0,0.0,0.0,0.0,0.0,0.0,0.0,0.0,0.0,0.0,0.0,0.0,0.0,0.0,0.0,0.0,0.0,0.0,0.0,0.0,0.0,0.0,0.0,0.0,0.0,0.0,0.0,0.0,0.0,0.0,0.0,0.0
0.0366,0.0354,0.035,0.0347,0.0349,0.035,0.0358,0.0368,0.0373,0.0377,0.0379,0.0378,0.0375,0.0372,0.0369,0.0371,0.0365,0.0363,0.0359,0.0355,0.035,0.0348,0.0347,0.0346,0.0345,0.034,0.0332,0.0324,0.0328,0.0329,0.0327,0.0325,0.0322,0.032,0.0317,0.0314,0.0312,0.031,0.0308,0.0307,0.0307,0.0308,0.0308,0.0307,0.0308,0.0309,0.0306,0.0301,0.0299,0.0301,0.0304,0.0303,0.0301,0.03,0.03,0.0298,0.0295,0.0295,0.0294,0.029,0.0285,0.0281,0.0277,0.0276,0.028,0.0279,0.0278,0.0277,0.0283,0.029,0.0295,0.0298,0.0297,0.0293,0.0293,0.0294,0.0301,0.0305,0.0309,0.0306,0.03,0.0287,0.0284,0.0279,0.0278,0.0274,0.025,0.0229,0.0216,0.0213
0.4516,0.4479,0.4516,0.455,0.4582,0.4628,0.4689,0.4694,0.468,0.4751,0.4826,0.4861,0.4859,0.4836,0.4792,0.4788,0.4822,0.4877,0.4903,0.4845,0.4805,0.4858,0.4952,0.5025,0.5087,0.5144,0.5209,0.5254,0.5276,0.5266,0.5235,0.5195,0.5126,0.5057,0.4976,0.4947,0.4915,0.4873,0.4862,0.4832,0.4795,0.4775,0.4727,0.4743,0.4811,0.4854,0.4869,0.4842,0.4812,0.4785,0.4772,0.4773,0.4741,0.472,0.4706,0.4686,0.4668,0.4646,0.4627,0.4588,0.4538,0.4463,0.4391,0.4356,0.4347,0.4351,0.4332,0.4289,0.4256,0.423,0.4201,0.4106,0.4065,0.4056,0.4066,0.4057,0.4045,0.4019,0.4008,0.3986,0.3941,0.3921,0.3943,0.3946,0.3944,0.3929,0.3902,0.3855,0.3831,0.382
0.5033,0.4919,0.4824,0.4777,0.4703,0.4666,0.4635,0.4627,0.456,0.4511,0.444,0.4373,0.4354,0.4334,0.4338,0.427,0.4158,0.4078,0.4035,0.399,0.3988,0.3926,0.3802,0.3687,0.3608,0.3534,0.3421,0.3326,0.3122,0.2972,0.2861,0.2791,0.2762,0.2752,0.2747,0.2718,0.2664,0.2619,0.2536,0.2473,0.238,0.225,0.2166,0.2019,0.1882,0.1804,0.1704,0.1604,0.1497,0.1386,0.1258,0.1073,0.0895,0.0746,0.0618,0.0557,0.0515,0.0491,0.0457,0.0447,0.0453,0.0475,0.048,0.0449,0.0392,0.0329,0.0304,0.0312,0.0318,0.0297,0.0265,0.0247,0.0226,0.0242,0.0252,0.0251,0.0266,0.0255,0.0239,0.0231,0.0246,0.0281,0.0298,0.0283,0.0251,0.0237,0.0242,0.0232,0.0236,0.0247
0.5096,0.4923,0.4768,0.4662,0.4586,0.4523,0.4466,0.4428,0.436,0.4258,0.4133,0.4034,0.3992,0.3937,0.3882,0.3788,0.3669,0.3495,0.3332,0.321,0.3115,0.3019,0.2889,0.2751,0.266,0.2538,0.2407,0.2147,0.1941,0.18,0.1648,0.1538,0.1473,0.1402,0.1267,0.1148,0.1049,0.0948,0.0814,0.0684,0.0583,0.046,0.0372,0.032,0.028,0.0234,0.0199,0.0172,0.0154,0.0147,0.0142,0.0136,0.0126,0.011,0.0088,0.0068,0.0046,0.0028,0.0016,0.0009,0.0004,0.0002,0.0001,0.0,0.0,0.0,0.0,0.0,0.0,0.0,0.0,0.0,0.0,0.0,0.0,0.0,0.0,0.0,0.0,0.0,0.0,0.0,0.0,0.0,0.0,0.0,0.0,0.0,0.0,0.0
0.5086,0.501,0.4938,0.4812,0.4736,0.4636,0.4531,0.4467,0.4417,0.4314,0.4224,0.4163,0.4104,0.4033,0.3951,0.3883,0.3811,0.3701,0.3564,0.3457,0.3374,0.3282,0.3177,0.3048,0.2931,0.2821,0.2651,0.2506,0.2393,0.2272,0.2144,0.2045,0.1959,0.1846,0.1748,0.1659,0.1556,0.146,0.135,0.1227,0.1111,0.1015,0.0931,0.0834,0.0805,0.0754,0.0691,0.0617,0.0522,0.0424,0.0368,0.0272,0.0208,0.0156,0.0102,0.0066,0.0041,0.0019,0.0006,0.0003,0.0002,0.0002,0.0001,0.0,0.0,0.0,0.0,0.0,0.0,0.0,0.0,0.0,0.0,0.0,0.0,0.0,0.0,0.0,0.0,0.0,0.0,0.0,0.0,0.0,0.0,0.0,0.0,0.0,0.0,0.0
0.4847,0.4708,0.4607,0.4464,0.4337,0.4242,0.4119,0.4067,0.3954,0.3837,0.3798,0.3795,0.3741,0.3678,0.3588,0.3509,0.3463,0.3399,0.3319,0.3193,0.3059,0.2936,0.2808,0.2666,0.2518,0.2404,0.222,0.205,0.1912,0.1796,0.1678,0.1564,0.1477,0.1388,0.127,0.118,0.109,0.1014,0.095,0.0861,0.077,0.07,0.0638,0.0579,0.0544,0.0486,0.0419,0.0344,0.0252,0.0157,0.0095,0.0048,0.0021,0.0004,0.0,0.0,0.0,0.0,0.0,0.0,0.0,0.0,0.0,0.0,0.0,0.0,0.0,0.0,0.0,0.0,0.0,0.0,0.0,0.0,0.0,0.0,0.0,0.0,0.0,0.0,0.0,0.0,0.0,0.0,0.0,0.0,0.0,0.0,0.0,0.0
0.418,0.4076,0.3993,0.3878,0.3714,0.3604,0.3479,0.3317,0.316,0.3019,0.2871,0.2638,0.2445,0.2293,0.2171,0.2045,0.1922,0.1833,0.1743,0.1702,0.1625,0.1506,0.1398,0.1304,0.1197,0.1104,0.0989,0.0888,0.0775,0.0666,0.0579,0.0501,0.0419,0.0354,0.0302,0.0248,0.0209,0.0172,0.0156,0.014,0.0117,0.01,0.0088,0.0079,0.0068,0.0055,0.0034,0.0014,0.0006,0.0002,0.0,0.0,0.0,0.0,0.0,0.0001,0.0001,0.0001,0.0003,0.0005,0.0004,0.0002,0.0001,0.0001,0.0001,0.0003,0.0005,0.0008,0.0011,0.0012,0.0013,0.0015,0.0019,0.0022,0.0028,0.0035,0.0038,0.0036,0.0036,0.0034,0.0032,0.0026,0.002,0.0014,0.0008,0.0002,0.0006,0.0014,0.0021,0.003
