0.3411,0.3311,0.3192,0.3074,0.3006,0.2877,0.2748,0.2603,0.2451,0.231,0.2145,0.199,0.1833,0.1706,0.1593,0.1498,0.14,0.1284,0.1212,0.1112,0.0979,0.0841,0.0719,0.062,0.0535,0.0535,0.0496,0.0456,0.0402,0.0372,0.0335,0.0301,0.0279,0.0271,0.0268,0.026,0.0248,0.0232,0.0213,0.0198,0.0193,0.0205,0.0201,0.0186,0.0183,0.0186,0.0177,0.0174,0.0171,0.0164,0.0155,0.0147,0.0139,0.0135,0.0125,0.0111,0.01,0.0091,0.0083,0.0073,0.0061,0.0053,0.0044,0.0035,0.0028,0.0021,0.0017,0.0012,0.0011,0.001,0.0013,0.0018,0.0021,0.0027,0.0033,0.0035,0.0037,0.004,0.0044,0.005,0.0054,0.0056,0.0059,0.007,0.0067,0.0052,0.0041,0.0036,0.0032,0.0032
0.3783,0.3712,0.3636,0.3539,0.3452,0.3401,0.3301,0.315,0.3005,0.2866,0.2729,0.2626,0.2497,0.2339,0.2188,0.208,0.1973,0.1877,0.1797,0.168,0.1562,0.1451,0.1309,0.1181,0.1093,0.1023,0.0971,0.0926,0.0861,0.078,0.0723,0.0688,0.0648,0.0622,0.0582,0.0549,0.0527,0.0491,0.0446,0.0394,0.0363,0.032,0.0298,0.028,0.026,0.0239,0.0221,0.0211,0.0203,0.0198,0.0193,0.0186,0.0187,0.0191,0.0192,0.0194,0.0194,0.0198,0.0199,0.021,0.0216,0.0219,0.0224,0.0228,0.0231,0.0236,0.0238,0.024,0.0247,0.0253,0.0254,0.0252,0.0247,0.024,0.0214,0.0192,0.018,0.0173,0.0164,0.0156,0.0144,0.013,0.0119,0.0112,0.0089,0.0069,0.0054,0.0046,0.0039,0.0036
0.4317,0.425,0.416,0.41,0.4033,0.4016,0.395,0.3881,0.3816,0.3759,0.3702,0.3613,0.3568,0.3494,0.3416,0.3327,0.3265,0.3256,0.3218,0.3133,0.3062,0.2962,0.2817,0.265,0.2512,0.2393,0.2291,0.2158,0.2043,0.1926,0.1803,0.1696,0.1578,0.1481,0.1381,0.1278,0.1186,0.1104,0.1018,0.0945,0.0879,0.0814,0.0755,0.0731,0.0689,0.0658,0.0653,0.0636,0.0607,0.0585,0.0556,0.0523,0.0496,0.0471,0.0446,0.0423,0.0399,0.0375,0.0345,0.0325,0.0309,0.0291,0.0272,0.0256,0.0238,0.0222,0.021,0.0197,0.0173,0.0153,0.0134,0.0116,0.0101,0.0075,0.0048,0.0033,0.0023,0.0015,0.0011,0.0008,0.0006,0.0006,0.0004,0.0002,0.0001,0.0,0.0,0.0,0.0001,0.0002
0.308,0.3074,0.3066,0.3009,0.2975,0.287,0.283,0.2804,0.2775,0.2761,0.2707,0.2643,0.2568,0.2548,0.2538,0.2482,0.2419,0.2358,0.2268,0.2152,0.2009,0.1899,0.1838,0.1777,0.1717,0.1666,0.1589,0.149,0.1411,0.135,0.1286,0.1208,0.1153,0.1101,0.1043,0.0979,0.0913,0.0864,0.0847,0.0823,0.079,0.0749,0.0711,0.0671,0.0646,0.062,0.0589,0.0554,0.0524,0.049,0.0462,0.0439,0.0415,0.0396,0.0377,0.0356,0.0337,0.0317,0.0302,0.0285,0.0268,0.0257,0.0248,0.024,0.0232,0.0225,0.0218,0.0212,0.0204,0.0196,0.019,0.0186,0.0181,0.0178,0.0171,0.0165,0.0158,0.0154,0.015,0.0144,0.0138,0.0134,0.013,0.0127,0.0124,0.0122,0.0116,0.0112,0.0108,0.0104
0.1584,0.156,0.1508,0.1446,0.1385,0.1329,0.124,0.117,0.1123,0.1056,0.0991,0.095,0.0926,0.0917,0.0902,0.0873,0.0846,0.0763,0.0631,0.0525,0.0462,0.0429,0.0405,0.0377,0.0352,0.0331,0.0301,0.0266,0.0238,0.0213,0.0198,0.0185,0.0175,0.0162,0.0151,0.0141,0.013,0.0118,0.011,0.0104,0.0098,0.0091,0.008,0.0072,0.0068,0.0061,0.0052,0.0043,0.0038,0.0034,0.003,0.0028,0.0025,0.0021,0.0016,0.0012,0.001,0.0008,0.0007,0.0006,0.0006,0.0006,0.0006,0.0005,0.0005,0.0005,0.0005,0.0005,0.0005,0.0005,0.0005,0.0005,0.0005,0.0005,0.0004,0.0004,0.0003,0.0003,0.0002,0.0001,0.0001,0.0,0.0,0.0,0.0,0.0,0.0,0.0,0.0,0.0
0.0687,0.0665,0.0622,0.0581,0.0564,0.054,0.0493,0.0468,0.0454,0.0448,0.0431,0.0412,0.0388,0.0359,0.0325,0.0292,0.0255,0.0206,0.0155,0.0116,0.0084,0.0067,0.0051,0.0034,0.0023,0.0014,0.001,0.0009,0.0009,0.0009,0.0009,0.001,0.0009,0.001,0.0014,0.0015,0.0015,0.0015,0.0019,0.0018,0.0015,0.0012,0.001,0.0009,0.0008,0.0007,0.0004,0.0002,0.0001,0.0,0.0,0.0,0.0,0.0,0.0,0.0,0.0,0.0,0.0,0.0,0.0,0.0,0.0,0.0,0.0,0.0,0.0,0.0,0.0,0.0,0.0,0.0,0.0,0.0,0.0,0.0,0.0,0.0,0.0,0.0,0.0,0.0,0.0,0.0,0.0,0.0,0.0,0.0,0.0,0.0
0.132,0.1313,0.1274,0.1188,0.1162,0.1127,0.105,0.0988,0.0964,0.0954,0.0946,0.0947,0.094,0.0908,0.0875,0.0851,0.081,0.0762,0.0738,0.0749,0.0738,0.0703,0.0676,0.0651,0.061,0.0566,0.0535,0.0509,0.0528,0.0527,0.0513,0.0494,0.0469,0.0446,0.043,0.0401,0.0376,0.0349,0.0323,0.0301,0.0278,0.0258,0.0236,0.0212,0.0192,0.0174,0.0148,0.0128,0.0108,0.0095,0.0085,0.0078,0.0069,0.0059,0.0053,0.0046,0.0038,0.0031,0.0023,0.0013,0.0004,0.0001,0.0,0.0,0.0,0.0,0.0,0.0,0.0,0.0,0.0,0.0,0.0,0.0,0.0,0.0,0.0,0.0,0.0,0.0,0.0,0.0,0.0,0.0,0.0,0.0,0.0,0.0,0.0,0.0
0.1798,0.1785,0.1788,0.1772,0.1718,0.1686,0.1671,0.1638,0.155,0.1462,0.1374,0.129,0.1223,0.1156,0.1091,0.1042,0.0994,0.0932,0.0862,0.0772,0.0732,0.0672,0.061,0.0552,0.0511,0.0477,0.0418,0.0362,0.0319,0.0246,0.0187,0.0126,0.0095,0.0058,0.0034,0.002,0.0011,0.0006,0.0002,0.0,0.0,0.0,0.0,0.0,0.0,0.0,0.0,0.0,0.0,0.0,0.0,0.0,0.0,0.0,0.0,0.0,0.0,0.0,0.0,0.0,0.0,0.0,0.0,0.0,0.0,0.0,0.0,0.0,0.0,0.0,0.0,0.0,0.0,0.0,0.0,0.0,0.0,0.0,0.0,0.0,0.0,0.0,0.0,0.0,0.0,0.0,0.0,0.0,0.0,0.0
0.0775,0.0754,0.0733,0.0725,0.0699,0.0683,0.0669,0.0647,0.0622,0.059,0.0556,0.0526,0.0477,0.0441,0.0401,0.037,0.0338,0.0311,0.028,0.025,0.0228,0.0206,0.0187,0.017,0.015,0.0136,0.0118,0.0103,0.0087,0.006,0.0044,0.0031,0.0022,0.0013,0.0007,0.0002,0.0,0.0,0.0,0.0,0.0,0.0,0.0,0.0,0.0,0.0,0.0,0.0,0.0,0.0,0.0,0.0,0.0,0.0,0.0,0.0,0.0,0.0,0.0,0.0,0.0,0.0,0.0,0.0,0.0,0.0,0.0,0.0,0.0,0.0,0.0,0.0,0.0,0.0,0.0,0.0,0.0,0.0,0.0,0.0,0.0,0.0,0.0,0.0,0.0,0.0,0.0,0.0,0.0,0.0
0.0721,0.0702,0.0675,0.0655,0.0641,0.0613,0.0596,0.0577,0.0574,0.0532,0.0517,0.0502,0.0484,0.0443,0.0429,0.0419,0.0403,0.0373,0.0333,0.0314,0.0286,0.0289,0.0306,0.0312,0.0309,0.0307,0.0294,0.0269,0.0253,0.0284,0.027,0.0257,0.0236,0.0216,0.0193,0.0182,0.0172,0.0154,0.0135,0.0126,0.0119,0.0104,0.009,0.0075,0.0056,0.0041,0.003,0.0029,0.0018,0.0009,0.0005,0.0004,0.0003,0.0001,0.0,0.0,0.0,0.0,0.0,0.0,0.0,0.0,0.0,0.0,0.0,0.0,0.0,0.0,0.0,0.0,0.0,0.0,0.0,0.0,0.0,0.0,0.0,0.0,0.0,0.0,0.0,0.0,0.0,0.0,0.0,0.0,0.0,0.0,0.0,0.0
0.0845,0.081,0.0788,0.0761,0.0745,0.0721,0.0698,0.0669,0.064,0.0622,0.0593,0.0571,0.0559,0.0542,0.0497,0.0456,0.0404,0.0378,0.0353,0.0336,0.0315,0.0297,0.0277,0.0256,0.0233,0.0213,0.0193,0.0172,0.015,0.0132,0.012,0.0109,0.0109,0.0111,0.0109,0.0102,0.0096,0.0086,0.0075,0.0072,0.0082,0.0078,0.0082,0.009,0.0094,0.009,0.0083,0.0092,0.01,0.0098,0.0091,0.0077,0.0065,0.0068,0.0067,0.007,0.0083,0.0097,0.0112,0.0117,0.0114,0.0108,0.0104,0.01,0.0095,0.0095,0.0102,0.0102,0.0096,0.0085,0.0076,0.0068,0.0061,0.0055,0.0051,0.0048,0.0039,0.0034,0.0029,0.0025,0.0023,0.0022,0.0034,0.0027,0.0021,0.0016,0.0014,0.0011,0.0008,0.0006
0.0765,0.0753,0.0731,0.0717,0.0735,0.0748,0.0755,0.0759,0.0776,0.0794,0.0787,0.0764,0.074,0.0741,0.0725,0.072,0.0695,0.0661,0.0636,0.0655,0.0658,0.0651,0.064,0.0633,0.0637,0.065,0.0657,0.0655,0.0652,0.0647,0.0634,0.0622,0.0616,0.0604,0.0587,0.0571,0.0559,0.0545,0.0527,0.0509,0.0495,0.048,0.0467,0.0444,0.0425,0.0413,0.0403,0.0385,0.0371,0.0361,0.0348,0.0328,0.0308,0.0291,0.0274,0.0256,0.023,0.0208,0.0176,0.0154,0.0135,0.0117,0.01,0.0084,0.0073,0.0055,0.0038,0.0029,0.0021,0.0012,0.0009,0.0006,0.0004,0.0003,0.0002,0.0001,0.0001,0.0,0.0,0.0,0.0,0.0,0.0,0.0,0.0,0.0,0.0,0.0,0.0,0.0
0.0896,0.088,0.0853,0.0835,0.0823,0.0821,0.0824,0.0814,0.0816,0.0816,0.082,0.0811,0.0782,0.0766,0.0752,0.0744,0.0728,0.0732,0.0706,0.0672,0.0631,0.0608,0.0588,0.0571,0.056,0.053,0.0499,0.0484,0.0467,0.0448,0.0423,0.0396,0.0372,0.0338,0.0315,0.0298,0.0278,0.0265,0.0254,0.0242,0.0226,0.0206,0.0193,0.0157,0.0131,0.0108,0.0087,0.0068,0.0054,0.0041,0.0028,0.002,0.0012,0.0006,0.0004,0.0001,0.0,0.0,0.0,0.0,0.0,0.0,0.0,0.0,0.0,0.0,0.0,0.0,0.0,0.0,0.0,0.0,0.0,0.0,0.0,0.0,0.0,0.0,0.0,0.0,0.0,0.0,0.0,0.0,0.0,0.0,0.0,0.0,0.0,0.0
0.0637,0.0622,0.0627,0.0618,0.058,0.0532,0.0466,0.0427,0.034,0.0279,0.0244,0.0237,0.0231,0.0214,0.0216,0.0207,0.0196,0.0194,0.0192,0.0153,0.0127,0.0117,0.0105,0.0096,0.0082,0.0063,0.0047,0.0038,0.0033,0.003,0.0023,0.0016,0.0011,0.0007,0.0004,0.0004,0.0005,0.0005,0.0005,0.0003,0.0001,0.0001,0.0001,0.0001,0.0001,0.0001,0.0,0.0,0.0,0.0,0.0,0.0,0.0,0.0,0.0,0.0,0.0,0.0,0.0,0.0,0.0,0.0,0.0,0.0,0.0,0.0,0.0,0.0,0.0,0.0,0.0,0.0,0.0,0.0,0.0,0.0,0.0,0.0,0.0,0.0,0.0,0.0,0.0,0.0,0.0,0.0,0.0,0.0,0.0,0.0
0.0362,0.0358,0.0347,0.0337,0.0319,0.0304,0.0286,0.0279,0.0281,0.0297,0.0303,0.0303,0.0291,0.0269,0.0254,0.0248,0.0246,0.0233,0.0224,0.0213,0.0228,0.0202,0.0196,0.0191,0.019,0.019,0.0184,0.0172,0.0158,0.0151,0.0151,0.0162,0.0166,0.0165,0.0159,0.0155,0.0148,0.0142,0.0135,0.0128,0.0121,0.012,0.0104,0.0098,0.0097,0.0092,0.008,0.0075,0.008,0.0087,0.0095,0.01,0.0101,0.0098,0.0092,0.0088,0.0083,0.0076,0.0072,0.0066,0.006,0.0051,0.0041,0.003,0.0022,0.0016,0.0009,0.0004,0.0,0.0,0.0,0.0,0.0,0.0,0.0,0.0,0.0,0.0,0.0,0.0,0.0,0.0,0.0,0.0,0.0001,0.0003,0.0003,0.0002,0.0001,0.0
0.0832,0.0854,0.0887,0.0924,0.0928,0.09,0.0877,0.0864,0.0849,0.0825,0.079,0.0756,0.0744,0.0731,0.0729,0.0712,0.0702,0.0687,0.069,0.0664,0.0656,0.0631,0.0591,0.0582,0.0562,0.0532,0.0502,0.0482,0.0477,0.0466,0.0438,0.0399,0.0372,0.0346,0.0334,0.0319,0.0292,0.0269,0.0252,0.0241,0.0218,0.0195,0.0182,0.0159,0.0134,0.0124,0.0123,0.0119,0.0103,0.0081,0.0061,0.0045,0.0032,0.0025,0.002,0.0013,0.0008,0.0005,0.0003,0.0002,0.0001,0.0,0.0,0.0,0.0,0.0,0.0,0.0,0.0,0.0,0.0,0.0,0.0,0.0,0.0,0.0,0.0,0.0,0.0,0.0,0.0,0.0,0.0,0.0,0.0,0.0,0.0,0.0,0.0,0.0
0.1872,0.1866,0.1808,0.1851,0.1921,0.1942,0.1892,0.1795,0.178,0.1713,0.1651,0.1579,0.1524,0.15,0.1441,0.139,0.1343,0.1293,0.1246,0.1226,0.1162,0.1122,0.107,0.1036,0.0977,0.091,0.0856,0.0801,0.0742,0.0693,0.0618,0.0571,0.0492,0.042,0.038,0.0353,0.0325,0.0291,0.0258,0.0227,0.0189,0.0148,0.0119,0.009,0.0068,0.0047,0.0021,0.0013,0.0009,0.0004,0.0003,0.0002,0.0001,0.0001,0.0001,0.0001,0.0001,0.0001,0.0,0.0,0.0,0.0,0.0,0.0,0.0,0.0,0.0,0.0,0.0,0.0,0.0,0.0,0.0,0.0,0.0,0.0,0.0,0.0,0.0,0.0,0.0,0.0,0.0,0.0,0.0,0.0,0.0,0.0,0.0,0.0
0.2896,0.285,0.2706,0.2649,0.2658,0.2645,0.2605,0.2512,0.2428,0.2346,0.2257,0.2133,0.2,0.1894,0.1798,0.1684,0.1537,0.1428,0.1311,0.1221,0.115,0.109,0.1059,0.0997,0.0934,0.0879,0.0813,0.0747,0.068,0.0625,0.0573,0.0524,0.048,0.0427,0.0373,0.0318,0.0267,0.0222,0.0182,0.0148,0.0123,0.0104,0.0091,0.0075,0.0057,0.0047,0.0029,0.0019,0.0013,0.0006,0.0004,0.0004,0.0003,0.0002,0.0002,0.0001,0.0001,0.0001,0.0001,0.0,0.0,0.0,0.0,0.0,0.0,0.0,0.0,0.0,0.0,0.0,0.0,0.0,0.0,0.0,0.0,0.0,0.0,0.0,0.0,0.0,0.0,0.0,0.0,0.0,0.0,0.0,0.0,0.0,0.0,0.0
0.3104,0.2999,0.2978,0.2779,0.2666,0.2515,0.2398,0.2328,0.2208,0.2081,0.1949,0.1802,0.1586,0.1387,0.124,0.1121,0.0982,0.0831,0.0685,0.059,0.0485,0.0399,0.0348,0.03,0.0274,0.0233,0.0197,0.0164,0.0126,0.0092,0.0063,0.0049,0.0027,0.0015,0.0008,0.0007,0.0004,0.0001,0.0,0.0,0.0,0.0,0.0,0.0,0.0,0.0,0.0,0.0,0.0,0.0,0.0,0.0,0.0,0.0,0.0,0.0,0.0,0.0,0.0,0.0,0.0,0.0,0.0,0.0,0.0,0.0,0.0,0.0,0.0,0.0,0.0,0.0,0.0,0.0,0.0,0.0,0.0,0.0,0.0,0.0,0.0,0.0,0.0,0.0,0.0,0.0,0.0,0.0,0.0,0.0
0.4078,0.3906,0.3989,0.3858,0.3774,0.3699,0.358,0.3548,0.3497,0.3183,0.3032,0.2952,0.2777,0.2619,0.2508,0.2443,0.2416,0.2393,0.2371,0.2323,0.2254,0.22,0.2128,0.2045,0.1971,0.1887,0.1819,0.1786,0.1674,0.1558,0.142,0.1309,0.1198,0.1108,0.1046,0.0983,0.089,0.0804,0.0745,0.0708,0.0704,0.0647,0.0599,0.0579,0.0545,0.0502,0.0456,0.0416,0.0401,0.035,0.0303,0.0294,0.0254,0.023,0.0211,0.0191,0.0164,0.0162,0.0145,0.0131,0.0116,0.0109,0.0112,0.0116,0.0117,0.0116,0.0117,0.012,0.0119,0.0114,0.0106,0.0097,0.0079,0.0067,0.0065,0.0057,0.0053,0.0046,0.0046,0.0031,0.0024,0.002,0.0015,0.001,0.0008,0.0006,0.0004,0.0002,0.0,0.0
0.4374,0.4265,0.4244,0.4193,0.4115,0.4044,0.3979,0.3912,0.3887,0.3785,0.3717,0.3681,0.3613,0.349,0.3406,0.3341,0.3281,0.3222,0.3113,0.2983,0.286,0.276,0.2692,0.2649,0.2554,0.2466,0.2398,0.2298,0.2201,0.2113,0.2034,0.1937,0.1888,0.1812,0.1759,0.1738,0.1705,0.1643,0.1586,0.1527,0.1464,0.1432,0.1386,0.1337,0.1293,0.1246,0.1233,0.1209,0.1162,0.1136,0.1084,0.1055,0.105,0.1012,0.0955,0.0917,0.0878,0.0837,0.0809,0.0768,0.0736,0.0699,0.0666,0.0629,0.0594,0.0553,0.0514,0.0476,0.0441,0.0386,0.0342,0.0302,0.0274,0.0247,0.0223,0.0195,0.0167,0.0146,0.015,0.012,0.0101,0.0091,0.0078,0.0067,0.0057,0.0044,0.0034,0.0025,0.0017,0.0012
0.4038,0.3925,0.3893,0.3821,0.3724,0.3678,0.3647,0.3579,0.3534,0.3493,0.3461,0.3375,0.3324,0.3287,0.3201,0.3066,0.2885,0.2758,0.2621,0.2521,0.2447,0.2378,0.2338,0.2335,0.2317,0.2243,0.2173,0.2093,0.1996,0.1911,0.1823,0.1706,0.1659,0.1581,0.1499,0.1457,0.1366,0.1282,0.1198,0.1124,0.104,0.0976,0.0895,0.0818,0.0748,0.0685,0.0639,0.0579,0.0518,0.0494,0.0455,0.0406,0.0373,0.0353,0.0346,0.0309,0.0279,0.0252,0.0235,0.0224,0.0215,0.0203,0.0179,0.0143,0.0118,0.0099,0.0079,0.0059,0.0044,0.0031,0.002,0.0014,0.0011,0.0008,0.0004,0.0002,0.0,0.0,0.0,0.0,0.0,0.0,0.0,0.0,0.0,0.0,0.0,0.0,0.0,0.0
0.5288,0.5139,0.5019,0.4897,0.483,0.4781,0.4744,0.4673,0.4641,0.4707,0.4624,0.4562,0.449,0.4396,0.43,0.4145,0.3963,0.3786,0.3637,0.3459,0.3303,0.3208,0.3099,0.2983,0.2902,0.2815,0.2705,0.2652,0.2517,0.2393,0.2301,0.2189,0.2099,0.2024,0.1918,0.1862,0.1804,0.172,0.1618,0.15,0.1403,0.1325,0.1254,0.1159,0.1071,0.0996,0.0928,0.0847,0.0779,0.0711,0.0652,0.0582,0.0541,0.047,0.04,0.0311,0.0229,0.0154,0.0115,0.0072,0.0042,0.0024,0.0013,0.0007,0.0002,0.0001,0.0,0.0,0.0,0.0,0.0,0.0,0.0,0.0,0.0,0.0,0.0,0.0,0.0,0.0,0.0,0.0,0.0,0.0,0.0,0.0,0.0,0.0,0.0,0.0
0.4311,0.4295,0.4264,0.418,0.4044,0.3936,0.3828,0.378,0.3667,0.3571,0.3538,0.3541,0.3522,0.3475,0.3406,0.3418,0.3362,0.3263,0.3172,0.3085,0.2981,0.286,0.2776,0.2648,0.2515,0.243,0.2323,0.2257,0.223,0.2135,0.2032,0.1937,0.1807,0.1727,0.165,0.1549,0.1515,0.1459,0.1377,0.1294,0.1217,0.1122,0.1036,0.096,0.0868,0.0784,0.0726,0.0668,0.0603,0.0546,0.05,0.0438,0.0412,0.0397,0.0359,0.0319,0.0271,0.0227,0.0192,0.0169,0.0137,0.0105,0.0082,0.0065,0.0046,0.0033,0.0025,0.002,0.001,0.0005,0.0003,0.0001,0.0,0.0,0.0,0.0,0.0,0.0,0.0,0.0,0.0,0.0,0.0,0.0,0.0,0.0,0.0,0.0,0.0,0.0
0.2102,0.2084,0.2015,0.1973,0.1917,0.1855,0.1791,0.174,0.1683,0.1605,0.1595,0.1549,0.1499,0.1438,0.1361,0.1312,0.1264,0.1239,0.1193,0.1162,0.1136,0.1116,0.1107,0.1085,0.1073,0.1037,0.1037,0.1021,0.1003,0.0972,0.0936,0.0905,0.0852,0.082,0.0801,0.0765,0.0741,0.0724,0.0702,0.0676,0.0641,0.0601,0.0566,0.0536,0.0502,0.0463,0.0433,0.0411,0.039,0.0369,0.0349,0.0332,0.032,0.0302,0.0289,0.0271,0.0253,0.0243,0.0233,0.0218,0.0206,0.0193,0.0181,0.0168,0.0154,0.0142,0.0131,0.0123,0.0105,0.0092,0.0082,0.0077,0.0067,0.0056,0.0049,0.0044,0.0041,0.0037,0.0035,0.0032,0.0032,0.0029,0.0026,0.0022,0.0018,0.0014,0.0012,0.0009,0.0006,0.0004
0.1694,0.165,0.1588,0.1552,0.1516,0.1461,0.1401,0.1366,0.1326,0.1285,0.125,0.122,0.1172,0.1124,0.108,0.1055,0.1017,0.0976,0.0938,0.0923,0.0905,0.0883,0.0883,0.0868,0.0839,0.0825,0.0828,0.0824,0.0804,0.0777,0.0756,0.0732,0.0706,0.0686,0.0667,0.0641,0.0614,0.0586,0.0563,0.0543,0.0518,0.0496,0.0473,0.0453,0.0435,0.0417,0.0403,0.0388,0.0364,0.0347,0.0332,0.0315,0.0296,0.0284,0.0266,0.0236,0.0217,0.02,0.0187,0.0176,0.0167,0.0151,0.0133,0.0119,0.0102,0.0089,0.008,0.007,0.0057,0.0047,0.0041,0.0032,0.002,0.0013,0.001,0.0008,0.0006,0.0004,0.0002,0.0002,0.0003,0.0003,0.0002,0.0002,0.0002,0.0004,0.0003,0.0004,0.0003,0.0002
0.1847,0.1825,0.1787,0.1749,0.1733,0.1693,0.163,0.1588,0.1539,0.1477,0.1422,0.1365,0.1309,0.1244,0.1195,0.1162,0.1146,0.1128,0.1101,0.1074,0.1032,0.0992,0.0953,0.0923,0.0891,0.0863,0.0837,0.0817,0.0782,0.0736,0.0699,0.0664,0.0604,0.0555,0.0508,0.0462,0.0405,0.0359,0.0329,0.0301,0.0267,0.0227,0.0183,0.0134,0.0098,0.0079,0.0061,0.0048,0.0035,0.0033,0.003,0.0025,0.0017,0.0013,0.0008,0.0004,0.0001,0.0001,0.0001,0.0001,0.0001,0.0,0.0,0.0,0.0,0.0,0.0,0.0,0.0,0.0,0.0,0.0,0.0,0.0,0.0,0.0,0.0,0.0,0.0,0.0,0.0,0.0,0.0,0.0,0.0,0.0,0.0,0.0,0.0,0.0
0.0359,0.0326,0.0287,0.0274,0.0262,0.0256,0.0276,0.0299,0.0325,0.0356,0.0339,0.0309,0.0308,0.0315,0.0324,0.0316,0.0294,0.0263,0.024,0.0213,0.0192,0.0179,0.0167,0.016,0.016,0.0151,0.013,0.0123,0.0113,0.0097,0.008,0.006,0.0037,0.0022,0.0014,0.0004,0.0,0.0,0.0,0.0,0.0,0.0,0.0,0.0,0.0,0.0,0.0,0.0,0.0,0.0,0.0,0.0,0.0,0.0,0.0,0.0,0.0,0.0,0.0,0.0,0.0,0.0,0.0,0.0,0.0,0.0,0.0,0.0,0.0,0.0,0.0,0.0,0.0,0.0,0.0,0.0,0.0,0.0,0.0,0.0,0.0,0.0,0.0,0.0,0.0,0.0,0.0,0.0,0.0,0.0
0.0039,0.0029,0.0024,0.002,0.0017,0.0015,0.0015,0.0014,0.0013,0.0013,0.0012,0.0013,0.0012,0.001,0.0009,0.0008,0.0007,0.0007,0.0006,0.0006,0.0005,0.0004,0.0004,0.0004,0.0003,0.0002,0.0002,0.0001,0.0001,0.0001,0.0001,0.0,0.0,0.0,0.0,0.0,0.0,0.0,0.0,0.0,0.0,0.0,0.0,0.0,0.0,0.0,0.0,0.0,0.0,0.0,0.0,0.0,0.0,0.0,0.0,0.0,0.0,0.0,0.0,0.0,0.0,0.0,0.0,0.0,0.0,0.0,0.0,0.0,0.0,0.0,0.0,0.0,0.0,0.0,0.0,0.0,0.0,0.0,0.0,0.0,0.0,0.0,0.0,0.0,0.0,0.0,0.0,0.0,0.0,0.0
0.037,0.036,0.0357,0.0352,0.0351,0.0353,0.0356,0.0359,0.0364,0.0365,0.0371,0.0373,0.0372,0.0373,0.0374,0.0373,0.0371,0.0371,0.0367,0.0356,0.035,0.0345,0.0346,0.0345,0.0337,0.0332,0.0328,0.0329,0.0329,0.0332,0.0332,0.0334,0.0338,0.0341,0.0341,0.0347,0.0342,0.0333,0.0325,0.0333,0.0338,0.0338,0.0338,0.034,0.0339,0.0336,0.0334,0.0332,0.0336,0.0343,0.0342,0.034,0.034,0.0337,0.0334,0.0336,0.0336,0.0326,0.0308,0.0295,0.0294,0.0293,0.0305,0.0322,0.0331,0.0334,0.0337,0.0338,0.0339,0.034,0.0337,0.0334,0.0331,0.0329,0.0328,0.0328,0.0328,0.0328,0.0331,0.0336,0.0339,0.034,0.0341,0.0341,0.0341,0.0339,0.0323,0.0331,0.0334,0.0335
0.4414,0.4381,0.4404,0.4434,0.448,0.453,0.4544,0.456,0.457,0.4598,0.461,0.4617,0.4668,0.4715,0.4795,0.4876,0.4931,0.4957,0.4935,0.4882,0.4824,0.4777,0.4754,0.4802,0.4814,0.4785,0.4775,0.4777,0.477,0.4789,0.4827,0.4858,0.4885,0.492,0.4947,0.4923,0.4825,0.4731,0.4685,0.4663,0.4652,0.4649,0.4689,0.4736,0.4786,0.478,0.4781,0.4806,0.482,0.4841,0.4858,0.4848,0.4814,0.4704,0.4624,0.46,0.4508,0.4441,0.4377,0.4338,0.4386,0.4383,0.438,0.4417,0.4431,0.4429,0.4411,0.4378,0.4398,0.4391,0.4386,0.4424,0.4405,0.4318,0.4251,0.4196,0.4136,0.4071,0.4039,0.4021,0.4009,0.399,0.3958,0.3948,0.3945,0.3933,0.3907,0.39,0.3891,0.3888
0.4928,0.4836,0.4766,0.4733,0.4697,0.4673,0.4661,0.4665,0.4641,0.4582,0.4536,0.4473,0.4377,0.4285,0.4216,0.4181,0.4152,0.413,0.4069,0.404,0.3985,0.3934,0.3853,0.3756,0.3687,0.3642,0.359,0.3536,0.3472,0.3404,0.3305,0.3218,0.3133,0.302,0.2928,0.2874,0.2876,0.2874,0.2844,0.2804,0.2765,0.2699,0.258,0.2503,0.2362,0.2442,0.2459,0.2427,0.229,0.2148,0.2019,0.1888,0.1753,0.177,0.1844,0.185,0.185,0.1844,0.185,0.182,0.172,0.1637,0.1548,0.1439,0.134,0.1261,0.1214,0.1183,0.1109,0.1029,0.104,0.1132,0.1096,0.1143,0.1152,0.1148,0.1115,0.1049,0.1017,0.0988,0.0959,0.096,0.0959,0.0947,0.096,0.0995,0.1027,0.1041,0.1051,0.1064
0.4966,0.4801,0.4658,0.4568,0.448,0.4442,0.4401,0.4363,0.4326,0.4258,0.4195,0.4123,0.4066,0.398,0.3841,0.366,0.3585,0.3526,0.3396,0.3249,0.3045,0.2934,0.2759,0.2656,0.2395,0.2136,0.1974,0.1839,0.1734,0.1632,0.1542,0.146,0.1378,0.1303,0.1239,0.118,0.1142,0.1138,0.1098,0.1052,0.1002,0.096,0.0915,0.0889,0.0864,0.0824,0.0783,0.0727,0.0672,0.0663,0.0629,0.0561,0.0496,0.0504,0.0561,0.063,0.0604,0.0555,0.0502,0.0484,0.0474,0.045,0.0428,0.0404,0.0381,0.0375,0.0323,0.026,0.0245,0.0237,0.0273,0.0335,0.0298,0.0276,0.0245,0.0218,0.0166,0.0128,0.0123,0.0115,0.0109,0.0096,0.0089,0.0105,0.0123,0.014,0.0145,0.0148,0.0167,0.0172
0.5321,0.5242,0.5166,0.5035,0.4922,0.4844,0.4773,0.4666,0.4591,0.453,0.4477,0.4425,0.4327,0.4215,0.4104,0.3972,0.389,0.3816,0.374,0.3624,0.3514,0.34,0.3341,0.3203,0.3044,0.2853,0.261,0.2402,0.2241,0.215,0.198,0.1797,0.1577,0.1351,0.1138,0.0949,0.0843,0.0724,0.0596,0.0488,0.0387,0.0317,0.0262,0.0218,0.0159,0.0115,0.0082,0.0053,0.0044,0.0034,0.0032,0.0029,0.0027,0.0024,0.0022,0.0021,0.0013,0.0005,0.0,0.0,0.0,0.0,0.0,0.0,0.0,0.0,0.0,0.0,0.0,0.0,0.0,0.0,0.0,0.0,0.0,0.0,0.0,0.0,0.0,0.0,0.0,0.0,0.0,0.0,0.0,0.0,0.0001,0.0002,0.0004,0.0003
0.4894,0.4804,0.4752,0.4684,0.4557,0.4448,0.437,0.4262,0.4137,0.4043,0.3973,0.3934,0.3847,0.3737,0.3656,0.353,0.3405,0.3265,0.3145,0.3063,0.2967,0.2849,0.2739,0.2633,0.2569,0.2483,0.2315,0.2157,0.1968,0.1851,0.1706,0.156,0.138,0.1198,0.101,0.0838,0.0681,0.0607,0.0482,0.0414,0.0292,0.0183,0.01,0.007,0.0033,0.0014,0.0004,0.0001,0.0,0.0,0.0002,0.0003,0.0005,0.0005,0.0004,0.0002,0.0001,0.0,0.0,0.0,0.0,0.0,0.0001,0.0001,0.0002,0.0001,0.0001,0.0,0.0,0.0001,0.0001,0.0002,0.0003,0.0004,0.0004,0.0006,0.0007,0.0005,0.0004,0.0005,0.0005,0.0004,0.0004,0.0004,0.0004,0.0003,0.0002,0.0001,0.0001,0.0002
0.4249,0.4186,0.4128,0.4073,0.3974,0.3799,0.367,0.3547,0.3411,0.3278,0.3152,0.301,0.289,0.2784,0.2679,0.2522,0.2318,0.209,0.189,0.1772,0.1618,0.147,0.1333,0.1208,0.1135,0.1099,0.1017,0.0892,0.0788,0.0695,0.0581,0.0512,0.0445,0.0343,0.0225,0.0116,0.0054,0.0039,0.0032,0.0029,0.0029,0.003,0.0023,0.002,0.0026,0.0037,0.0043,0.0048,0.005,0.0054,0.0058,0.006,0.0062,0.0064,0.0064,0.0058,0.0054,0.0054,0.0058,0.0063,0.0061,0.006,0.006,0.006,0.006,0.0059,0.006,0.006,0.0062,0.0063,0.0058,0.0053,0.005,0.0047,0.0039,0.0028,0.0015,0.001,0.0005,0.0003,0.0002,0.0002,0.0001,0.0001,0.0001,0.0001,0.0001,0.0001,0.0001,0.0001
