0.3353,0.322,0.3077,0.2931,0.2854,0.2709,0.2566,0.2409,0.2267,0.2168,0.2045,0.1881,0.1772,0.1703,0.159,0.1472,0.137,0.1248,0.1134,0.1027,0.0922,0.0834,0.0778,0.0724,0.068,0.063,0.0585,0.0533,0.0477,0.0427,0.0386,0.0347,0.0321,0.0286,0.0254,0.0236,0.021,0.0187,0.0168,0.0147,0.0132,0.0122,0.0114,0.0117,0.0109,0.0108,0.0114,0.0124,0.0131,0.014,0.0154,0.0168,0.0182,0.018,0.0184,0.0181,0.0175,0.0171,0.0159,0.0152,0.0152,0.0151,0.0147,0.0147,0.0145,0.0136,0.0128,0.0122,0.0123,0.0125,0.0133,0.0137,0.0136,0.0129,0.0123,0.0112,0.01,0.0097,0.0097,0.0099,0.0089,0.0081,0.0075,0.0067,0.0056,0.005,0.0047,0.0046,0.0044,0.0038
0.3759,0.3672,0.359,0.3488,0.3423,0.3351,0.3192,0.3101,0.298,0.2887,0.2778,0.266,0.2523,0.2433,0.2276,0.2099,0.1949,0.1744,0.1596,0.1481,0.1399,0.1312,0.1246,0.1179,0.1078,0.1001,0.0944,0.0905,0.0865,0.0801,0.073,0.0668,0.0628,0.0599,0.0586,0.0584,0.0582,0.0571,0.0552,0.0534,0.0532,0.0532,0.0537,0.0532,0.053,0.0536,0.0542,0.0542,0.0541,0.054,0.0539,0.0535,0.052,0.0504,0.0502,0.0499,0.0483,0.0464,0.0445,0.0447,0.0442,0.0432,0.042,0.0407,0.0392,0.0379,0.0364,0.0346,0.0333,0.0308,0.0274,0.0234,0.0203,0.0172,0.0157,0.0147,0.0129,0.0108,0.0095,0.0073,0.0054,0.0045,0.0042,0.004,0.0036,0.0034,0.0034,0.0035,0.0035,0.0035
0.4298,0.4201,0.4099,0.4007,0.3889,0.3781,0.3684,0.3615,0.3551,0.3464,0.3365,0.3326,0.3271,0.3139,0.3077,0.3004,0.2893,0.2764,0.261,0.2482,0.2371,0.2251,0.2141,0.205,0.1957,0.1874,0.1772,0.165,0.1556,0.1505,0.1417,0.1291,0.1168,0.1111,0.109,0.1063,0.104,0.0993,0.0963,0.0937,0.0894,0.0876,0.0852,0.0839,0.0831,0.0821,0.08,0.0773,0.0742,0.07,0.0654,0.0613,0.0547,0.0488,0.0431,0.0358,0.0289,0.0224,0.018,0.0144,0.0118,0.0094,0.0081,0.0068,0.0056,0.0044,0.0034,0.0026,0.0017,0.0011,0.001,0.001,0.0007,0.0006,0.0005,0.0004,0.0004,0.0003,0.0003,0.0002,0.0001,0.0001,0.0001,0.0,0.0001,0.0004,0.0006,0.0006,0.0006,0.0008
0.306,0.3026,0.296,0.289,0.2831,0.2766,0.2729,0.2644,0.2598,0.2526,0.2384,0.2274,0.2211,0.2158,0.2108,0.2025,0.1956,0.1899,0.1825,0.1752,0.1677,0.1605,0.1526,0.1477,0.1449,0.1426,0.1388,0.1349,0.1305,0.1245,0.1194,0.1179,0.1142,0.1105,0.104,0.0972,0.0896,0.0848,0.082,0.0765,0.0719,0.0664,0.0612,0.0556,0.0498,0.0437,0.0387,0.0345,0.0305,0.0282,0.0266,0.0255,0.0239,0.0231,0.022,0.021,0.0203,0.0195,0.0189,0.0185,0.0182,0.0178,0.0176,0.0174,0.0172,0.0169,0.0166,0.0163,0.0159,0.0155,0.0152,0.0147,0.0143,0.0137,0.0132,0.0127,0.0123,0.012,0.0117,0.0116,0.0114,0.0112,0.011,0.0105,0.0101,0.0096,0.0094,0.0088,0.0085,0.0084
0.1575,0.1543,0.1466,0.1399,0.1346,0.1261,0.1196,0.114,0.1073,0.1013,0.0918,0.0831,0.0788,0.0764,0.0728,0.0686,0.0655,0.0629,0.0599,0.0568,0.0514,0.0464,0.041,0.038,0.0355,0.0324,0.0293,0.0279,0.0256,0.0207,0.0181,0.0172,0.0165,0.0157,0.0135,0.0116,0.0099,0.0085,0.0066,0.0056,0.0047,0.0041,0.0037,0.0031,0.0021,0.0016,0.0013,0.0009,0.0007,0.0006,0.0006,0.0006,0.0005,0.0005,0.0005,0.0005,0.0005,0.0005,0.0005,0.0004,0.0004,0.0004,0.0004,0.0004,0.0004,0.0004,0.0004,0.0004,0.0003,0.0002,0.0001,0.0001,0.0001,0.0,0.0,0.0,0.0,0.0,0.0,0.0,0.0,0.0,0.0,0.0,0.0,0.0,0.0,0.0,0.0,0.0
0.0681,0.0653,0.0607,0.0563,0.054,0.0509,0.0464,0.0437,0.0415,0.0404,0.0373,0.0339,0.0308,0.0274,0.0238,0.021,0.0186,0.016,0.0135,0.0121,0.0099,0.0081,0.0062,0.0055,0.005,0.0042,0.0034,0.0029,0.002,0.0017,0.001,0.0007,0.0003,0.0003,0.0009,0.0016,0.0021,0.002,0.0022,0.0018,0.0013,0.0008,0.0005,0.0003,0.0001,0.0,0.0,0.0,0.0,0.0,0.0,0.0,0.0,0.0,0.0,0.0,0.0,0.0,0.0,0.0,0.0,0.0,0.0,0.0,0.0,0.0,0.0,0.0,0.0,0.0,0.0,0.0,0.0,0.0,0.0,0.0,0.0,0.0,0.0,0.0,0.0,0.0,0.0,0.0,0.0,0.0,0.0,0.0,0.0,0.0
0.1299,0.1281,0.1225,0.1131,0.1073,0.1028,0.0933,0.087,0.0805,0.0767,0.073,0.0708,0.068,0.0654,0.0644,0.0628,0.0586,0.0552,0.0532,0.0482,0.0444,0.0418,0.04,0.0385,0.0353,0.0318,0.0315,0.0324,0.0315,0.0307,0.0276,0.0256,0.0229,0.0208,0.0221,0.0217,0.0195,0.0153,0.0119,0.008,0.0048,0.0032,0.002,0.0009,0.0003,0.0,0.0,0.0,0.0,0.0,0.0,0.0,0.0,0.0,0.0,0.0,0.0,0.0,0.0,0.0,0.0,0.0,0.0,0.0,0.0,0.0,0.0,0.0,0.0,0.0,0.0,0.0,0.0,0.0,0.0,0.0,0.0,0.0,0.0,0.0,0.0,0.0,0.0,0.0,0.0,0.0,0.0,0.0,0.0,0.0
0.1763,0.1718,0.1711,0.1678,0.1631,0.1595,0.1558,0.1527,0.1475,0.139,0.1318,0.1236,0.1169,0.1084,0.1031,0.0988,0.0954,0.0901,0.086,0.0823,0.0794,0.0756,0.0722,0.0691,0.0648,0.0608,0.0562,0.0502,0.0441,0.0382,0.035,0.0314,0.0272,0.0213,0.0159,0.0117,0.0059,0.0027,0.0011,0.0004,0.0,0.0,0.0,0.0,0.0,0.0,0.0,0.0,0.0,0.0,0.0,0.0,0.0,0.0,0.0,0.0,0.0,0.0,0.0,0.0,0.0,0.0,0.0,0.0,0.0,0.0,0.0,0.0,0.0,0.0,0.0,0.0,0.0,0.0,0.0,0.0,0.0,0.0,0.0,0.0,0.0,0.0,0.0,0.0,0.0,0.0,0.0,0.0,0.0,0.0
0.0763,0.0742,0.072,0.0701,0.0675,0.0642,0.0626,0.0595,0.0582,0.055,0.0516,0.0499,0.0479,0.0451,0.0425,0.0395,0.0373,0.0331,0.03,0.0278,0.0254,0.0229,0.0207,0.0197,0.0184,0.0164,0.0145,0.0113,0.0085,0.0072,0.0062,0.0051,0.0043,0.0033,0.0023,0.0018,0.0014,0.001,0.0006,0.0004,0.0003,0.0003,0.0003,0.0002,0.0001,0.0,0.0,0.0,0.0,0.0,0.0,0.0,0.0,0.0,0.0,0.0,0.0,0.0,0.0,0.0,0.0,0.0,0.0,0.0,0.0,0.0,0.0,0.0,0.0,0.0,0.0,0.0,0.0,0.0,0.0,0.0,0.0,0.0,0.0,0.0,0.0,0.0,0.0,0.0,0.0,0.0,0.0,0.0,0.0,0.0
0.071,0.0685,0.0652,0.0644,0.0625,0.0575,0.0566,0.0541,0.0529,0.0508,0.0478,0.049,0.0497,0.0484,0.0462,0.0465,0.0438,0.0405,0.0396,0.0384,0.0358,0.0339,0.0302,0.0287,0.0302,0.0293,0.0298,0.0308,0.0301,0.0292,0.0278,0.0264,0.0257,0.023,0.0206,0.0187,0.0189,0.0172,0.0151,0.0133,0.0127,0.0115,0.0103,0.0089,0.0066,0.0055,0.0053,0.0049,0.0041,0.0033,0.0026,0.0019,0.0013,0.0009,0.0003,0.0,0.0,0.0,0.0,0.0,0.0,0.0,0.0,0.0,0.0,0.0,0.0,0.0,0.0,0.0,0.0,0.0,0.0,0.0,0.0,0.0,0.0,0.0,0.0,0.0,0.0,0.0,0.0,0.0,0.0,0.0,0.0,0.0,0.0,0.0
0.084,0.0794,0.0761,0.0726,0.0705,0.0696,0.0672,0.0652,0.0623,0.0605,0.0568,0.054,0.0506,0.047,0.0436,0.0421,0.0409,0.0376,0.0344,0.0316,0.0295,0.0279,0.0262,0.0249,0.0242,0.0223,0.0196,0.0168,0.0154,0.0143,0.0129,0.0122,0.0121,0.0119,0.0114,0.0107,0.01,0.0102,0.0098,0.0096,0.0098,0.0107,0.0107,0.0105,0.0107,0.0105,0.0096,0.0102,0.0116,0.0128,0.0135,0.0138,0.0133,0.0127,0.0118,0.0106,0.0098,0.0092,0.0087,0.0079,0.007,0.0058,0.0046,0.0036,0.0027,0.002,0.0012,0.0008,0.0004,0.0002,0.0003,0.0007,0.0009,0.0008,0.0008,0.0002,0.0,0.0,0.0,0.0,0.0,0.0,0.0,0.0,0.0,0.0,0.0,0.0,0.0,0.0
0.0763,0.0751,0.073,0.0721,0.0732,0.0714,0.0695,0.0703,0.0703,0.0691,0.067,0.0649,0.0684,0.0704,0.0708,0.0694,0.0676,0.064,0.0621,0.0624,0.0631,0.0625,0.0616,0.0609,0.0606,0.0605,0.0596,0.0572,0.0551,0.0538,0.0529,0.0507,0.051,0.0503,0.0475,0.0443,0.0411,0.0382,0.0361,0.035,0.0345,0.0338,0.0329,0.0312,0.0303,0.0296,0.0287,0.0266,0.0239,0.0231,0.0219,0.02,0.0182,0.0188,0.0182,0.0176,0.0168,0.0155,0.0148,0.015,0.0148,0.0138,0.0131,0.0118,0.0108,0.0097,0.0085,0.0076,0.0068,0.0061,0.005,0.0035,0.0024,0.0015,0.0004,0.0001,0.0,0.0,0.0,0.0,0.0,0.0,0.0,0.0,0.0,0.0,0.0,0.0,0.0,0.0
0.0893,0.0879,0.0845,0.0834,0.0832,0.0838,0.083,0.0822,0.0812,0.0798,0.0784,0.0752,0.0725,0.0711,0.0711,0.0694,0.0689,0.068,0.0646,0.0634,0.0615,0.0602,0.059,0.0576,0.0552,0.0519,0.0495,0.048,0.0472,0.045,0.0425,0.0408,0.0364,0.0323,0.0289,0.0268,0.026,0.0246,0.0231,0.022,0.0209,0.0194,0.0182,0.0175,0.0169,0.0152,0.0145,0.0136,0.0122,0.0105,0.0092,0.0082,0.0073,0.0062,0.0053,0.0048,0.0045,0.0038,0.0033,0.0024,0.0017,0.0011,0.0007,0.0004,0.0002,0.0001,0.0,0.0,0.0,0.0,0.0,0.0,0.0,0.0,0.0,0.0,0.0,0.0,0.0,0.0,0.0,0.0,0.0,0.0,0.0,0.0,0.0,0.0,0.0,0.0
0.0636,0.0622,0.0623,0.0606,0.0554,0.0508,0.0492,0.0467,0.044,0.0427,0.0421,0.0416,0.0388,0.0337,0.0263,0.0232,0.0224,0.0217,0.0206,0.0175,0.0153,0.0134,0.0122,0.0106,0.0096,0.0087,0.0079,0.0068,0.0059,0.0054,0.0048,0.0039,0.0032,0.0028,0.0022,0.0015,0.0008,0.0003,0.0001,0.0,0.0,0.0,0.0,0.0,0.0,0.0,0.0,0.0,0.0,0.0,0.0,0.0,0.0,0.0,0.0,0.0,0.0,0.0,0.0,0.0,0.0,0.0,0.0,0.0,0.0,0.0,0.0,0.0,0.0,0.0,0.0,0.0,0.0,0.0,0.0,0.0,0.0,0.0,0.0,0.0,0.0,0.0,0.0,0.0,0.0,0.0,0.0,0.0,0.0,0.0
0.0358,0.0347,0.0332,0.0321,0.0311,0.0304,0.0312,0.0318,0.03,0.0299,0.0282,0.0269,0.0274,0.0287,0.0301,0.0313,0.03,0.0263,0.02,0.0192,0.0213,0.0223,0.0228,0.0248,0.0247,0.0225,0.0217,0.0247,0.026,0.0265,0.0256,0.0247,0.0247,0.0248,0.0249,0.0252,0.0261,0.0274,0.0265,0.0257,0.025,0.0236,0.0212,0.0211,0.0185,0.0154,0.0139,0.0123,0.0111,0.0099,0.0085,0.0069,0.006,0.0048,0.0038,0.0031,0.0026,0.0022,0.0018,0.0014,0.001,0.0012,0.0015,0.0023,0.0032,0.0033,0.0035,0.0038,0.0039,0.004,0.0043,0.0042,0.0042,0.0053,0.0047,0.0038,0.0032,0.003,0.0029,0.0027,0.0021,0.001,0.0007,0.0006,0.0006,0.0008,0.0019,0.0018,0.002,0.002
0.0832,0.0852,0.0884,0.0912,0.0909,0.0888,0.0871,0.0873,0.0836,0.0804,0.0802,0.0813,0.0837,0.0852,0.0846,0.0834,0.0819,0.0811,0.0791,0.0773,0.0752,0.0744,0.0737,0.0719,0.0725,0.0697,0.0673,0.0677,0.0679,0.0664,0.065,0.0654,0.0635,0.0633,0.0624,0.0587,0.0573,0.0536,0.0511,0.0489,0.046,0.0448,0.0434,0.0424,0.0427,0.0416,0.04,0.0406,0.0413,0.0406,0.0396,0.0384,0.0366,0.0341,0.0315,0.029,0.0269,0.0255,0.0244,0.0228,0.0203,0.0192,0.0179,0.0159,0.0133,0.0115,0.0096,0.0079,0.0065,0.0049,0.0038,0.003,0.0021,0.0008,0.0003,0.0001,0.0,0.0,0.0,0.0,0.0,0.0,0.0,0.0,0.0,0.0,0.0,0.0,0.0,0.0
0.1868,0.1864,0.181,0.1797,0.1775,0.1762,0.1779,0.1749,0.1729,0.1682,0.1615,0.1559,0.1547,0.1538,0.1527,0.1485,0.1484,0.1472,0.1473,0.1459,0.1414,0.1387,0.1374,0.134,0.131,0.1271,0.1243,0.1194,0.1156,0.1108,0.1035,0.0986,0.0927,0.0862,0.081,0.0765,0.0695,0.0637,0.0621,0.0565,0.0515,0.0479,0.0444,0.0404,0.0373,0.0349,0.0315,0.0272,0.0244,0.0215,0.0183,0.0141,0.0114,0.0096,0.0079,0.0065,0.0048,0.0036,0.0024,0.0015,0.0015,0.001,0.0006,0.0003,0.0001,0.0,0.0,0.0,0.0,0.0,0.0,0.0,0.0,0.0,0.0,0.0,0.0,0.0,0.0,0.0,0.0,0.0,0.0,0.0,0.0,0.0,0.0,0.0,0.0,0.0
0.2885,0.2831,0.2679,0.2579,0.2537,0.2505,0.2467,0.2401,0.2325,0.2214,0.2088,0.197,0.1891,0.1798,0.1679,0.156,0.1443,0.1305,0.1198,0.107,0.099,0.091,0.0818,0.0746,0.0676,0.0653,0.0624,0.0568,0.0489,0.0437,0.0414,0.0383,0.036,0.0338,0.0293,0.0268,0.0243,0.0212,0.0191,0.018,0.0171,0.0158,0.0147,0.0143,0.0125,0.0114,0.0102,0.0086,0.0073,0.0063,0.0056,0.0049,0.0043,0.0036,0.0031,0.0024,0.0017,0.0012,0.0008,0.0006,0.0004,0.0003,0.0002,0.0001,0.0,0.0,0.0,0.0,0.0,0.0,0.0,0.0,0.0,0.0,0.0,0.0,0.0,0.0,0.0,0.0,0.0,0.0,0.0,0.0,0.0,0.0,0.0,0.0,0.0,0.0
0.3091,0.2959,0.2935,0.2722,0.2715,0.2695,0.2491,0.2309,0.2165,0.2009,0.1836,0.1643,0.1493,0.1362,0.1245,0.1079,0.0943,0.0812,0.0676,0.0547,0.049,0.0434,0.0381,0.0315,0.0251,0.0209,0.0167,0.0124,0.0116,0.0108,0.009,0.0066,0.0045,0.0024,0.0013,0.0008,0.0005,0.0003,0.0001,0.0,0.0,0.0,0.0,0.0,0.0,0.0,0.0,0.0,0.0,0.0,0.0,0.0,0.0,0.0,0.0,0.0,0.0,0.0,0.0,0.0,0.0,0.0,0.0,0.0,0.0,0.0,0.0,0.0,0.0,0.0,0.0,0.0,0.0,0.0,0.0,0.0,0.0,0.0,0.0,0.0,0.0,0.0,0.0,0.0,0.0,0.0,0.0,0.0,0.0,0.0
0.4067,0.3847,0.3968,0.3898,0.3815,0.3826,0.372,0.3524,0.3428,0.3294,0.3092,0.2966,0.2881,0.2814,0.2683,0.2584,0.2502,0.2465,0.239,0.2264,0.2174,0.2085,0.2017,0.1943,0.1855,0.1809,0.1724,0.164,0.1589,0.1543,0.1517,0.1464,0.1424,0.1367,0.1322,0.1306,0.1254,0.1181,0.112,0.102,0.0941,0.0871,0.0814,0.0747,0.0688,0.0633,0.0559,0.0503,0.0471,0.0443,0.0409,0.0371,0.0333,0.0284,0.0241,0.0205,0.0168,0.0139,0.0119,0.0105,0.0092,0.0075,0.006,0.0046,0.0036,0.0026,0.0018,0.001,0.0003,0.0,0.0,0.0,0.0,0.0,0.0,0.0,0.0,0.0,0.0,0.0,0.0,0.0,0.0,0.0,0.0,0.0,0.0,0.0,0.0,0.0
0.436,0.4235,0.421,0.4174,0.4107,0.4054,0.3996,0.3952,0.3884,0.3821,0.3655,0.3548,0.3442,0.3332,0.3181,0.309,0.2989,0.2885,0.2817,0.2774,0.2689,0.2567,0.2454,0.2333,0.2229,0.2127,0.2047,0.1944,0.186,0.1807,0.1732,0.1665,0.1579,0.1518,0.1494,0.1457,0.1408,0.1357,0.1337,0.129,0.1246,0.121,0.1178,0.1138,0.1097,0.1041,0.0992,0.093,0.0859,0.079,0.0716,0.061,0.0502,0.0422,0.0354,0.0311,0.0267,0.0215,0.0175,0.0141,0.0117,0.0095,0.0085,0.0075,0.0064,0.0053,0.0042,0.0031,0.0024,0.0019,0.0012,0.0007,0.0002,0.0,0.0,0.0,0.0,0.0,0.0,0.0,0.0,0.0,0.0,0.0,0.0,0.0,0.0,0.0,0.0,0.0
0.403,0.3909,0.3882,0.3846,0.3741,0.3645,0.3597,0.357,0.3519,0.3426,0.3349,0.3265,0.3173,0.3094,0.3002,0.2929,0.29,0.2827,0.2812,0.2803,0.2731,0.2614,0.2479,0.2352,0.2249,0.215,0.2068,0.1988,0.1912,0.1868,0.1803,0.174,0.1679,0.1623,0.1584,0.1536,0.1458,0.1383,0.1343,0.1237,0.1132,0.1057,0.1019,0.094,0.0868,0.0783,0.0711,0.0664,0.0598,0.0534,0.046,0.0393,0.0355,0.0324,0.0286,0.025,0.0212,0.0179,0.0161,0.013,0.0096,0.0069,0.0036,0.0014,0.0003,0.0,0.0,0.0,0.0,0.0,0.0,0.0,0.0,0.0,0.0,0.0,0.0,0.0,0.0,0.0,0.0,0.0,0.0,0.0,0.0,0.0,0.0,0.0,0.0,0.0
0.5275,0.5123,0.5002,0.4903,0.4794,0.4682,0.4589,0.4535,0.4517,0.4419,0.4352,0.4248,0.4143,0.4036,0.3933,0.3815,0.372,0.3605,0.3499,0.3449,0.3403,0.3314,0.3204,0.3028,0.2877,0.2737,0.2579,0.2432,0.2328,0.2224,0.2119,0.2027,0.1924,0.1812,0.1722,0.1571,0.1426,0.1298,0.1227,0.1194,0.1096,0.1003,0.0938,0.0923,0.0879,0.0851,0.08,0.0749,0.0701,0.0658,0.0612,0.0543,0.0452,0.0383,0.0324,0.0253,0.0184,0.0107,0.0069,0.004,0.0019,0.0006,0.0,0.0,0.0,0.0,0.0,0.0,0.0,0.0,0.0,0.0,0.0,0.0,0.0,0.0,0.0,0.0,0.0,0.0,0.0,0.0,0.0,0.0,0.0,0.0,0.0,0.0,0.0,0.0
0.4262,0.4204,0.4138,0.4019,0.388,0.3772,0.3664,0.3574,0.3485,0.3455,0.3364,0.3273,0.3173,0.3065,0.3014,0.2953,0.2881,0.2772,0.2607,0.2473,0.2403,0.2388,0.2341,0.2302,0.2255,0.2181,0.2068,0.1974,0.1831,0.1685,0.1557,0.1408,0.1267,0.1135,0.1033,0.0921,0.0838,0.0747,0.0662,0.0638,0.0593,0.0531,0.0471,0.0452,0.0425,0.0399,0.0359,0.0337,0.0335,0.033,0.0309,0.0269,0.0231,0.0204,0.0177,0.0142,0.012,0.01,0.0084,0.0067,0.0055,0.0047,0.0044,0.004,0.0032,0.0027,0.0018,0.0015,0.0012,0.0011,0.0011,0.0011,0.001,0.0009,0.0007,0.0005,0.0006,0.0006,0.0004,0.0002,0.0001,0.0001,0.0001,0.0001,0.0,0.0,0.0,0.0,0.0,0.0
0.2054,0.2005,0.1906,0.1851,0.1789,0.169,0.1596,0.1539,0.1513,0.1469,0.1419,0.1349,0.127,0.1222,0.1185,0.1159,0.1129,0.1101,0.1052,0.1005,0.099,0.0991,0.0981,0.0966,0.094,0.0908,0.0863,0.0819,0.078,0.0747,0.0734,0.0728,0.0704,0.0676,0.066,0.0637,0.0607,0.0576,0.054,0.052,0.0488,0.046,0.0438,0.0425,0.041,0.0394,0.0379,0.036,0.0341,0.0317,0.0284,0.0257,0.0236,0.0221,0.0201,0.0184,0.0173,0.0163,0.0154,0.0145,0.0138,0.0131,0.0127,0.0119,0.0108,0.0095,0.0086,0.008,0.0073,0.0064,0.0057,0.0051,0.0048,0.0044,0.0039,0.0033,0.0024,0.002,0.0015,0.0012,0.0009,0.0006,0.0002,0.0001,0.0001,0.0001,0.0001,0.0,0.0,0.0
0.1649,0.1583,0.1512,0.1456,0.1422,0.137,0.13,0.1238,0.1178,0.1151,0.1099,0.1047,0.1003,0.0967,0.0938,0.0925,0.092,0.0903,0.0881,0.0849,0.0835,0.0828,0.0817,0.0819,0.0804,0.0774,0.0752,0.0721,0.0694,0.0667,0.0664,0.0652,0.0639,0.0621,0.0598,0.058,0.0553,0.052,0.05,0.0494,0.0491,0.0472,0.045,0.0436,0.0426,0.0413,0.0403,0.0385,0.0364,0.032,0.0295,0.0272,0.0231,0.0178,0.0119,0.0085,0.0059,0.004,0.0029,0.0023,0.0015,0.001,0.0008,0.0007,0.0005,0.0003,0.0002,0.0002,0.0001,0.0,0.0,0.0,0.0,0.0,0.0,0.0,0.0,0.0,0.0,0.0,0.0,0.0,0.0,0.0,0.0,0.0,0.0,0.0,0.0,0.0
0.1803,0.1757,0.1711,0.1658,0.1633,0.1608,0.154,0.1492,0.1432,0.1385,0.1318,0.1258,0.1223,0.1195,0.1173,0.1152,0.1124,0.1091,0.1057,0.103,0.0998,0.0953,0.0924,0.0903,0.0878,0.0851,0.0833,0.0798,0.077,0.0729,0.0692,0.066,0.0626,0.0573,0.051,0.046,0.0424,0.0393,0.0362,0.0325,0.029,0.0249,0.0206,0.0178,0.0158,0.0148,0.014,0.0128,0.0108,0.0083,0.006,0.0036,0.002,0.0002,0.0,0.0,0.0,0.0,0.0,0.0,0.0,0.0,0.0,0.0,0.0,0.0,0.0,0.0,0.0,0.0,0.0,0.0,0.0,0.0,0.0,0.0,0.0,0.0,0.0,0.0,0.0,0.0,0.0,0.0,0.0,0.0,0.0,0.0,0.0,0.0
0.0353,0.0318,0.0283,0.0271,0.0257,0.0276,0.0304,0.0283,0.0254,0.025,0.0266,0.026,0.0247,0.024,0.0228,0.0219,0.0218,0.0221,0.022,0.0218,0.0198,0.0173,0.0148,0.014,0.0136,0.0125,0.0113,0.0108,0.0101,0.0103,0.0083,0.0059,0.0043,0.0028,0.0015,0.0005,0.0001,0.0,0.0,0.0,0.0,0.0,0.0,0.0,0.0,0.0,0.0,0.0,0.0,0.0,0.0,0.0,0.0,0.0,0.0,0.0,0.0,0.0,0.0,0.0,0.0,0.0,0.0,0.0,0.0,0.0,0.0,0.0,0.0,0.0,0.0,0.0,0.0,0.0,0.0,0.0,0.0,0.0,0.0,0.0,0.0,0.0,0.0,0.0,0.0,0.0,0.0,0.0,0.0,0.0
0.0038,0.0027,0.0024,0.0021,0.0017,0.0015,0.0013,0.0011,0.001,0.0009,0.0009,0.0009,0.0008,0.0007,0.0006,0.0006,0.0006,0.0006,0.0006,0.0006,0.0005,0.0005,0.0005,0.0005,0.0005,0.0004,0.0004,0.0004,0.0003,0.0002,0.0002,0.0001,0.0001,0.0001,0.0001,0.0001,0.0001,0.0001,0.0001,0.0001,0.0,0.0,0.0,0.0,0.0,0.0,0.0,0.0,0.0,0.0,0.0,0.0,0.0,0.0,0.0,0.0,0.0,0.0,0.0,0.0,0.0,0.0,0.0,0.0,0.0,0.0,0.0,0.0,0.0,0.0,0.0,0.0,0.0,0.0,0.0,0.0,0.0,0.0,0.0,0.0,0.0,0.0,0.0,0.0,0.0,0.0,0.0,0.0,0.0,0.0
0.0372,0.0361,0.0361,0.0359,0.0366,0.0372,0.038,0.0388,0.0387,0.0385,0.0378,0.0371,0.0367,0.0364,0.036,0.0356,0.0356,0.0354,0.0353,0.0354,0.0356,0.0357,0.0354,0.0352,0.0349,0.0351,0.0349,0.0347,0.0346,0.034,0.0338,0.0311,0.0294,0.028,0.0277,0.0286,0.0293,0.0297,0.0304,0.0304,0.0307,0.0316,0.0328,0.0333,0.0338,0.034,0.0343,0.0341,0.0339,0.0337,0.0336,0.0336,0.0335,0.0333,0.0329,0.0332,0.0339,0.034,0.0341,0.0341,0.0341,0.0344,0.0347,0.0345,0.0342,0.0338,0.0334,0.0329,0.0326,0.0324,0.0323,0.0331,0.0339,0.0338,0.0335,0.0327,0.0318,0.0309,0.0301,0.0295,0.0293,0.0288,0.0292,0.0294,0.0295,0.0294,0.0299,0.0305,0.0309,0.03
0.4414,0.4381,0.4443,0.4488,0.4527,0.4584,0.4612,0.455,0.4475,0.4434,0.4387,0.4366,0.4358,0.4377,0.4381,0.4401,0.4459,0.4522,0.4571,0.4626,0.4633,0.4618,0.4639,0.4729,0.4799,0.4844,0.4855,0.4871,0.4816,0.4705,0.4612,0.4517,0.441,0.4353,0.4326,0.4315,0.4309,0.4318,0.4332,0.4339,0.4355,0.4426,0.4418,0.4419,0.4452,0.4509,0.4582,0.4615,0.4577,0.456,0.4569,0.4565,0.4547,0.4498,0.4427,0.4434,0.444,0.4452,0.4447,0.4443,0.4467,0.4414,0.4338,0.4275,0.4282,0.4273,0.4273,0.4249,0.4223,0.4212,0.4213,0.4206,0.4185,0.417,0.416,0.4158,0.4141,0.4123,0.4101,0.4097,0.4093,0.4086,0.4094,0.4096,0.4073,0.4058,0.4062,0.4065,0.406,0.4034
0.4925,0.4831,0.4722,0.4707,0.4667,0.4607,0.4597,0.461,0.4637,0.464,0.4642,0.4643,0.4631,0.4595,0.4594,0.4573,0.4531,0.4465,0.4401,0.4333,0.4263,0.4199,0.4153,0.4079,0.3977,0.387,0.3792,0.3697,0.3631,0.3612,0.3591,0.3626,0.3763,0.3748,0.3668,0.3561,0.3478,0.3375,0.3269,0.3136,0.2994,0.2854,0.2735,0.2638,0.2528,0.2409,0.2298,0.2219,0.2197,0.2162,0.2107,0.2056,0.1996,0.1959,0.1955,0.188,0.1789,0.1718,0.1659,0.161,0.1539,0.1441,0.1315,0.1207,0.1138,0.1077,0.1029,0.1001,0.0971,0.0934,0.0891,0.085,0.0831,0.0798,0.076,0.0726,0.0712,0.0704,0.0689,0.0673,0.0675,0.067,0.0658,0.0673,0.0703,0.0723,0.0736,0.076,0.0796,0.0821
0.4966,0.4801,0.467,0.4546,0.4458,0.4381,0.4326,0.4278,0.4286,0.421,0.4142,0.41,0.4096,0.4086,0.4074,0.4014,0.388,0.3725,0.3571,0.3438,0.3287,0.3116,0.303,0.2867,0.2669,0.2563,0.2443,0.2304,0.2145,0.2031,0.1941,0.1907,0.1822,0.1698,0.1552,0.145,0.1376,0.1237,0.1113,0.0993,0.0991,0.0937,0.0915,0.0881,0.0853,0.0826,0.0792,0.0751,0.0723,0.0682,0.0647,0.0597,0.0551,0.0512,0.0478,0.0437,0.0377,0.0352,0.0325,0.0305,0.0278,0.0245,0.0188,0.0148,0.0119,0.0089,0.0069,0.0052,0.004,0.0027,0.0021,0.0017,0.0017,0.0018,0.0014,0.0011,0.0009,0.0008,0.0005,0.0004,0.0004,0.0003,0.0003,0.0003,0.0004,0.0005,0.0004,0.0005,0.0009,0.0011
0.532,0.5241,0.5163,0.5021,0.491,0.4822,0.4753,0.4689,0.4671,0.4623,0.4515,0.4389,0.4275,0.4153,0.4076,0.394,0.3784,0.363,0.3483,0.3319,0.3187,0.3053,0.2909,0.2765,0.2618,0.2443,0.2259,0.2089,0.1911,0.1766,0.1643,0.1535,0.1449,0.1298,0.1165,0.1012,0.0869,0.0759,0.0641,0.0544,0.0458,0.0371,0.0299,0.0234,0.0183,0.0146,0.0121,0.0099,0.008,0.0058,0.0041,0.0027,0.0018,0.0011,0.0004,0.0001,0.0,0.0,0.0,0.0,0.0,0.0,0.0,0.0,0.0,0.0,0.0,0.0,0.0,0.0,0.0,0.0,0.0,0.0,0.0,0.0,0.0,0.0,0.0,0.0,0.0,0.0,0.0,0.0,0.0,0.0,0.0,0.0,0.0,0.0
0.4881,0.4785,0.4714,0.4649,0.4498,0.4406,0.4325,0.423,0.4201,0.4156,0.4071,0.3947,0.3784,0.3712,0.3595,0.3519,0.3428,0.3327,0.3202,0.3064,0.2916,0.2785,0.2644,0.2534,0.2424,0.2292,0.2145,0.1957,0.1781,0.1636,0.1513,0.1396,0.1256,0.1121,0.0969,0.0806,0.0663,0.0549,0.0445,0.0335,0.0236,0.0196,0.0127,0.0078,0.004,0.0022,0.0012,0.0007,0.0,0.0,0.0,0.0,0.0,0.0,0.0,0.0,0.0,0.0,0.0,0.0,0.0,0.0,0.0,0.0,0.0001,0.0002,0.0002,0.0004,0.0008,0.0009,0.001,0.0009,0.0006,0.0004,0.0002,0.0,0.0,0.0001,0.0001,0.0,0.0,0.0004,0.0008,0.0009,0.0011,0.0014,0.0013,0.0014,0.0014,0.0019
0.4203,0.4121,0.4042,0.3973,0.3849,0.3682,0.3513,0.3368,0.3251,0.3121,0.3006,0.283,0.265,0.2432,0.2219,0.2036,0.1854,0.1708,0.1551,0.1403,0.1264,0.1128,0.1039,0.0946,0.0889,0.0821,0.0735,0.0657,0.0579,0.0512,0.0448,0.0397,0.0357,0.0291,0.0215,0.0142,0.0093,0.0059,0.0047,0.004,0.0038,0.0037,0.0037,0.0038,0.0037,0.0032,0.0027,0.0023,0.0015,0.0008,0.0002,0.0,0.0,0.0001,0.0008,0.0017,0.0027,0.0037,0.0045,0.0054,0.0061,0.0065,0.0064,0.0064,0.0067,0.0067,0.0062,0.0058,0.0053,0.0049,0.0047,0.0044,0.0043,0.0043,0.0044,0.0043,0.0046,0.0052,0.0056,0.0057,0.0057,0.0055,0.0054,0.0055,0.0052,0.0049,0.0046,0.0044,0.0045,0.0045
