0.347,0.338,0.3263,0.3165,0.3103,0.2972,0.2873,0.2772,0.2623,0.2493,0.2348,0.2231,0.2119,0.196,0.1894,0.1866,0.1779,0.1677,0.1555,0.1438,0.1331,0.1223,0.1124,0.0995,0.0901,0.0816,0.0755,0.0712,0.068,0.0642,0.0601,0.0544,0.0498,0.0449,0.0416,0.0391,0.0371,0.0357,0.0336,0.0318,0.0309,0.0302,0.0292,0.0282,0.0274,0.0265,0.0249,0.024,0.0223,0.0208,0.02,0.0184,0.0163,0.0162,0.0149,0.0136,0.0128,0.0131,0.0134,0.0138,0.0141,0.0146,0.015,0.0148,0.0139,0.0147,0.017,0.0176,0.0183,0.0185,0.0183,0.018,0.0177,0.0174,0.0174,0.0171,0.0177,0.0172,0.0158,0.0143,0.0133,0.0121,0.0114,0.0104,0.009,0.0079,0.0071,0.0066,0.0062,0.0056
0.3907,0.3845,0.3763,0.3656,0.3574,0.348,0.3337,0.3194,0.302,0.2915,0.2794,0.2676,0.2529,0.236,0.223,0.2126,0.2057,0.1962,0.1849,0.1724,0.1624,0.1605,0.1578,0.1537,0.1499,0.1456,0.1406,0.1354,0.1294,0.1223,0.1169,0.1105,0.1026,0.0976,0.0926,0.0876,0.0815,0.0768,0.0726,0.0698,0.0641,0.0602,0.0581,0.0572,0.056,0.0554,0.0549,0.0542,0.0531,0.0521,0.0509,0.0506,0.0501,0.0495,0.0492,0.048,0.0465,0.0462,0.0458,0.0441,0.0422,0.0398,0.0381,0.0371,0.0361,0.0338,0.0309,0.0278,0.026,0.0241,0.0223,0.0209,0.0195,0.0183,0.0168,0.0159,0.0154,0.0143,0.0123,0.0112,0.0096,0.0087,0.0088,0.0072,0.0056,0.0053,0.0045,0.004,0.0039,0.0036
0.4359,0.4275,0.4202,0.4142,0.4059,0.4018,0.3909,0.3822,0.3774,0.3732,0.3673,0.3584,0.3474,0.3345,0.3265,0.3151,0.3097,0.3008,0.29,0.2812,0.2718,0.2653,0.2523,0.2393,0.2278,0.2164,0.2067,0.195,0.1892,0.1798,0.1718,0.1658,0.1573,0.1495,0.1433,0.1376,0.1318,0.1256,0.1179,0.1096,0.1023,0.0954,0.0915,0.0888,0.0834,0.0782,0.0745,0.0718,0.0689,0.0662,0.0632,0.0603,0.0572,0.0551,0.0531,0.0508,0.0481,0.0451,0.0407,0.0362,0.0318,0.0271,0.0235,0.0213,0.0193,0.0174,0.0138,0.0111,0.0082,0.006,0.0046,0.0036,0.0021,0.0017,0.0017,0.0019,0.0019,0.0019,0.0016,0.0014,0.0013,0.0015,0.0015,0.0013,0.0014,0.0017,0.0019,0.0021,0.0025,0.003
0.3106,0.3087,0.3067,0.3006,0.2975,0.2907,0.2894,0.2835,0.2844,0.279,0.2757,0.2695,0.2676,0.2625,0.2541,0.2431,0.2319,0.2224,0.2145,0.2072,0.1982,0.1832,0.1677,0.1558,0.1446,0.1353,0.1286,0.1237,0.1207,0.119,0.1168,0.1143,0.1106,0.1063,0.1013,0.0956,0.0898,0.0856,0.0803,0.0761,0.0738,0.0702,0.0647,0.0578,0.052,0.0472,0.0444,0.0426,0.0406,0.0391,0.0378,0.0365,0.0351,0.0327,0.0302,0.0281,0.0267,0.024,0.0205,0.019,0.0184,0.0176,0.0169,0.0163,0.0156,0.015,0.0143,0.0138,0.0132,0.0127,0.012,0.0116,0.0113,0.0109,0.0107,0.01,0.0097,0.0095,0.0097,0.0094,0.0093,0.0091,0.009,0.0085,0.008,0.0074,0.0068,0.0063,0.0057,0.0053
0.1562,0.1522,0.1456,0.1385,0.1313,0.1243,0.1186,0.1124,0.1041,0.0956,0.0854,0.0783,0.0727,0.0692,0.0641,0.0621,0.056,0.0513,0.0467,0.0426,0.0405,0.0378,0.0347,0.0327,0.0307,0.0294,0.028,0.0273,0.0264,0.0252,0.024,0.0228,0.0216,0.0201,0.0187,0.0165,0.0147,0.0124,0.0108,0.0096,0.0088,0.008,0.0071,0.0057,0.0039,0.003,0.0022,0.0016,0.0012,0.0009,0.0007,0.0006,0.0005,0.0005,0.0005,0.0005,0.0005,0.0005,0.0003,0.0003,0.0003,0.0002,0.0002,0.0002,0.0001,0.0001,0.0001,0.0001,0.0,0.0,0.0,0.0,0.0,0.0,0.0,0.0,0.0,0.0,0.0,0.0,0.0,0.0,0.0,0.0,0.0,0.0,0.0,0.0,0.0,0.0
0.0683,0.0659,0.0613,0.0574,0.0556,0.0523,0.0487,0.0465,0.0429,0.0417,0.0371,0.0349,0.0307,0.0261,0.0229,0.019,0.0149,0.0117,0.0091,0.007,0.0055,0.0037,0.0019,0.001,0.0007,0.0007,0.0007,0.0006,0.0004,0.0003,0.0002,0.0001,0.0001,0.0001,0.0,0.0,0.0,0.0,0.0,0.0,0.0,0.0,0.0,0.0,0.0,0.0,0.0,0.0,0.0,0.0,0.0,0.0,0.0,0.0,0.0,0.0,0.0,0.0,0.0,0.0,0.0,0.0,0.0,0.0,0.0,0.0,0.0,0.0,0.0,0.0,0.0,0.0,0.0,0.0,0.0,0.0,0.0,0.0,0.0,0.0,0.0,0.0,0.0,0.0,0.0,0.0,0.0,0.0,0.0,0.0
0.1322,0.1312,0.1263,0.1166,0.1134,0.1103,0.1036,0.1017,0.0977,0.097,0.0937,0.094,0.0918,0.0896,0.0903,0.0916,0.0918,0.0912,0.0901,0.0884,0.0864,0.083,0.0801,0.0757,0.0722,0.0701,0.067,0.0636,0.0597,0.0565,0.0531,0.0492,0.0458,0.0432,0.039,0.0356,0.0323,0.031,0.0286,0.0268,0.0242,0.022,0.0207,0.017,0.016,0.0139,0.012,0.0093,0.007,0.0059,0.0047,0.0035,0.0025,0.0011,0.0003,0.0,0.0,0.0,0.0,0.0,0.0,0.0,0.0,0.0,0.0,0.0,0.0,0.0,0.0,0.0,0.0,0.0,0.0,0.0,0.0,0.0,0.0,0.0,0.0,0.0,0.0,0.0,0.0,0.0,0.0,0.0,0.0,0.0,0.0,0.0
0.176,0.1728,0.172,0.1686,0.1627,0.1588,0.1549,0.1485,0.1424,0.1346,0.1276,0.1194,0.1136,0.1066,0.099,0.0887,0.0792,0.0723,0.0673,0.063,0.0575,0.0525,0.0492,0.0464,0.0442,0.041,0.0385,0.0364,0.0344,0.032,0.0297,0.0276,0.0256,0.0234,0.0226,0.0214,0.0199,0.019,0.0169,0.0145,0.0126,0.0114,0.0093,0.0079,0.0064,0.0056,0.0054,0.005,0.0045,0.0033,0.0024,0.0015,0.0012,0.0009,0.0005,0.0002,0.0,0.0,0.0,0.0,0.0,0.0,0.0,0.0,0.0,0.0,0.0,0.0,0.0,0.0,0.0,0.0,0.0,0.0,0.0,0.0,0.0,0.0,0.0,0.0,0.0,0.0,0.0,0.0,0.0,0.0,0.0,0.0,0.0,0.0
0.083,0.0806,0.0787,0.0772,0.074,0.071,0.0693,0.067,0.0645,0.0616,0.0585,0.055,0.0509,0.0477,0.0444,0.0399,0.0347,0.0288,0.024,0.0196,0.0146,0.011,0.0085,0.0066,0.0054,0.0044,0.0034,0.0027,0.0023,0.002,0.0017,0.0016,0.0013,0.0011,0.0009,0.0007,0.0006,0.0004,0.0003,0.0002,0.0002,0.0004,0.0006,0.0005,0.0005,0.0006,0.0006,0.0007,0.0006,0.0006,0.0011,0.001,0.001,0.0011,0.0011,0.001,0.0009,0.0011,0.0014,0.0014,0.0013,0.0011,0.001,0.0009,0.0007,0.0006,0.0006,0.0004,0.0002,0.0002,0.0,0.0,0.0,0.0,0.0,0.0,0.0,0.0,0.0,0.0,0.0,0.0,0.0,0.0,0.0,0.0,0.0,0.0,0.0,0.0
0.0776,0.076,0.0732,0.0715,0.0696,0.065,0.0638,0.0633,0.0636,0.0626,0.0618,0.0616,0.0601,0.0599,0.0583,0.0556,0.0529,0.0504,0.0485,0.0473,0.0463,0.0451,0.0446,0.0447,0.0449,0.0447,0.046,0.0471,0.0478,0.0474,0.0466,0.0457,0.0446,0.0428,0.0406,0.0386,0.0384,0.0369,0.0358,0.0364,0.0354,0.0337,0.032,0.0301,0.0279,0.0269,0.0258,0.0247,0.0229,0.021,0.0206,0.0185,0.0162,0.0149,0.0134,0.0113,0.0093,0.0077,0.0074,0.0057,0.0046,0.0039,0.0031,0.0028,0.0023,0.002,0.0019,0.0014,0.0009,0.0005,0.0001,0.0,0.0,0.0,0.0,0.0,0.0,0.0,0.0,0.0,0.0,0.0,0.0,0.0,0.0,0.0,0.0,0.0,0.0,0.0
0.0948,0.0904,0.088,0.0853,0.0841,0.0827,0.0798,0.0772,0.0739,0.0709,0.0673,0.064,0.0611,0.0576,0.0548,0.0544,0.0497,0.0488,0.0463,0.0439,0.0426,0.0402,0.0366,0.0336,0.0323,0.0312,0.0288,0.0253,0.0239,0.0223,0.0208,0.0198,0.0188,0.0175,0.0159,0.015,0.0146,0.0142,0.0128,0.012,0.0115,0.011,0.0098,0.0091,0.0077,0.007,0.0069,0.0067,0.0064,0.0061,0.0058,0.0068,0.0068,0.007,0.0075,0.0073,0.0068,0.0064,0.0069,0.007,0.0067,0.0063,0.006,0.0061,0.0059,0.0056,0.0044,0.003,0.0022,0.0015,0.0011,0.0008,0.0004,0.0001,0.0001,0.0,0.0,0.0001,0.0005,0.0,0.0,0.0,0.0,0.0,0.0,0.0,0.0,0.0,0.0,0.0
0.0802,0.0784,0.0762,0.0752,0.0769,0.0787,0.0799,0.0803,0.0802,0.079,0.0777,0.0761,0.0727,0.0706,0.0676,0.0681,0.0668,0.0641,0.0621,0.0615,0.0605,0.059,0.0584,0.0572,0.0568,0.0557,0.0537,0.0492,0.0477,0.0457,0.0442,0.0432,0.0426,0.042,0.0409,0.04,0.0388,0.0379,0.0365,0.035,0.0342,0.0331,0.0319,0.0311,0.0296,0.0288,0.0276,0.0263,0.0246,0.0232,0.021,0.0186,0.0166,0.0146,0.0127,0.0117,0.0109,0.0102,0.0083,0.0063,0.005,0.0039,0.0034,0.0027,0.0021,0.0016,0.0012,0.0009,0.0006,0.0003,0.0001,0.0,0.0,0.0,0.0,0.0,0.0,0.0,0.0,0.0,0.0,0.0,0.0,0.0,0.0,0.0,0.0,0.0,0.0,0.0
0.0857,0.0837,0.0811,0.079,0.0765,0.0742,0.0725,0.0713,0.0697,0.0696,0.0682,0.067,0.0668,0.0631,0.0593,0.055,0.0553,0.0517,0.0496,0.0468,0.0456,0.0431,0.0411,0.0404,0.0377,0.0351,0.0322,0.0297,0.0273,0.025,0.023,0.0214,0.0205,0.0197,0.0187,0.0178,0.016,0.0155,0.0141,0.0124,0.0106,0.0099,0.0094,0.0076,0.0058,0.0045,0.0033,0.0019,0.0013,0.0008,0.0005,0.0001,0.0,0.0,0.0,0.0,0.0,0.0,0.0,0.0,0.0,0.0,0.0,0.0,0.0,0.0,0.0,0.0,0.0,0.0,0.0,0.0,0.0,0.0,0.0,0.0,0.0,0.0,0.0,0.0,0.0,0.0,0.0,0.0,0.0,0.0,0.0,0.0,0.0,0.0
0.0607,0.0594,0.0593,0.0582,0.0546,0.051,0.0467,0.0426,0.0392,0.0371,0.0357,0.0337,0.0329,0.0311,0.0298,0.0277,0.0259,0.0242,0.0215,0.0194,0.0175,0.0169,0.0151,0.0135,0.0123,0.0109,0.009,0.0072,0.0062,0.0057,0.0051,0.0041,0.0035,0.003,0.0026,0.0022,0.0018,0.0013,0.0008,0.0006,0.0004,0.0003,0.0001,0.0,0.0,0.0,0.0,0.0,0.0,0.0,0.0,0.0,0.0,0.0,0.0,0.0,0.0,0.0,0.0,0.0,0.0,0.0,0.0,0.0,0.0,0.0,0.0,0.0,0.0,0.0,0.0,0.0,0.0,0.0,0.0,0.0,0.0,0.0,0.0,0.0,0.0,0.0,0.0,0.0,0.0,0.0,0.0,0.0,0.0,0.0
0.0357,0.035,0.0338,0.0325,0.0302,0.0279,0.0262,0.0251,0.0245,0.0241,0.0234,0.0233,0.0222,0.0209,0.0217,0.0225,0.0231,0.0228,0.0217,0.0213,0.0196,0.0173,0.0159,0.0147,0.0137,0.0101,0.0077,0.0063,0.0053,0.0047,0.002,0.0014,0.0012,0.001,0.001,0.0007,0.0006,0.0003,0.0002,0.0001,0.0,0.0,0.0,0.0,0.0,0.0,0.0,0.0,0.0,0.0,0.0,0.0,0.0,0.0,0.0,0.0,0.0,0.0,0.0,0.0,0.0,0.0,0.0,0.0,0.0,0.0,0.0,0.0,0.0,0.0,0.0,0.0,0.0,0.0,0.0,0.0,0.0,0.0,0.0,0.0,0.0,0.0,0.0,0.0,0.0,0.0,0.0,0.0,0.0,0.0
0.0929,0.096,0.0994,0.1021,0.1014,0.0998,0.0993,0.0954,0.0888,0.0846,0.0809,0.0778,0.0751,0.0713,0.0694,0.0681,0.0658,0.0658,0.0649,0.0642,0.0615,0.0596,0.0585,0.0557,0.0548,0.0525,0.047,0.0422,0.0365,0.0331,0.0285,0.0251,0.0231,0.0215,0.0222,0.0201,0.0193,0.0167,0.0141,0.0127,0.0122,0.01,0.0077,0.0076,0.0066,0.0048,0.004,0.0031,0.0021,0.0012,0.0006,0.0001,0.0,0.0,0.0,0.0,0.0,0.0,0.0,0.0,0.0,0.0,0.0,0.0,0.0,0.0,0.0,0.0,0.0,0.0,0.0,0.0,0.0,0.0,0.0,0.0,0.0,0.0,0.0,0.0,0.0,0.0,0.0,0.0,0.0,0.0,0.0,0.0,0.0,0.0
0.202,0.2006,0.1944,0.1979,0.2001,0.2005,0.1981,0.1939,0.1871,0.1805,0.1749,0.1683,0.1618,0.1595,0.1583,0.1513,0.1475,0.1444,0.1396,0.1352,0.1328,0.1277,0.1259,0.1214,0.1162,0.111,0.1055,0.1002,0.0943,0.0881,0.0859,0.0812,0.0773,0.072,0.0697,0.0644,0.0578,0.0539,0.0474,0.0429,0.0416,0.0375,0.031,0.0264,0.0232,0.019,0.0164,0.0148,0.0131,0.0114,0.0101,0.0089,0.0075,0.006,0.0051,0.0044,0.0031,0.0023,0.0017,0.0014,0.0009,0.0006,0.0004,0.0002,0.0001,0.0001,0.0001,0.0001,0.0001,0.0,0.0,0.0,0.0,0.0,0.0,0.0,0.0,0.0,0.0,0.0,0.0,0.0,0.0,0.0,0.0,0.0,0.0,0.0,0.0,0.0
0.2997,0.2931,0.278,0.2699,0.2712,0.2719,0.2675,0.2591,0.2486,0.2395,0.23,0.218,0.2017,0.1908,0.1855,0.1815,0.1724,0.1585,0.1458,0.1324,0.1192,0.1095,0.0996,0.0937,0.0873,0.0814,0.0798,0.0776,0.0741,0.0699,0.0637,0.0598,0.0541,0.0509,0.0449,0.0402,0.0356,0.0308,0.0301,0.0275,0.0238,0.0214,0.0199,0.0166,0.0132,0.0113,0.0098,0.0079,0.0062,0.0048,0.0039,0.0032,0.0028,0.0026,0.0024,0.0025,0.0023,0.0023,0.002,0.0017,0.0015,0.001,0.0009,0.0007,0.0006,0.0005,0.0004,0.0003,0.0003,0.0002,0.0002,0.0001,0.0001,0.0001,0.0001,0.0001,0.0001,0.0001,0.0001,0.0,0.0,0.0,0.0,0.0,0.0,0.0,0.0,0.0,0.0,0.0
0.3166,0.3071,0.3021,0.2841,0.2799,0.273,0.2601,0.2587,0.2409,0.2159,0.2015,0.1882,0.1708,0.1473,0.144,0.1331,0.1146,0.0992,0.0911,0.084,0.0758,0.0681,0.0599,0.0545,0.0509,0.0463,0.0406,0.0347,0.0283,0.022,0.016,0.0103,0.007,0.0057,0.0047,0.0046,0.0044,0.0041,0.0035,0.0028,0.0025,0.0042,0.0035,0.0022,0.0017,0.002,0.0027,0.0032,0.0033,0.0032,0.0023,0.0016,0.0012,0.0011,0.0008,0.0007,0.0005,0.0002,0.0,0.0,0.0,0.0,0.0,0.0,0.0,0.0,0.0,0.0,0.0,0.0,0.0,0.0,0.0,0.0,0.0,0.0,0.0,0.0,0.0,0.0,0.0,0.0,0.0,0.0,0.0,0.0,0.0,0.0,0.0,0.0
0.404,0.3877,0.3955,0.3873,0.377,0.3771,0.374,0.3661,0.3689,0.3369,0.3248,0.3188,0.313,0.3006,0.2914,0.2709,0.2583,0.2439,0.2295,0.2191,0.2089,0.2022,0.1939,0.1861,0.1808,0.1765,0.1673,0.1555,0.1472,0.1402,0.1307,0.1223,0.1141,0.1065,0.1023,0.1074,0.1082,0.1067,0.1041,0.0988,0.0936,0.0916,0.0897,0.0845,0.0796,0.0795,0.0779,0.0745,0.0705,0.0665,0.0609,0.0545,0.0489,0.0456,0.0404,0.0374,0.033,0.0293,0.0264,0.0234,0.0216,0.0194,0.0185,0.0172,0.0144,0.013,0.0121,0.011,0.0097,0.009,0.009,0.0089,0.007,0.0058,0.0051,0.0035,0.0031,0.0034,0.0034,0.0027,0.0019,0.0016,0.0014,0.0011,0.0008,0.0005,0.0004,0.0004,0.0004,0.0003
0.4249,0.4138,0.4127,0.4058,0.3962,0.3936,0.3866,0.3726,0.3721,0.3623,0.3533,0.347,0.3406,0.3358,0.3252,0.3137,0.2991,0.2795,0.2643,0.2507,0.237,0.2257,0.2182,0.2088,0.2,0.1888,0.1812,0.1752,0.1693,0.1622,0.1561,0.1491,0.1434,0.1381,0.135,0.1285,0.1218,0.1141,0.1056,0.0997,0.0948,0.0901,0.0837,0.0788,0.0729,0.0633,0.0529,0.0437,0.0366,0.0305,0.026,0.022,0.0187,0.0152,0.0129,0.0113,0.0116,0.0112,0.0099,0.0093,0.0081,0.0071,0.0061,0.0062,0.0061,0.0048,0.0038,0.0037,0.0036,0.0033,0.0032,0.0029,0.0029,0.0029,0.0025,0.0025,0.002,0.0014,0.0011,0.0011,0.001,0.0007,0.0006,0.0005,0.0005,0.0005,0.0005,0.0003,0.0001,0.0001
0.3942,0.3845,0.3801,0.3721,0.3622,0.3518,0.3366,0.329,0.3258,0.3223,0.3154,0.305,0.2961,0.2918,0.2796,0.2702,0.2545,0.239,0.2237,0.2166,0.2063,0.196,0.1908,0.183,0.173,0.1641,0.1577,0.1506,0.142,0.1352,0.128,0.1192,0.109,0.1019,0.0972,0.0865,0.0744,0.0637,0.0529,0.0441,0.0365,0.0301,0.0233,0.0177,0.0135,0.0103,0.0072,0.0052,0.0037,0.0022,0.0009,0.0001,0.0,0.0,0.0,0.0,0.0,0.0,0.0,0.0,0.0,0.0,0.0,0.0,0.0,0.0,0.0,0.0,0.0,0.0,0.0,0.0,0.0,0.0,0.0,0.0,0.0,0.0,0.0,0.0,0.0,0.0,0.0,0.0,0.0,0.0,0.0,0.0,0.0,0.0
0.4999,0.4831,0.4697,0.456,0.4383,0.4232,0.4158,0.4076,0.3992,0.3952,0.3899,0.378,0.3712,0.3663,0.3596,0.3534,0.3417,0.3216,0.2999,0.279,0.2634,0.2462,0.2322,0.2196,0.209,0.2015,0.1883,0.1766,0.1635,0.1476,0.1311,0.1155,0.1019,0.0866,0.0769,0.065,0.0511,0.0418,0.0342,0.0285,0.0219,0.0175,0.0122,0.008,0.0056,0.0041,0.0031,0.0021,0.0015,0.0009,0.0004,0.0001,0.0,0.0,0.0,0.0,0.0,0.0,0.0,0.0,0.0,0.0,0.0,0.0,0.0,0.0,0.0,0.0,0.0,0.0,0.0,0.0,0.0,0.0,0.0,0.0,0.0,0.0,0.0,0.0,0.0,0.0,0.0,0.0,0.0,0.0,0.0,0.0,0.0,0.0
0.424,0.4221,0.4182,0.4087,0.3971,0.3865,0.3771,0.3691,0.361,0.3528,0.3469,0.3437,0.3344,0.3263,0.3187,0.3108,0.3095,0.3045,0.2972,0.2829,0.2722,0.2618,0.2451,0.232,0.2194,0.2062,0.193,0.1805,0.17,0.1579,0.145,0.1346,0.1259,0.1134,0.1051,0.0992,0.0891,0.0791,0.0711,0.0643,0.057,0.0523,0.0452,0.0361,0.0284,0.0229,0.0172,0.0148,0.011,0.0085,0.005,0.0017,0.0003,0.0,0.0,0.0,0.0,0.0,0.0,0.0,0.0,0.0,0.0,0.0,0.0,0.0,0.0,0.0,0.0,0.0,0.0,0.0,0.0,0.0,0.0,0.0,0.0,0.0,0.0,0.0,0.0,0.0,0.0,0.0,0.0,0.0,0.0,0.0,0.0,0.0
0.2189,0.2165,0.2102,0.2057,0.2007,0.1945,0.1881,0.1821,0.1761,0.1711,0.1652,0.1615,0.1541,0.1428,0.1365,0.1308,0.1259,0.1223,0.1189,0.1144,0.1134,0.1119,0.1079,0.1038,0.1013,0.0968,0.0936,0.0902,0.0863,0.0828,0.0781,0.0748,0.0737,0.0731,0.0707,0.0681,0.0652,0.0632,0.0619,0.0597,0.0563,0.0529,0.0487,0.0439,0.0394,0.0348,0.0312,0.0277,0.0248,0.0218,0.0198,0.0178,0.0158,0.0142,0.013,0.0116,0.0098,0.0083,0.0066,0.0054,0.0045,0.0039,0.0029,0.0018,0.0012,0.0008,0.0005,0.0002,0.0002,0.0001,0.0,0.0,0.0,0.0,0.0,0.0,0.0,0.0,0.0,0.0,0.0,0.0,0.0,0.0,0.0,0.0,0.0,0.0,0.0,0.0
0.1688,0.164,0.1579,0.1553,0.1525,0.1476,0.1409,0.1358,0.1318,0.1268,0.1231,0.1204,0.1147,0.1083,0.1061,0.0998,0.0942,0.0921,0.0916,0.0898,0.0855,0.0828,0.0835,0.0815,0.08,0.0785,0.0772,0.0749,0.0734,0.0726,0.071,0.0689,0.0673,0.0629,0.0596,0.0571,0.0548,0.0516,0.0457,0.0405,0.0358,0.0317,0.0294,0.0267,0.024,0.0198,0.0174,0.0154,0.0124,0.0101,0.0084,0.0073,0.0064,0.006,0.0053,0.0046,0.0037,0.0031,0.0022,0.0016,0.0012,0.0009,0.0006,0.0005,0.0004,0.0003,0.0002,0.0001,0.0001,0.0,0.0,0.0,0.0,0.0,0.0,0.0,0.0,0.0,0.0,0.0,0.0,0.0,0.0,0.0,0.0,0.0,0.0,0.0,0.0,0.0
0.1853,0.1836,0.1808,0.1774,0.1752,0.1718,0.166,0.1602,0.1548,0.1478,0.1434,0.1408,0.1377,0.1321,0.1292,0.1217,0.1155,0.1104,0.1077,0.1045,0.0983,0.0929,0.0865,0.0806,0.0753,0.0686,0.0628,0.059,0.0547,0.0506,0.0485,0.0454,0.0395,0.0339,0.0292,0.0253,0.0221,0.0184,0.015,0.0119,0.009,0.0053,0.0027,0.0009,0.0002,0.0,0.0,0.0,0.0,0.0,0.0,0.0,0.0,0.0,0.0,0.0,0.0,0.0,0.0,0.0,0.0,0.0,0.0,0.0,0.0,0.0,0.0,0.0,0.0,0.0,0.0,0.0,0.0,0.0,0.0,0.0,0.0,0.0,0.0,0.0,0.0,0.0,0.0,0.0,0.0,0.0,0.0,0.0,0.0,0.0
0.0331,0.0295,0.0253,0.0251,0.0255,0.0231,0.0239,0.0268,0.0288,0.0317,0.0306,0.0262,0.0232,0.0213,0.0166,0.0117,0.0103,0.0099,0.0101,0.0109,0.0097,0.0065,0.0042,0.0027,0.0015,0.0011,0.0008,0.0006,0.0005,0.0004,0.0008,0.0009,0.0002,0.0,0.0,0.0,0.0,0.0,0.0,0.0,0.0,0.0,0.0,0.0,0.0,0.0,0.0,0.0,0.0,0.0,0.0,0.0,0.0,0.0,0.0,0.0,0.0,0.0,0.0,0.0,0.0,0.0,0.0,0.0,0.0,0.0,0.0,0.0,0.0,0.0,0.0,0.0,0.0,0.0,0.0,0.0,0.0,0.0,0.0,0.0,0.0,0.0,0.0,0.0,0.0,0.0,0.0,0.0,0.0,0.0
0.0033,0.0025,0.0021,0.0018,0.0014,0.0012,0.0011,0.0011,0.001,0.0009,0.0008,0.0007,0.0008,0.0007,0.0007,0.0007,0.0006,0.0006,0.0005,0.0005,0.0003,0.0002,0.0002,0.0002,0.0001,0.0001,0.0001,0.0001,0.0001,0.0001,0.0001,0.0001,0.0001,0.0001,0.0,0.0,0.0,0.0,0.0,0.0,0.0,0.0,0.0,0.0,0.0,0.0,0.0,0.0,0.0,0.0,0.0,0.0,0.0,0.0,0.0,0.0,0.0,0.0,0.0,0.0,0.0,0.0,0.0,0.0,0.0,0.0,0.0,0.0,0.0,0.0,0.0,0.0,0.0,0.0,0.0,0.0,0.0,0.0,0.0,0.0,0.0,0.0,0.0,0.0,0.0,0.0,0.0,0.0,0.0,0.0
0.0312,0.031,0.0316,0.0321,0.0324,0.033,0.0343,0.0349,0.034,0.0343,0.0348,0.0356,0.0364,0.0369,0.0368,0.0366,0.0366,0.0363,0.036,0.0358,0.0356,0.0351,0.0356,0.0352,0.0351,0.0349,0.0284,0.021,0.0146,0.0126,0.0105,0.0103,0.0104,0.011,0.0124,0.0126,0.0135,0.0152,0.0151,0.0148,0.015,0.0172,0.0191,0.0197,0.0198,0.0175,0.0148,0.0123,0.0102,0.0094,0.0093,0.0094,0.009,0.0092,0.0089,0.0088,0.0104,0.0142,0.0149,0.0129,0.0114,0.011,0.0145,0.0183,0.0189,0.0191,0.0197,0.0197,0.0206,0.0207,0.0206,0.0222,0.0222,0.0233,0.0246,0.0254,0.0259,0.0248,0.0241,0.0239,0.0248,0.0255,0.0259,0.0262,0.0283,0.0292,0.0301,0.0303,0.0292,0.0287
0.4208,0.4174,0.4196,0.4236,0.4287,0.4349,0.442,0.4448,0.4437,0.4474,0.4499,0.4536,0.4578,0.4619,0.4653,0.4706,0.4745,0.4762,0.4782,0.4789,0.4744,0.4711,0.4689,0.4682,0.4658,0.4542,0.4397,0.4221,0.404,0.3883,0.3753,0.3661,0.3594,0.3591,0.3647,0.3674,0.3746,0.3798,0.3782,0.3732,0.369,0.367,0.3676,0.3673,0.3641,0.3576,0.3499,0.3343,0.32,0.3112,0.3083,0.3034,0.2998,0.2966,0.2942,0.292,0.2926,0.2954,0.2948,0.2913,0.2863,0.2809,0.2772,0.2786,0.2801,0.2789,0.2757,0.273,0.2718,0.2719,0.2701,0.268,0.2667,0.2672,0.2697,0.2756,0.2822,0.2841,0.2807,0.2832,0.2824,0.2852,0.2864,0.2833,0.2797,0.2751,0.2757,0.278,0.2791,0.2823
0.4756,0.4686,0.4618,0.4574,0.454,0.4509,0.444,0.4403,0.4378,0.4306,0.425,0.4157,0.4074,0.3993,0.3949,0.3899,0.3778,0.3738,0.3682,0.3632,0.3636,0.3626,0.3614,0.3547,0.3443,0.3523,0.3627,0.3688,0.3707,0.3742,0.3752,0.3729,0.3649,0.3557,0.3431,0.3307,0.3154,0.2996,0.2944,0.3068,0.3077,0.3007,0.2904,0.278,0.2661,0.2586,0.2566,0.2542,0.2484,0.2418,0.2267,0.2168,0.208,0.1965,0.1864,0.1824,0.1714,0.1486,0.1324,0.1255,0.1219,0.1181,0.1113,0.0995,0.0895,0.0851,0.0805,0.079,0.0759,0.0717,0.0686,0.0658,0.059,0.0508,0.0408,0.0315,0.0254,0.023,0.0221,0.0152,0.0136,0.0106,0.0065,0.0051,0.0042,0.0036,0.0061,0.0116,0.0155,0.0213
0.4721,0.4518,0.4362,0.4245,0.4118,0.3976,0.3856,0.3759,0.3695,0.358,0.346,0.3339,0.3207,0.3068,0.302,0.292,0.2815,0.2783,0.2722,0.2709,0.2656,0.2608,0.2533,0.2416,0.2251,0.2152,0.2169,0.2075,0.1993,0.1936,0.189,0.1805,0.1726,0.1651,0.1585,0.1502,0.1402,0.1279,0.1216,0.1141,0.0994,0.087,0.0742,0.0613,0.0505,0.042,0.0342,0.0338,0.0274,0.0229,0.0175,0.0137,0.0113,0.0092,0.0077,0.0058,0.0036,0.0014,0.0007,0.0003,0.0002,0.0001,0.0,0.0,0.0,0.0,0.0,0.0,0.0,0.0,0.0,0.0,0.0,0.0,0.0,0.0,0.0,0.0,0.0,0.0,0.0,0.0,0.0,0.0,0.0,0.0,0.0,0.0,0.0,0.0
0.5474,0.5367,0.5271,0.5085,0.4899,0.4762,0.459,0.4446,0.4314,0.4173,0.4026,0.3878,0.3705,0.3553,0.3405,0.325,0.3127,0.2989,0.2849,0.2744,0.2641,0.2534,0.2416,0.2278,0.2175,0.2075,0.199,0.1778,0.1659,0.148,0.1265,0.1123,0.1006,0.0893,0.0782,0.0676,0.0584,0.0514,0.0412,0.0279,0.0182,0.0114,0.0064,0.0038,0.0023,0.0016,0.0014,0.0012,0.0004,0.0001,0.0,0.0,0.0,0.0,0.0,0.0,0.0,0.0,0.0,0.0,0.0,0.0,0.0,0.0,0.0,0.0,0.0,0.0,0.0,0.0,0.0,0.0,0.0,0.0,0.0,0.0,0.0,0.0,0.0,0.0,0.0,0.0,0.0,0.0,0.0,0.0,0.0,0.0,0.0,0.0
0.4854,0.4783,0.4736,0.4679,0.4587,0.4497,0.4422,0.4306,0.4218,0.414,0.4051,0.4008,0.3956,0.3872,0.3841,0.3774,0.3713,0.3591,0.3499,0.3349,0.3247,0.3163,0.3056,0.2932,0.2796,0.2654,0.255,0.2406,0.2239,0.2088,0.1862,0.1663,0.1531,0.1375,0.1215,0.1076,0.0936,0.0816,0.0645,0.0504,0.0401,0.0339,0.0274,0.0229,0.0188,0.0143,0.0108,0.011,0.0096,0.0071,0.0043,0.0022,0.0007,0.0001,0.0,0.0,0.0,0.0,0.0001,0.0001,0.0002,0.0002,0.0001,0.0001,0.0,0.0,0.0,0.0,0.0001,0.0001,0.0002,0.0001,0.0001,0.0001,0.0001,0.0,0.0,0.0,0.0,0.0,0.0,0.0,0.0,0.0,0.0001,0.0005,0.001,0.0015,0.0021,0.0026
0.4255,0.4191,0.4125,0.4077,0.3995,0.3862,0.3726,0.3583,0.3402,0.3254,0.313,0.3047,0.2935,0.2831,0.2725,0.261,0.2477,0.2389,0.229,0.2209,0.2095,0.1945,0.1781,0.1632,0.1469,0.1319,0.1189,0.1117,0.1037,0.0984,0.0914,0.0825,0.0779,0.0692,0.0614,0.0569,0.0496,0.047,0.0473,0.0468,0.0458,0.0436,0.041,0.0379,0.0348,0.0304,0.0273,0.0246,0.0202,0.0195,0.0185,0.0181,0.0156,0.0148,0.014,0.0127,0.0122,0.0118,0.01,0.0094,0.0085,0.0079,0.0071,0.0056,0.0057,0.0047,0.0036,0.0027,0.0021,0.0013,0.0008,0.0007,0.0006,0.0004,0.0002,0.0001,0.0001,0.0007,0.0016,0.0022,0.0029,0.0038,0.0054,0.0063,0.0065,0.0074,0.0077,0.0072,0.007,0.0067
