0.3227,0.3117,0.3103,0.3048,0.2992,0.2952,0.292,0.2859,0.2788,0.2697,0.2575,0.2472,0.2349,0.2219,0.2111,0.2023,0.1943,0.1906,0.1833,0.173,0.1693,0.1632,0.1548,0.1475,0.1366,0.1229,0.1089,0.1005,0.0917,0.084,0.077,0.0708,0.0638,0.0565,0.0525,0.0446,0.0339,0.0258,0.0187,0.0141,0.0109,0.0085,0.0056,0.0036,0.0023,0.0017,0.0013,0.0011,0.0007,0.0001,0.0,0.0,0.0,0.0,0.0,0.0,0.0,0.0,0.0,0.0,0.0,0.0,0.0,0.0,0.0,0.0,0.0,0.0,0.0,0.0,0.0,0.0,0.0,0.0,0.0,0.0,0.0,0.0,0.0,0.0,0.0,0.0,0.0,0.0,0.0,0.0,0.0,0.0,0.0,0.0
0.3896,0.3724,0.3626,0.3496,0.3378,0.3206,0.3035,0.2878,0.2724,0.2567,0.2466,0.2367,0.2286,0.2169,0.2059,0.1968,0.1863,0.1743,0.1596,0.1418,0.1288,0.119,0.109,0.1023,0.085,0.0695,0.0538,0.0425,0.036,0.0298,0.0269,0.0228,0.0198,0.0157,0.0144,0.0116,0.0097,0.0081,0.0067,0.0058,0.0044,0.0031,0.0017,0.0007,0.0002,0.0,0.0,0.0,0.0,0.0,0.0,0.0,0.0,0.0,0.0,0.0,0.0,0.0,0.0,0.0,0.0,0.0,0.0,0.0,0.0,0.0,0.0,0.0,0.0,0.0,0.0,0.0,0.0,0.0,0.0,0.0,0.0,0.0,0.0,0.0,0.0,0.0,0.0,0.0,0.0,0.0,0.0,0.0,0.0,0.0
0.549,0.5371,0.5244,0.518,0.5082,0.5009,0.4913,0.4769,0.4682,0.4527,0.44,0.4259,0.4117,0.4002,0.3911,0.376,0.3637,0.3496,0.3384,0.3254,0.3122,0.2974,0.288,0.2811,0.2627,0.2482,0.2313,0.2134,0.2003,0.1875,0.179,0.1657,0.1534,0.1402,0.1298,0.1176,0.1079,0.1014,0.0909,0.0803,0.0663,0.0528,0.0409,0.0324,0.0206,0.013,0.0096,0.0061,0.0036,0.002,0.0012,0.0006,0.0004,0.0001,0.0001,0.0001,0.0,0.0,0.0,0.0,0.0,0.0,0.0,0.0,0.0,0.0,0.0,0.0,0.0,0.0,0.0,0.0,0.0,0.0,0.0,0.0,0.0,0.0,0.0,0.0,0.0,0.0,0.0,0.0,0.0,0.0,0.0,0.0,0.0,0.0
0.4257,0.421,0.4166,0.4168,0.4132,0.4127,0.4131,0.4143,0.4096,0.4069,0.3991,0.3949,0.3896,0.385,0.3805,0.3759,0.3701,0.3638,0.3612,0.3587,0.3512,0.3429,0.3303,0.319,0.3215,0.3129,0.3039,0.2889,0.2723,0.2559,0.2415,0.2263,0.2149,0.2039,0.1939,0.1826,0.1685,0.156,0.1416,0.1232,0.1032,0.0855,0.0679,0.0559,0.0456,0.0378,0.0313,0.0248,0.0194,0.0146,0.0115,0.0085,0.0065,0.0045,0.0034,0.0028,0.002,0.0014,0.001,0.0008,0.0006,0.0002,0.0,0.0,0.0,0.0,0.0,0.0,0.0,0.0,0.0,0.0,0.0,0.0,0.0,0.0,0.0,0.0,0.0,0.0,0.0,0.0,0.0,0.0,0.0,0.0,0.0,0.0,0.0,0.0
0.2347,0.2316,0.2212,0.2073,0.2003,0.1953,0.19,0.1861,0.1822,0.1814,0.1771,0.1708,0.1628,0.1551,0.1483,0.1411,0.1345,0.1295,0.1252,0.1162,0.1058,0.0996,0.0894,0.0818,0.0804,0.0763,0.0716,0.0661,0.057,0.0477,0.0394,0.0345,0.0316,0.0286,0.0251,0.0206,0.0142,0.0092,0.0061,0.0032,0.0009,0.0002,0.0001,0.0,0.0,0.0,0.0,0.0,0.0,0.0,0.0,0.0,0.0,0.0,0.0,0.0,0.0,0.0,0.0,0.0,0.0,0.0,0.0,0.0,0.0,0.0,0.0,0.0,0.0,0.0,0.0,0.0,0.0,0.0,0.0,0.0,0.0,0.0,0.0,0.0,0.0,0.0,0.0,0.0,0.0,0.0,0.0,0.0,0.0,0.0
0.0768,0.0764,0.0736,0.0739,0.0751,0.0716,0.072,0.0698,0.067,0.0645,0.0613,0.0578,0.0546,0.0532,0.0506,0.0499,0.0485,0.0475,0.0448,0.0416,0.0401,0.0382,0.0346,0.0309,0.0271,0.0249,0.0229,0.021,0.0195,0.0177,0.0161,0.014,0.0121,0.0108,0.01,0.0093,0.0083,0.0072,0.0062,0.0057,0.006,0.0077,0.0098,0.011,0.0112,0.0115,0.011,0.0117,0.0128,0.0128,0.0121,0.0114,0.0106,0.0109,0.0105,0.0101,0.0103,0.0097,0.0094,0.0088,0.0096,0.0093,0.0076,0.0079,0.0071,0.0066,0.0062,0.0061,0.006,0.0063,0.0059,0.0069,0.0068,0.0068,0.0065,0.0064,0.0066,0.0071,0.0075,0.0076,0.008,0.0078,0.0082,0.0084,0.0083,0.0086,0.0082,0.0083,0.007,0.0055
0.1229,0.1215,0.1188,0.1133,0.1057,0.0993,0.0972,0.0977,0.0946,0.0918,0.0901,0.0876,0.0839,0.0837,0.0822,0.0814,0.0806,0.0812,0.0787,0.0743,0.0742,0.0728,0.0705,0.0667,0.0659,0.0663,0.0648,0.0595,0.0551,0.0548,0.056,0.0584,0.0592,0.0597,0.059,0.0582,0.0584,0.058,0.057,0.0552,0.0524,0.0502,0.0487,0.0454,0.0432,0.0409,0.0398,0.037,0.034,0.0327,0.0319,0.0311,0.0303,0.0296,0.0283,0.0271,0.0255,0.0247,0.0237,0.0226,0.0211,0.0205,0.0201,0.0193,0.0182,0.0162,0.0153,0.0144,0.0139,0.0136,0.0132,0.0123,0.0123,0.0112,0.0101,0.009,0.0091,0.0086,0.0085,0.0083,0.0082,0.0072,0.0064,0.0061,0.0055,0.0076,0.0078,0.0077,0.0078,0.0058
0.1913,0.1893,0.1893,0.1818,0.1725,0.1655,0.1572,0.1514,0.1486,0.1447,0.1427,0.1412,0.1391,0.1355,0.1333,0.1309,0.1273,0.1239,0.1228,0.1216,0.1157,0.1083,0.1044,0.1002,0.0958,0.0901,0.0882,0.0869,0.0846,0.0808,0.0764,0.0704,0.0652,0.0631,0.0612,0.0591,0.0559,0.0525,0.0486,0.0453,0.0417,0.0382,0.0377,0.0351,0.0324,0.0312,0.0302,0.0288,0.0281,0.0268,0.0263,0.0255,0.0256,0.0242,0.0255,0.0253,0.0244,0.0232,0.0219,0.0211,0.0196,0.0188,0.0167,0.0162,0.0162,0.0154,0.0151,0.0154,0.0154,0.0163,0.0181,0.0181,0.0204,0.0208,0.0203,0.0206,0.0217,0.0228,0.023,0.0232,0.024,0.0235,0.0229,0.0234,0.0233,0.0234,0.0238,0.0217,0.0191,0.0163
0.1423,0.1408,0.1428,0.1432,0.1411,0.1386,0.1324,0.1244,0.1191,0.1157,0.112,0.1094,0.1057,0.1025,0.0999,0.098,0.0964,0.0954,0.0948,0.094,0.0909,0.0883,0.0858,0.0847,0.0814,0.0803,0.0767,0.0768,0.0747,0.0718,0.0703,0.0705,0.0696,0.0707,0.0709,0.0697,0.0687,0.0689,0.0687,0.0681,0.0673,0.065,0.063,0.0618,0.0614,0.0604,0.0595,0.0586,0.0569,0.0562,0.0548,0.053,0.0524,0.0509,0.0487,0.0472,0.0457,0.0444,0.0433,0.0422,0.0409,0.0414,0.0403,0.0387,0.0377,0.0359,0.0344,0.0335,0.0326,0.0307,0.0291,0.0276,0.0243,0.0223,0.0211,0.0199,0.0179,0.0158,0.0147,0.0123,0.0115,0.0104,0.0098,0.0093,0.0093,0.0082,0.0076,0.007,0.0056,0.0046
0.1116,0.109,0.1037,0.1029,0.1015,0.1007,0.0991,0.0979,0.0961,0.094,0.0914,0.0893,0.0886,0.0878,0.0873,0.0873,0.0875,0.0868,0.0861,0.0847,0.0801,0.077,0.0747,0.0741,0.0715,0.068,0.0673,0.0663,0.0641,0.0609,0.059,0.0555,0.0534,0.0513,0.0492,0.0466,0.0438,0.0421,0.041,0.0388,0.0366,0.0328,0.0291,0.0269,0.0248,0.023,0.0208,0.019,0.0171,0.0152,0.0145,0.0132,0.0118,0.0109,0.0084,0.0065,0.0054,0.0046,0.0044,0.0037,0.004,0.0039,0.0035,0.003,0.0027,0.0019,0.0012,0.001,0.0008,0.0004,0.0003,0.0002,0.0002,0.0002,0.0001,0.0,0.0,0.0,0.0,0.0,0.0,0.0,0.0,0.0,0.0,0.0,0.0,0.0,0.0,0.0
0.111,0.1095,0.1043,0.0997,0.097,0.0936,0.0893,0.0855,0.0821,0.0794,0.0765,0.0713,0.0676,0.0636,0.059,0.0561,0.0538,0.0505,0.0463,0.0429,0.0386,0.0338,0.0301,0.0292,0.0264,0.0224,0.0209,0.0178,0.0158,0.0132,0.0117,0.0104,0.0095,0.008,0.0063,0.0057,0.0053,0.0046,0.0041,0.0038,0.0034,0.0033,0.0034,0.0036,0.003,0.003,0.0034,0.0035,0.0036,0.0034,0.003,0.0028,0.0031,0.0033,0.0034,0.0039,0.0045,0.0049,0.0049,0.0043,0.0039,0.0029,0.0023,0.002,0.0016,0.0014,0.0011,0.0009,0.0005,0.0003,0.0,0.0,0.0001,0.0,0.0,0.0,0.0001,0.0001,0.0001,0.0001,0.0,0.0,0.0,0.0,0.0,0.0,0.0,0.0,0.0,0.0
0.0865,0.0851,0.0815,0.0798,0.0776,0.0739,0.0701,0.0641,0.0612,0.0582,0.0529,0.0488,0.046,0.046,0.0459,0.0458,0.0459,0.0468,0.0449,0.0447,0.0436,0.0421,0.0397,0.0397,0.0416,0.0386,0.0398,0.0417,0.0409,0.0398,0.0385,0.0367,0.0357,0.0348,0.0351,0.0341,0.0323,0.0308,0.0294,0.0285,0.0279,0.0268,0.0249,0.0244,0.0228,0.0215,0.0219,0.0221,0.0211,0.0199,0.0187,0.0168,0.0149,0.0131,0.0116,0.0098,0.008,0.0064,0.0051,0.004,0.0025,0.0021,0.0015,0.001,0.0006,0.0004,0.0001,0.0001,0.0,0.0,0.0,0.0,0.0,0.0,0.0,0.0,0.0,0.0,0.0,0.0,0.0,0.0,0.0,0.0,0.0,0.0,0.0,0.0,0.0,0.0
0.0805,0.0787,0.0761,0.0724,0.0711,0.0694,0.0682,0.0665,0.0653,0.0653,0.0649,0.0643,0.0621,0.0609,0.0595,0.0568,0.0534,0.0484,0.046,0.0409,0.0391,0.0373,0.0355,0.0323,0.0293,0.0272,0.0245,0.0216,0.0198,0.0189,0.0178,0.0166,0.0155,0.0147,0.0134,0.0118,0.0106,0.0095,0.0083,0.0071,0.0058,0.0046,0.0038,0.003,0.0024,0.0017,0.0009,0.0002,0.0,0.0,0.0,0.0,0.0,0.0,0.0,0.0,0.0,0.0,0.0,0.0,0.0,0.0,0.0,0.0,0.0,0.0,0.0,0.0,0.0,0.0,0.0,0.0,0.0,0.0,0.0,0.0,0.0,0.0,0.0,0.0,0.0,0.0,0.0,0.0,0.0,0.0,0.0,0.0,0.0,0.0
0.0421,0.0393,0.0377,0.0349,0.0325,0.0309,0.0299,0.0286,0.0273,0.0257,0.0257,0.0243,0.0224,0.0196,0.017,0.0147,0.0126,0.011,0.0093,0.0078,0.0067,0.0055,0.0047,0.0037,0.0028,0.0019,0.0012,0.0008,0.0004,0.0001,0.0,0.0,0.0,0.0,0.0,0.0,0.0,0.0,0.0,0.0,0.0,0.0,0.0,0.0,0.0,0.0,0.0,0.0,0.0,0.0,0.0,0.0,0.0,0.0,0.0,0.0,0.0,0.0,0.0,0.0,0.0,0.0,0.0,0.0,0.0,0.0,0.0,0.0,0.0,0.0,0.0,0.0,0.0,0.0,0.0,0.0,0.0,0.0,0.0,0.0,0.0,0.0,0.0,0.0,0.0,0.0,0.0,0.0,0.0,0.0
0.0469,0.043,0.0443,0.038,0.0341,0.0295,0.0285,0.0268,0.0258,0.0243,0.0218,0.0184,0.0183,0.016,0.0148,0.0151,0.0143,0.0131,0.0121,0.0111,0.0114,0.0115,0.011,0.0108,0.0101,0.0109,0.012,0.0112,0.0107,0.0117,0.0125,0.0141,0.0156,0.0154,0.014,0.0126,0.0137,0.0144,0.0147,0.0146,0.0138,0.0132,0.0132,0.014,0.0148,0.0152,0.0146,0.0141,0.0136,0.0122,0.0125,0.0133,0.0126,0.0116,0.0108,0.01,0.0092,0.0082,0.0071,0.0062,0.0053,0.004,0.0029,0.0019,0.0015,0.0011,0.0003,0.0,0.0,0.0,0.0,0.0,0.0,0.0,0.0001,0.0001,0.0001,0.0002,0.0002,0.0003,0.0004,0.0002,0.0,0.0,0.0,0.0,0.0,0.0,0.0,0.0
0.1528,0.1477,0.1438,0.1427,0.1372,0.1322,0.1291,0.129,0.1273,0.1246,0.1189,0.1137,0.114,0.1124,0.1072,0.1032,0.1007,0.095,0.0896,0.0875,0.0853,0.0827,0.0819,0.081,0.0785,0.0784,0.08,0.078,0.0753,0.0752,0.0741,0.072,0.0713,0.0696,0.0637,0.059,0.0533,0.0497,0.0466,0.0408,0.0354,0.0306,0.0264,0.024,0.0237,0.0221,0.0192,0.0162,0.0137,0.0122,0.0102,0.0088,0.0079,0.007,0.0057,0.0044,0.0033,0.0023,0.0016,0.001,0.0005,0.0001,0.0,0.0,0.0,0.0,0.0,0.0,0.0,0.0,0.0,0.0,0.0,0.0,0.0,0.0,0.0,0.0,0.0,0.0,0.0,0.0,0.0,0.0,0.0,0.0,0.0,0.0,0.0,0.0
0.2609,0.2557,0.2445,0.239,0.2334,0.2296,0.2247,0.2245,0.2248,0.2202,0.2145,0.2121,0.2061,0.2067,0.2013,0.1945,0.1905,0.1846,0.176,0.1707,0.1674,0.1633,0.1588,0.1528,0.146,0.1408,0.1375,0.1334,0.1271,0.1208,0.1146,0.1079,0.1027,0.0969,0.0907,0.0858,0.0785,0.0735,0.0701,0.0649,0.0592,0.054,0.0483,0.0421,0.0391,0.0361,0.031,0.0269,0.0239,0.0206,0.0176,0.0157,0.0145,0.0128,0.0111,0.0093,0.0074,0.0056,0.0042,0.0031,0.0021,0.0012,0.0006,0.0001,0.0001,0.0,0.0,0.0,0.0,0.0,0.0,0.0,0.0,0.0,0.0,0.0,0.0,0.0,0.0,0.0,0.0,0.0,0.0,0.0,0.0,0.0,0.0,0.0,0.0,0.0
0.3133,0.3077,0.2995,0.2827,0.2757,0.2677,0.2593,0.2505,0.2433,0.2405,0.2367,0.2292,0.22,0.2059,0.1973,0.1917,0.1847,0.1823,0.1766,0.1673,0.1581,0.1505,0.1434,0.1353,0.1323,0.1263,0.1177,0.1145,0.1134,0.1091,0.104,0.0985,0.0928,0.0886,0.0863,0.0828,0.08,0.0782,0.0738,0.0708,0.067,0.0628,0.0581,0.0542,0.0477,0.0408,0.0371,0.0338,0.03,0.0261,0.0225,0.0197,0.0168,0.0136,0.0107,0.0082,0.0061,0.0045,0.0031,0.002,0.001,0.0004,0.0001,0.0,0.0,0.0,0.0,0.0,0.0,0.0,0.0,0.0,0.0,0.0,0.0,0.0,0.0,0.0,0.0,0.0,0.0,0.0,0.0,0.0,0.0,0.0,0.0,0.0,0.0,0.0
0.3356,0.3255,0.3167,0.3084,0.2958,0.2856,0.275,0.2638,0.2564,0.2507,0.2436,0.2355,0.2253,0.2181,0.2031,0.193,0.1825,0.1726,0.1627,0.1561,0.148,0.1395,0.1345,0.1244,0.1157,0.1084,0.0955,0.085,0.0794,0.0757,0.0703,0.0644,0.0635,0.0622,0.0598,0.0561,0.0539,0.0513,0.0479,0.0438,0.0424,0.0394,0.0367,0.0335,0.0294,0.0258,0.024,0.0235,0.0237,0.0219,0.0194,0.0171,0.0149,0.0129,0.0105,0.0083,0.0069,0.0055,0.0041,0.0031,0.0024,0.0015,0.0009,0.0003,0.0,0.0,0.0,0.0,0.0,0.0,0.0,0.0,0.0,0.0,0.0,0.0,0.0,0.0,0.0,0.0,0.0,0.0,0.0,0.0,0.0,0.0,0.0,0.0,0.0,0.0
0.4227,0.4207,0.4173,0.4121,0.4039,0.4003,0.3956,0.3864,0.3766,0.3709,0.3678,0.3626,0.3545,0.3509,0.3405,0.3338,0.3273,0.3188,0.3133,0.3094,0.3027,0.2957,0.2861,0.2763,0.2657,0.2587,0.2454,0.2309,0.2251,0.2185,0.2107,0.2016,0.1965,0.1929,0.1872,0.1779,0.1696,0.1617,0.1597,0.1532,0.1489,0.1396,0.1284,0.1162,0.1076,0.0959,0.0878,0.0831,0.0805,0.0752,0.0678,0.0607,0.0546,0.0491,0.0436,0.0377,0.0323,0.0286,0.025,0.0208,0.0164,0.0136,0.0093,0.0068,0.0036,0.0014,0.0007,0.0002,0.0,0.0,0.0,0.0,0.0,0.0,0.0,0.0,0.0,0.0,0.0,0.0,0.0,0.0,0.0,0.0,0.0,0.0,0.0,0.0,0.0,0.0
0.4215,0.4188,0.4141,0.4114,0.4079,0.4037,0.3977,0.391,0.3826,0.3753,0.3714,0.3686,0.3646,0.3643,0.3558,0.3482,0.3454,0.3377,0.3295,0.3241,0.3166,0.3077,0.3005,0.2878,0.2788,0.2684,0.2612,0.2535,0.2452,0.2372,0.2302,0.2237,0.2148,0.2084,0.2035,0.1997,0.1965,0.1897,0.1856,0.1812,0.1744,0.1702,0.1638,0.1578,0.1535,0.1476,0.1388,0.1332,0.1264,0.1178,0.1108,0.1016,0.0937,0.0872,0.0825,0.0776,0.0731,0.0693,0.0661,0.0627,0.0595,0.0571,0.0516,0.0466,0.0394,0.0316,0.0267,0.0236,0.0178,0.0138,0.0104,0.0071,0.0044,0.0022,0.0013,0.0007,0.0004,0.0001,0.0,0.0,0.0,0.0,0.0,0.0,0.0,0.0,0.0,0.0,0.0,0.0
0.3502,0.3451,0.3432,0.3422,0.3366,0.3306,0.3252,0.3192,0.3111,0.3023,0.2943,0.2893,0.2839,0.2801,0.2776,0.2675,0.2603,0.2584,0.2512,0.2423,0.2365,0.2289,0.2249,0.2223,0.2153,0.2105,0.208,0.2037,0.1933,0.1819,0.1722,0.1653,0.1577,0.1473,0.1404,0.1355,0.1298,0.1209,0.114,0.1102,0.104,0.0978,0.094,0.0904,0.0866,0.0855,0.0799,0.0744,0.0727,0.0698,0.0674,0.0622,0.0568,0.0524,0.049,0.0451,0.0409,0.0348,0.0294,0.0259,0.0232,0.0242,0.0233,0.0195,0.018,0.0172,0.015,0.0135,0.0129,0.0118,0.011,0.0097,0.0083,0.0066,0.0052,0.0041,0.0037,0.003,0.0018,0.0007,0.0002,0.0,0.0,0.0,0.0,0.0,0.0,0.0,0.0,0.0
0.1987,0.1911,0.1843,0.182,0.1744,0.1659,0.1615,0.1552,0.1485,0.1424,0.1375,0.1338,0.1293,0.1248,0.1296,0.129,0.1238,0.1214,0.1182,0.1106,0.1065,0.1049,0.1008,0.0982,0.0915,0.0844,0.0815,0.0765,0.0711,0.067,0.062,0.0569,0.0512,0.046,0.0412,0.0351,0.0277,0.022,0.0181,0.0148,0.0124,0.0109,0.0098,0.009,0.0086,0.0079,0.0068,0.0064,0.0064,0.0061,0.0053,0.0041,0.0029,0.0022,0.0017,0.0011,0.0007,0.0004,0.0003,0.0001,0.0,0.0,0.0,0.0,0.0,0.0,0.0,0.0,0.0,0.0,0.0,0.0,0.0,0.0,0.0,0.0,0.0,0.0,0.0,0.0,0.0,0.0,0.0,0.0,0.0,0.0,0.0,0.0,0.0,0.0
0.2192,0.2127,0.2066,0.2001,0.1951,0.1864,0.1821,0.1768,0.17,0.1611,0.1492,0.1392,0.1306,0.1235,0.122,0.1129,0.1051,0.1009,0.0989,0.0937,0.0893,0.0842,0.0801,0.0778,0.0715,0.0678,0.0636,0.0587,0.0533,0.0484,0.0439,0.0384,0.0337,0.0296,0.0254,0.0216,0.0167,0.0129,0.0097,0.0079,0.0067,0.0051,0.0038,0.0026,0.0015,0.0009,0.0006,0.0004,0.0003,0.0002,0.0002,0.0001,0.0,0.0,0.0,0.0,0.0,0.0,0.0,0.0,0.0,0.0,0.0,0.0,0.0,0.0,0.0,0.0,0.0,0.0,0.0,0.0,0.0002,0.0005,0.0006,0.0007,0.0007,0.0004,0.0001,0.0001,0.0001,0.0003,0.0005,0.0007,0.0012,0.0015,0.0016,0.0016,0.0017,0.0022
0.1494,0.1463,0.1443,0.139,0.1348,0.1303,0.1279,0.1254,0.1223,0.1187,0.1144,0.1103,0.1069,0.1027,0.1001,0.0966,0.0934,0.0885,0.0852,0.0792,0.0739,0.0704,0.0672,0.0661,0.0649,0.0623,0.0614,0.059,0.0553,0.0528,0.0484,0.0449,0.0428,0.0422,0.0404,0.0382,0.0351,0.0326,0.0292,0.0275,0.0256,0.0236,0.0212,0.0186,0.0164,0.0146,0.0132,0.0113,0.0097,0.0108,0.0095,0.0097,0.0086,0.0077,0.0082,0.0086,0.0089,0.0093,0.0096,0.0106,0.0119,0.0119,0.012,0.0117,0.0118,0.0119,0.0125,0.0126,0.0125,0.0124,0.0126,0.0123,0.0122,0.0115,0.0106,0.0105,0.0108,0.0104,0.0093,0.009,0.0098,0.0101,0.01,0.0095,0.0116,0.0126,0.0123,0.0121,0.0127,0.0149
0.1679,0.1624,0.1617,0.1609,0.1576,0.1535,0.1492,0.1441,0.1406,0.138,0.1366,0.1339,0.1318,0.1281,0.1255,0.1223,0.1191,0.1145,0.1127,0.1098,0.1079,0.1066,0.102,0.0992,0.0968,0.0946,0.0923,0.0929,0.0905,0.0873,0.0847,0.0819,0.0795,0.0767,0.0732,0.0705,0.069,0.066,0.0638,0.0622,0.0633,0.0631,0.062,0.0605,0.0584,0.0562,0.0556,0.0542,0.0534,0.0543,0.0533,0.0528,0.0535,0.0528,0.0518,0.0504,0.0488,0.0474,0.0463,0.0443,0.0417,0.0403,0.0395,0.0376,0.0351,0.034,0.0325,0.0313,0.0312,0.0308,0.0297,0.0275,0.0255,0.024,0.0222,0.0207,0.0195,0.0187,0.0187,0.0178,0.0167,0.0149,0.0131,0.0118,0.0117,0.0112,0.0104,0.0095,0.0089,0.009
0.1463,0.1474,0.1475,0.147,0.1459,0.1478,0.1475,0.1454,0.1436,0.141,0.1402,0.1413,0.1434,0.1445,0.1418,0.1391,0.1391,0.1389,0.1366,0.1352,0.1331,0.1321,0.1293,0.1263,0.1245,0.1229,0.1209,0.1187,0.116,0.112,0.109,0.1053,0.1021,0.0985,0.0942,0.089,0.0833,0.0715,0.0663,0.0617,0.0552,0.0495,0.0456,0.042,0.0394,0.0369,0.0346,0.0322,0.0297,0.028,0.0254,0.022,0.0189,0.0166,0.0147,0.0125,0.0106,0.0094,0.0085,0.0071,0.0053,0.0047,0.0046,0.0037,0.0033,0.0028,0.002,0.0013,0.0009,0.001,0.0005,0.0003,0.0002,0.0002,0.0002,0.0001,0.0,0.0,0.0,0.0,0.0,0.0,0.0,0.0,0.0,0.0,0.0,0.0,0.0,0.0
0.1046,0.1016,0.0985,0.0953,0.0935,0.0902,0.0877,0.0887,0.0892,0.0916,0.0913,0.0887,0.0828,0.0778,0.0771,0.0759,0.0698,0.0656,0.0636,0.0654,0.0637,0.0573,0.0547,0.0521,0.049,0.0437,0.0387,0.0351,0.0324,0.0298,0.0285,0.0265,0.0246,0.0216,0.0183,0.0152,0.0119,0.0103,0.0086,0.0061,0.0028,0.0013,0.0007,0.0003,0.0002,0.0,0.0,0.0,0.0,0.0,0.0,0.0,0.0,0.0,0.0,0.0,0.0,0.0,0.0,0.0,0.0,0.0,0.0,0.0,0.0,0.0,0.0,0.0,0.0,0.0,0.0,0.0,0.0,0.0,0.0,0.0,0.0,0.0,0.0,0.0,0.0,0.0,0.0,0.0,0.0,0.0,0.0,0.0,0.0,0.0
0.0325,0.029,0.0273,0.0264,0.0265,0.0254,0.0236,0.0227,0.0226,0.0216,0.0205,0.0184,0.0159,0.0138,0.0121,0.0102,0.0085,0.0073,0.0063,0.0057,0.0047,0.0041,0.0036,0.0034,0.0034,0.0031,0.0028,0.0027,0.0024,0.002,0.0017,0.0012,0.0009,0.0008,0.0006,0.0006,0.0006,0.0005,0.0005,0.0005,0.0004,0.0004,0.0003,0.0003,0.0002,0.0002,0.0002,0.0002,0.0002,0.0002,0.0001,0.0001,0.0001,0.0001,0.0001,0.0001,0.0001,0.0001,0.0001,0.0001,0.0001,0.0001,0.0001,0.0001,0.0,0.0,0.0,0.0,0.0,0.0,0.0,0.0,0.0,0.0,0.0,0.0,0.0,0.0,0.0,0.0,0.0,0.0,0.0,0.0,0.0,0.0,0.0,0.0,0.0,0.0
0.0399,0.039,0.038,0.0373,0.0372,0.036,0.0346,0.0334,0.0323,0.0317,0.033,0.0336,0.034,0.0348,0.0346,0.0335,0.0335,0.0346,0.0351,0.0352,0.0351,0.0352,0.0357,0.0356,0.0348,0.0349,0.0373,0.0378,0.0376,0.0379,0.0379,0.0375,0.0365,0.0363,0.0364,0.0364,0.0362,0.0359,0.0354,0.035,0.0349,0.0343,0.034,0.0334,0.0321,0.0316,0.0317,0.0319,0.0321,0.033,0.033,0.0324,0.0327,0.0322,0.0302,0.0277,0.0254,0.0257,0.025,0.0254,0.0273,0.0279,0.0281,0.0273,0.0264,0.0255,0.0267,0.0249,0.0214,0.0197,0.0202,0.0186,0.0166,0.0146,0.0148,0.0162,0.0163,0.0157,0.0154,0.016,0.017,0.0171,0.0194,0.0195,0.0194,0.0217,0.0217,0.0221,0.0235,0.0233
0.415,0.4057,0.3987,0.3945,0.393,0.391,0.384,0.3766,0.3742,0.3747,0.3801,0.3856,0.3863,0.3863,0.3765,0.3696,0.3726,0.3726,0.374,0.3776,0.3778,0.3764,0.3794,0.3773,0.3731,0.3711,0.3719,0.3698,0.3759,0.3858,0.387,0.3881,0.3941,0.3979,0.3987,0.3977,0.3963,0.3951,0.3934,0.3887,0.3824,0.3779,0.3777,0.3768,0.3748,0.3737,0.3733,0.3749,0.374,0.3722,0.3739,0.3805,0.3814,0.3748,0.3657,0.3604,0.3546,0.3482,0.3448,0.3392,0.3389,0.3387,0.3366,0.3295,0.3241,0.3223,0.3205,0.3156,0.3097,0.3041,0.3005,0.2968,0.2899,0.2837,0.279,0.2754,0.2741,0.273,0.2715,0.2707,0.27,0.2701,0.2708,0.2702,0.2691,0.2697,0.2715,0.2705,0.2697,0.27
0.4519,0.4484,0.4432,0.4406,0.4332,0.4206,0.4099,0.4207,0.4244,0.4213,0.4183,0.416,0.4169,0.4147,0.4097,0.4031,0.3951,0.3867,0.3767,0.3729,0.3726,0.3697,0.3652,0.3604,0.353,0.3455,0.3412,0.3274,0.3171,0.3059,0.2985,0.2992,0.2929,0.2797,0.2623,0.2509,0.2375,0.2263,0.2173,0.2131,0.21,0.2029,0.1953,0.1856,0.1787,0.1749,0.1641,0.1491,0.1452,0.1341,0.1253,0.1091,0.0957,0.0917,0.0885,0.0843,0.082,0.0834,0.0786,0.0754,0.0699,0.0662,0.0676,0.0683,0.0667,0.0643,0.0585,0.0575,0.0577,0.0577,0.0552,0.0537,0.0551,0.0557,0.0536,0.0522,0.0524,0.0541,0.0546,0.0518,0.0491,0.0464,0.0451,0.0508,0.0494,0.0467,0.0466,0.0472,0.0459,0.0439
0.4483,0.445,0.4356,0.4276,0.4172,0.4084,0.4057,0.4056,0.4016,0.3956,0.3886,0.3804,0.3743,0.3654,0.3596,0.3481,0.3357,0.3203,0.304,0.2921,0.2808,0.2728,0.2662,0.2566,0.2518,0.2434,0.2325,0.2141,0.2042,0.1882,0.1746,0.1614,0.1426,0.1237,0.1081,0.0987,0.0896,0.0841,0.08,0.0776,0.0753,0.0729,0.0686,0.0646,0.0611,0.0572,0.0532,0.0494,0.0469,0.0448,0.0427,0.0425,0.0421,0.0411,0.0401,0.0381,0.0382,0.0383,0.0376,0.0373,0.0361,0.0364,0.0354,0.0353,0.0341,0.0334,0.0334,0.0327,0.0321,0.0308,0.0297,0.0302,0.0286,0.0295,0.029,0.0289,0.0296,0.0299,0.03,0.0314,0.0332,0.034,0.0341,0.0344,0.0352,0.0356,0.0372,0.0379,0.038,0.0379
0.4153,0.4091,0.395,0.381,0.3671,0.354,0.349,0.3414,0.3327,0.3255,0.3159,0.3037,0.2932,0.2846,0.2766,0.2675,0.2528,0.2368,0.2252,0.2169,0.2035,0.1906,0.1839,0.1729,0.164,0.1561,0.1468,0.135,0.1211,0.1084,0.0924,0.0789,0.0676,0.0579,0.0514,0.0473,0.0449,0.0442,0.0442,0.0444,0.0437,0.0427,0.0427,0.0426,0.0398,0.0372,0.0364,0.0361,0.0364,0.0372,0.0368,0.0346,0.0319,0.0315,0.0319,0.0317,0.03,0.0288,0.0285,0.0277,0.0274,0.0258,0.0252,0.0269,0.0273,0.0269,0.0266,0.0275,0.0291,0.031,0.0297,0.0284,0.0289,0.0279,0.027,0.0258,0.0257,0.0271,0.0275,0.0267,0.0261,0.0241,0.0218,0.0207,0.0195,0.0192,0.0202,0.0202,0.0211,0.0218
0.3964,0.4004,0.3915,0.3832,0.3755,0.3624,0.3507,0.3433,0.3354,0.3258,0.3139,0.3024,0.291,0.2808,0.2709,0.2664,0.2497,0.2303,0.2129,0.1973,0.1804,0.1658,0.1522,0.1347,0.121,0.1088,0.0958,0.0871,0.0754,0.0677,0.0595,0.0526,0.0475,0.0437,0.0416,0.0407,0.0413,0.0422,0.0424,0.0422,0.0412,0.0401,0.0396,0.0395,0.0376,0.0348,0.0329,0.031,0.0296,0.029,0.0278,0.0245,0.0211,0.0194,0.0181,0.0174,0.0161,0.0145,0.0145,0.0128,0.0122,0.0104,0.0097,0.0107,0.0103,0.0094,0.0082,0.0073,0.0069,0.0067,0.0059,0.0044,0.0038,0.0031,0.0025,0.002,0.0012,0.0007,0.0003,0.0001,0.0,0.0,0.0,0.0,0.0,0.0,0.0,0.0,0.0,0.0
0.3729,0.3741,0.3746,0.3678,0.3637,0.354,0.3424,0.3317,0.3202,0.3102,0.303,0.2932,0.2827,0.2738,0.2653,0.2566,0.248,0.2359,0.2208,0.2039,0.193,0.1849,0.1735,0.1559,0.1401,0.1284,0.1189,0.1121,0.102,0.0944,0.0849,0.0786,0.075,0.0691,0.0628,0.0601,0.0579,0.0544,0.0511,0.0474,0.0421,0.0372,0.0347,0.0304,0.0257,0.0221,0.0194,0.0159,0.0139,0.0121,0.0091,0.0078,0.006,0.004,0.0019,0.0007,0.0003,0.0001,0.0,0.0,0.0,0.0,0.0,0.0,0.0,0.0,0.0,0.0,0.0,0.0,0.0,0.0,0.0,0.0,0.0,0.0,0.0,0.0,0.0,0.0,0.0,0.0,0.0,0.0,0.0,0.0,0.0,0.0,0.0,0.0
