0.3179,0.3029,0.2997,0.2944,0.2869,0.2777,0.2697,0.263,0.2564,0.249,0.2368,0.2282,0.2193,0.2119,0.2055,0.193,0.1821,0.1681,0.1566,0.1484,0.1345,0.1192,0.1074,0.0967,0.0867,0.0798,0.0756,0.0685,0.0584,0.0506,0.0439,0.0371,0.0351,0.0306,0.0263,0.0222,0.0195,0.0157,0.0128,0.0108,0.0077,0.0058,0.0053,0.0044,0.0031,0.002,0.0011,0.0005,0.0001,0.0,0.0,0.0,0.0,0.0,0.0,0.0,0.0,0.0,0.0,0.0,0.0,0.0,0.0,0.0,0.0,0.0,0.0,0.0,0.0,0.0,0.0,0.0,0.0,0.0,0.0,0.0,0.0,0.0,0.0,0.0,0.0,0.0,0.0,0.0,0.0,0.0,0.0,0.0,0.0,0.0
0.3865,0.3674,0.3559,0.3434,0.3283,0.3137,0.3003,0.2865,0.2715,0.2575,0.2434,0.2335,0.2211,0.2073,0.1938,0.1852,0.1765,0.1638,0.1546,0.1435,0.1295,0.112,0.1005,0.0858,0.0742,0.064,0.0581,0.0469,0.0357,0.0277,0.0222,0.0167,0.0136,0.01,0.0081,0.0064,0.0045,0.0033,0.0019,0.0012,0.0005,0.0,0.0,0.0,0.0,0.0,0.0,0.0,0.0,0.0,0.0,0.0,0.0,0.0,0.0,0.0,0.0,0.0,0.0,0.0,0.0,0.0,0.0,0.0,0.0,0.0,0.0,0.0,0.0,0.0,0.0,0.0,0.0,0.0,0.0,0.0,0.0,0.0,0.0,0.0,0.0,0.0,0.0,0.0,0.0,0.0,0.0,0.0,0.0,0.0
0.5454,0.5295,0.5135,0.5055,0.4937,0.4828,0.4712,0.4589,0.4485,0.4363,0.4241,0.4093,0.3968,0.3824,0.3649,0.351,0.3413,0.3296,0.3158,0.3032,0.2917,0.2855,0.2689,0.2532,0.2373,0.2261,0.214,0.2047,0.1901,0.1733,0.1565,0.1409,0.124,0.1116,0.097,0.086,0.0761,0.063,0.0523,0.0432,0.0336,0.0299,0.0208,0.0141,0.0104,0.0059,0.0036,0.0018,0.0008,0.0006,0.0007,0.0006,0.0004,0.0004,0.0002,0.0002,0.0,0.0,0.0,0.0,0.0,0.0,0.0,0.0,0.0,0.0,0.0,0.0,0.0,0.0,0.0,0.0,0.0,0.0,0.0,0.0,0.0,0.0,0.0,0.0,0.0,0.0,0.0,0.0,0.0,0.0,0.0,0.0,0.0,0.0
0.4218,0.4116,0.4023,0.3983,0.3934,0.3911,0.3887,0.386,0.3818,0.3757,0.368,0.3631,0.3563,0.3476,0.3375,0.3242,0.3081,0.2974,0.2849,0.2735,0.2605,0.2561,0.2406,0.2282,0.2108,0.1951,0.1785,0.1732,0.161,0.1455,0.124,0.1078,0.0915,0.0806,0.0703,0.0628,0.0579,0.0507,0.0449,0.0393,0.0342,0.0302,0.0247,0.0204,0.0171,0.0142,0.0116,0.0096,0.0066,0.005,0.0042,0.0035,0.0029,0.0022,0.0016,0.0013,0.0011,0.0009,0.0008,0.0006,0.0004,0.0001,0.0,0.0,0.0,0.0,0.0,0.0,0.0,0.0,0.0,0.0,0.0,0.0,0.0,0.0,0.0,0.0,0.0,0.0,0.0,0.0,0.0,0.0,0.0,0.0,0.0,0.0,0.0,0.0
0.2319,0.2257,0.2137,0.1998,0.1916,0.1783,0.1646,0.1543,0.1476,0.1425,0.1365,0.1259,0.1164,0.1059,0.0958,0.0867,0.0805,0.074,0.0679,0.0631,0.0576,0.0521,0.0454,0.0393,0.0341,0.0305,0.0282,0.0238,0.0194,0.0148,0.0102,0.0078,0.007,0.0069,0.0064,0.006,0.0052,0.005,0.0047,0.0045,0.004,0.0037,0.0029,0.0021,0.0017,0.0012,0.0009,0.0006,0.0003,0.0001,0.0,0.0,0.0,0.0,0.0,0.0,0.0,0.0,0.0,0.0,0.0,0.0,0.0,0.0,0.0,0.0,0.0,0.0,0.0,0.0,0.0,0.0,0.0,0.0,0.0,0.0,0.0,0.0,0.0,0.0,0.0,0.0,0.0,0.0,0.0,0.0,0.0,0.0,0.0,0.0
0.0759,0.0751,0.0716,0.0706,0.0745,0.0725,0.0699,0.0671,0.0647,0.0627,0.0607,0.0568,0.0539,0.0508,0.0475,0.0465,0.0439,0.0423,0.0414,0.0399,0.0378,0.0363,0.0337,0.0313,0.029,0.0263,0.0227,0.0199,0.0178,0.0154,0.0134,0.0119,0.0107,0.0095,0.0089,0.0081,0.0071,0.006,0.0052,0.0042,0.0034,0.0025,0.0014,0.0011,0.0009,0.0008,0.0009,0.0007,0.001,0.0007,0.0009,0.0011,0.0011,0.001,0.0012,0.0007,0.0007,0.0007,0.0008,0.001,0.0015,0.0028,0.0027,0.0026,0.0025,0.0019,0.0015,0.0011,0.0009,0.0007,0.0007,0.0005,0.0004,0.0003,0.0004,0.0007,0.0007,0.0005,0.0005,0.0004,0.0004,0.0002,0.0,0.0,0.0,0.0,0.0,0.0,0.0,0.0
0.1217,0.1193,0.1162,0.1112,0.1038,0.1002,0.0973,0.096,0.0959,0.0941,0.0917,0.087,0.0827,0.0772,0.07,0.0717,0.0678,0.0649,0.0651,0.0615,0.0555,0.061,0.0611,0.0621,0.0621,0.0615,0.0623,0.0639,0.0633,0.0617,0.0606,0.0607,0.0603,0.0585,0.0588,0.0581,0.0552,0.052,0.0501,0.0485,0.0469,0.0458,0.0439,0.0434,0.0428,0.0417,0.0407,0.0394,0.0387,0.0375,0.0361,0.0377,0.0371,0.0348,0.0325,0.03,0.028,0.0267,0.0251,0.0238,0.0222,0.0196,0.0154,0.0125,0.0106,0.0095,0.0084,0.0076,0.0067,0.0054,0.0046,0.004,0.0037,0.0034,0.003,0.0021,0.0015,0.0011,0.0009,0.0007,0.0004,0.0001,0.0,0.0,0.0,0.0,0.0,0.0,0.0,0.0
0.1893,0.187,0.1849,0.1784,0.1623,0.1484,0.1394,0.1345,0.1313,0.1274,0.1242,0.1224,0.1182,0.1174,0.117,0.1117,0.1101,0.106,0.1017,0.1011,0.0989,0.0922,0.0878,0.0829,0.0788,0.0771,0.0726,0.0683,0.066,0.063,0.059,0.0558,0.0544,0.052,0.0483,0.0454,0.0454,0.0435,0.041,0.0388,0.0373,0.0351,0.0341,0.0315,0.0283,0.0259,0.0239,0.0239,0.0219,0.0206,0.0186,0.0189,0.0201,0.0189,0.0193,0.0176,0.0164,0.0154,0.0145,0.0139,0.0139,0.015,0.0153,0.0159,0.0169,0.0176,0.0182,0.0184,0.0191,0.0203,0.0213,0.0212,0.0208,0.0203,0.0195,0.019,0.0191,0.0191,0.0189,0.0186,0.0189,0.0182,0.0177,0.0165,0.0163,0.016,0.0154,0.0154,0.0158,0.0162
0.1406,0.1374,0.1361,0.1339,0.1299,0.1233,0.1183,0.112,0.1037,0.0992,0.0966,0.0944,0.0911,0.0886,0.0856,0.083,0.0812,0.0799,0.0789,0.0774,0.0751,0.075,0.0726,0.0711,0.0715,0.0712,0.0704,0.0695,0.0689,0.0679,0.0663,0.0649,0.0642,0.0632,0.0633,0.0638,0.0617,0.0608,0.0607,0.0596,0.0583,0.0574,0.0562,0.0568,0.0566,0.0554,0.0542,0.052,0.0515,0.0509,0.0486,0.0458,0.0417,0.04,0.0383,0.0365,0.0355,0.035,0.0351,0.0334,0.0318,0.0303,0.0281,0.0253,0.0225,0.02,0.0183,0.0168,0.0146,0.0113,0.008,0.0064,0.0057,0.0055,0.0052,0.0046,0.0036,0.0026,0.0022,0.0017,0.0014,0.0012,0.0011,0.0008,0.0007,0.0006,0.0004,0.0004,0.0005,0.0004
0.1112,0.1074,0.0999,0.0947,0.0929,0.0906,0.0871,0.0829,0.0774,0.0756,0.0726,0.0708,0.0691,0.0658,0.0641,0.0619,0.0603,0.0586,0.0565,0.0558,0.0565,0.0525,0.0494,0.047,0.0448,0.0432,0.0417,0.0391,0.0383,0.0354,0.03,0.0269,0.0244,0.0225,0.0201,0.0187,0.0163,0.0155,0.014,0.0123,0.011,0.0096,0.0084,0.0071,0.0063,0.0054,0.0048,0.0034,0.0027,0.0023,0.0018,0.0012,0.0006,0.0004,0.0004,0.0003,0.0003,0.0002,0.0002,0.0001,0.0001,0.0001,0.0,0.0,0.0,0.0,0.0,0.0,0.0,0.0,0.0,0.0,0.0,0.0,0.0,0.0,0.0,0.0,0.0,0.0,0.0,0.0,0.0,0.0,0.0,0.0,0.0,0.0,0.0,0.0
0.1104,0.1079,0.0999,0.0973,0.0939,0.0907,0.0891,0.0852,0.0831,0.0796,0.0757,0.0725,0.0699,0.0683,0.0649,0.0612,0.0599,0.0558,0.0512,0.0476,0.0441,0.0401,0.0373,0.0352,0.0315,0.0276,0.0241,0.0215,0.0173,0.0147,0.013,0.0106,0.0094,0.0092,0.0088,0.0075,0.0065,0.0059,0.0059,0.0053,0.0046,0.0037,0.0027,0.0019,0.0014,0.001,0.0008,0.0004,0.0002,0.0001,0.0,0.0,0.0,0.0,0.0,0.0,0.0,0.0,0.0,0.0,0.0,0.0,0.0,0.0,0.0,0.0,0.0,0.0,0.0,0.0,0.0,0.0,0.0,0.0,0.0,0.0,0.0,0.0,0.0,0.0,0.0,0.0,0.0,0.0,0.0,0.0,0.0,0.0,0.0,0.0
0.0856,0.0847,0.0803,0.0804,0.0764,0.0733,0.0725,0.0704,0.0685,0.0629,0.0588,0.0565,0.0542,0.0527,0.0511,0.0507,0.051,0.0499,0.047,0.0449,0.0436,0.0413,0.0388,0.0367,0.0353,0.0331,0.031,0.0298,0.0283,0.0268,0.025,0.0227,0.0208,0.0199,0.0178,0.0153,0.014,0.0134,0.0123,0.0109,0.0095,0.0081,0.0067,0.0055,0.0046,0.0034,0.0028,0.0017,0.0012,0.0007,0.0005,0.0002,0.0,0.0,0.0,0.0,0.0,0.0,0.0,0.0,0.0,0.0,0.0,0.0,0.0,0.0,0.0,0.0,0.0,0.0,0.0,0.0,0.0,0.0,0.0,0.0,0.0,0.0,0.0,0.0,0.0,0.0,0.0,0.0,0.0,0.0,0.0,0.0,0.0,0.0
0.0798,0.0758,0.0717,0.0688,0.0666,0.0638,0.0616,0.0597,0.0578,0.056,0.0536,0.0513,0.0486,0.0477,0.0447,0.0426,0.0414,0.0391,0.0362,0.0335,0.03,0.0264,0.0232,0.0207,0.0191,0.0174,0.0151,0.0131,0.0122,0.0098,0.0082,0.0071,0.0061,0.0052,0.0043,0.0031,0.002,0.0012,0.0006,0.0002,0.0001,0.0,0.0,0.0,0.0,0.0,0.0,0.0,0.0,0.0,0.0,0.0,0.0,0.0,0.0,0.0,0.0,0.0,0.0,0.0,0.0,0.0,0.0,0.0,0.0,0.0,0.0,0.0,0.0,0.0,0.0,0.0,0.0,0.0,0.0,0.0,0.0,0.0,0.0,0.0,0.0,0.0,0.0,0.0,0.0,0.0,0.0,0.0,0.0,0.0
0.0415,0.0384,0.0369,0.0336,0.0326,0.031,0.0293,0.0278,0.0264,0.0257,0.0244,0.0223,0.0202,0.0173,0.0154,0.0133,0.0115,0.0097,0.0083,0.0067,0.0054,0.0043,0.0032,0.0021,0.0011,0.0006,0.0002,0.0001,0.0,0.0,0.0,0.0,0.0,0.0,0.0,0.0,0.0,0.0,0.0,0.0,0.0,0.0,0.0,0.0,0.0,0.0,0.0,0.0,0.0,0.0,0.0,0.0,0.0,0.0,0.0,0.0,0.0,0.0,0.0,0.0,0.0,0.0,0.0,0.0,0.0,0.0,0.0,0.0,0.0,0.0,0.0,0.0,0.0,0.0,0.0,0.0,0.0001,0.0,0.0,0.0,0.0,0.0,0.0,0.0,0.0,0.0,0.0,0.0,0.0,0.0001
0.0452,0.0391,0.0398,0.0333,0.0314,0.0287,0.0281,0.0284,0.0287,0.0276,0.0273,0.0265,0.0257,0.0246,0.0235,0.0236,0.0243,0.0246,0.0243,0.0239,0.0238,0.0237,0.0237,0.0232,0.0217,0.0209,0.0207,0.0189,0.0186,0.0179,0.0188,0.0195,0.021,0.0225,0.0239,0.025,0.0247,0.0244,0.0233,0.0224,0.0225,0.0227,0.0236,0.0238,0.0221,0.0215,0.0223,0.0235,0.024,0.023,0.0231,0.0222,0.0216,0.0227,0.0225,0.0226,0.0234,0.0236,0.0225,0.02,0.0181,0.018,0.018,0.0175,0.0176,0.0183,0.0184,0.0188,0.019,0.0181,0.0173,0.017,0.0161,0.0153,0.0149,0.0134,0.0121,0.0106,0.0098,0.0092,0.0091,0.0089,0.009,0.0084,0.0074,0.0065,0.0052,0.0044,0.0028,0.0026
0.152,0.1455,0.1394,0.1354,0.1282,0.124,0.122,0.1211,0.1203,0.118,0.117,0.1191,0.1204,0.1181,0.1144,0.1128,0.1097,0.1073,0.1018,0.0985,0.0964,0.0957,0.094,0.0887,0.0843,0.0784,0.0742,0.0702,0.0681,0.067,0.0651,0.0634,0.0635,0.0633,0.0623,0.0633,0.0647,0.0628,0.0613,0.0606,0.0595,0.0585,0.0575,0.0563,0.0543,0.0519,0.0523,0.0518,0.0502,0.0482,0.0457,0.0441,0.0398,0.0377,0.0365,0.0337,0.0309,0.029,0.0268,0.0255,0.0245,0.023,0.0225,0.0202,0.018,0.0146,0.0122,0.0105,0.0087,0.0077,0.0071,0.0058,0.0051,0.0044,0.0037,0.0027,0.002,0.0017,0.0014,0.0013,0.0011,0.0011,0.0011,0.001,0.0007,0.0002,0.0,0.0,0.0,0.0
0.2602,0.2564,0.244,0.238,0.2312,0.2288,0.2287,0.2257,0.2233,0.2225,0.2172,0.2128,0.2083,0.2063,0.1998,0.1971,0.1903,0.1779,0.1735,0.1703,0.1645,0.1585,0.1512,0.1462,0.1405,0.1316,0.1241,0.1212,0.1187,0.115,0.1061,0.1009,0.0994,0.0943,0.0884,0.0822,0.0791,0.0802,0.0781,0.0757,0.0714,0.067,0.0622,0.059,0.0566,0.0544,0.0519,0.0483,0.0448,0.0427,0.0402,0.0379,0.0352,0.0313,0.0288,0.0262,0.0235,0.0212,0.0191,0.0163,0.014,0.0126,0.0117,0.0097,0.0076,0.0077,0.0074,0.006,0.0046,0.0037,0.0028,0.0019,0.0012,0.0005,0.0001,0.0,0.0,0.0,0.0,0.0,0.0,0.0,0.0,0.0,0.0,0.0,0.0,0.0,0.0,0.0
0.3105,0.3015,0.2922,0.2736,0.2634,0.2549,0.244,0.2329,0.2262,0.2213,0.2162,0.2096,0.2042,0.2011,0.1964,0.1893,0.1854,0.179,0.1742,0.1676,0.1621,0.1575,0.154,0.1497,0.1464,0.1412,0.1363,0.1308,0.1264,0.119,0.1142,0.107,0.1004,0.0905,0.0847,0.0801,0.0735,0.0649,0.0602,0.0548,0.0502,0.0456,0.0399,0.0344,0.0317,0.0289,0.0251,0.0213,0.0185,0.0164,0.0147,0.0137,0.0128,0.0115,0.0107,0.0094,0.0088,0.0075,0.0066,0.0065,0.0062,0.0052,0.0037,0.002,0.0016,0.001,0.0003,0.0,0.0,0.0,0.0,0.0,0.0,0.0,0.0,0.0,0.0,0.0,0.0,0.0,0.0,0.0,0.0,0.0,0.0,0.0,0.0,0.0,0.0,0.0
0.3344,0.3236,0.3156,0.3044,0.289,0.2741,0.2631,0.2509,0.2411,0.2323,0.2227,0.2138,0.2074,0.2018,0.1977,0.1916,0.1894,0.1819,0.1719,0.1669,0.1553,0.1452,0.138,0.1278,0.1167,0.1078,0.1015,0.0996,0.0926,0.0864,0.0801,0.0753,0.07,0.0638,0.0585,0.0541,0.0497,0.0457,0.0421,0.0379,0.0337,0.0306,0.0278,0.0245,0.0215,0.0188,0.0172,0.0148,0.013,0.0107,0.0085,0.0068,0.0047,0.0031,0.0012,0.0003,0.0,0.0,0.0,0.0,0.0,0.0,0.0,0.0,0.0,0.0,0.0,0.0,0.0,0.0,0.0,0.0,0.0,0.0,0.0,0.0,0.0,0.0,0.0,0.0,0.0,0.0,0.0,0.0,0.0,0.0,0.0,0.0,0.0,0.0
0.4213,0.4191,0.4144,0.4088,0.3989,0.3906,0.3799,0.3675,0.3597,0.3491,0.3394,0.3322,0.3253,0.3185,0.3148,0.3079,0.3051,0.3036,0.297,0.2943,0.2919,0.283,0.2784,0.2722,0.2602,0.2493,0.2369,0.2315,0.2255,0.2159,0.2044,0.1954,0.1883,0.1738,0.1552,0.1414,0.1289,0.1109,0.1029,0.093,0.0816,0.0787,0.0749,0.0698,0.0635,0.0574,0.0509,0.0479,0.0464,0.0434,0.0377,0.0313,0.0253,0.0197,0.0146,0.0087,0.0066,0.0047,0.0029,0.0015,0.0009,0.0007,0.0007,0.0005,0.0003,0.0003,0.0003,0.0003,0.0004,0.0002,0.0001,0.0,0.0,0.0,0.0,0.0,0.0,0.0,0.0,0.0,0.0,0.0,0.0,0.0,0.0,0.0,0.0,0.0,0.0,0.0
0.4187,0.4149,0.4101,0.4069,0.4035,0.4001,0.3954,0.3837,0.3733,0.363,0.3531,0.3443,0.3382,0.3314,0.3262,0.323,0.3134,0.3099,0.3036,0.2993,0.2962,0.2934,0.2898,0.2893,0.2822,0.276,0.268,0.2642,0.2579,0.2529,0.2453,0.2413,0.2373,0.2382,0.2322,0.226,0.2224,0.2193,0.2181,0.2171,0.2096,0.2093,0.2085,0.204,0.1986,0.1922,0.1857,0.1796,0.1733,0.169,0.1627,0.1565,0.1506,0.1426,0.1377,0.1288,0.1206,0.1161,0.1072,0.0984,0.0904,0.0849,0.0812,0.0746,0.0695,0.0671,0.0647,0.0622,0.0619,0.0579,0.053,0.0469,0.0433,0.0399,0.0365,0.0331,0.0287,0.0261,0.022,0.0188,0.0161,0.0143,0.0121,0.0108,0.0097,0.0093,0.0097,0.0099,0.0091,0.0076
0.3484,0.3408,0.3375,0.3368,0.3327,0.3275,0.3228,0.314,0.3019,0.2921,0.2805,0.2702,0.2605,0.2531,0.243,0.2376,0.2272,0.217,0.2105,0.203,0.2004,0.1975,0.1909,0.1854,0.184,0.1807,0.1791,0.1729,0.1698,0.1687,0.1665,0.1614,0.1571,0.1572,0.1585,0.157,0.1539,0.154,0.1485,0.1401,0.1366,0.1279,0.119,0.112,0.1071,0.1029,0.0998,0.0955,0.0886,0.0842,0.0824,0.08,0.0776,0.0744,0.0712,0.0723,0.0702,0.0685,0.0676,0.0649,0.0612,0.0557,0.052,0.0518,0.0482,0.0419,0.0355,0.0301,0.0229,0.0199,0.0172,0.0157,0.0142,0.0134,0.013,0.0126,0.0124,0.013,0.0108,0.0098,0.0083,0.0073,0.0065,0.0055,0.0045,0.0037,0.0036,0.0033,0.0031,0.0027
0.1969,0.1884,0.18,0.1768,0.1679,0.1601,0.1552,0.1509,0.1462,0.1431,0.1427,0.1395,0.1346,0.1292,0.1248,0.1189,0.1193,0.1121,0.1071,0.1033,0.0999,0.0963,0.0885,0.0786,0.0742,0.0661,0.0577,0.0507,0.0483,0.0449,0.0423,0.0381,0.0344,0.0332,0.033,0.0316,0.0304,0.0317,0.0311,0.0312,0.031,0.025,0.0203,0.0168,0.0145,0.0131,0.0119,0.01,0.0089,0.0074,0.0067,0.0062,0.0054,0.0045,0.0039,0.004,0.004,0.0035,0.003,0.0023,0.0016,0.001,0.0007,0.0006,0.0003,0.0002,0.0001,0.0,0.0,0.0,0.0,0.0,0.0,0.0,0.0,0.0,0.0,0.0,0.0,0.0,0.0,0.0,0.0,0.0,0.0,0.0,0.0,0.0,0.0,0.0
0.2166,0.209,0.2042,0.1991,0.1945,0.1871,0.1803,0.1722,0.1585,0.147,0.1369,0.1281,0.121,0.1136,0.108,0.1016,0.0962,0.0914,0.0883,0.0852,0.0811,0.0776,0.0759,0.073,0.0716,0.0661,0.0611,0.0538,0.0497,0.0459,0.0416,0.037,0.0328,0.0295,0.0273,0.0246,0.0219,0.0196,0.0174,0.0149,0.0123,0.0103,0.0084,0.0067,0.0049,0.0037,0.0027,0.0021,0.0013,0.0008,0.0004,0.0001,0.0,0.0,0.0,0.0,0.0,0.0,0.0,0.0,0.0,0.0,0.0,0.0,0.0,0.0,0.0,0.0,0.0,0.0,0.0,0.0,0.0001,0.0001,0.0001,0.0,0.0,0.0,0.0,0.0,0.0,0.0,0.0,0.0,0.0,0.0,0.0001,0.0001,0.0001,0.0
0.1474,0.1434,0.1414,0.1374,0.1331,0.1289,0.1255,0.1253,0.1227,0.1204,0.1184,0.1145,0.1136,0.1126,0.1095,0.1057,0.1002,0.0958,0.092,0.0903,0.0886,0.0853,0.0805,0.0763,0.0743,0.074,0.0714,0.0692,0.0665,0.0662,0.0645,0.0637,0.0614,0.0587,0.0555,0.0515,0.0514,0.0497,0.044,0.0392,0.0332,0.0304,0.0301,0.027,0.0245,0.0237,0.0228,0.0232,0.0204,0.0193,0.0199,0.019,0.0183,0.0176,0.0169,0.0162,0.0151,0.0142,0.0136,0.0136,0.0126,0.0109,0.0101,0.0097,0.0093,0.0088,0.0089,0.0082,0.0074,0.0072,0.0076,0.0075,0.0072,0.0072,0.0067,0.0063,0.006,0.0055,0.0052,0.0049,0.0047,0.0045,0.0046,0.0046,0.0055,0.0054,0.0057,0.0054,0.0041,0.0031
0.1667,0.1611,0.1595,0.1581,0.1555,0.1511,0.1472,0.1462,0.1431,0.1392,0.1379,0.1357,0.1328,0.1307,0.1294,0.1288,0.1282,0.1273,0.1251,0.1234,0.1195,0.117,0.116,0.1144,0.1127,0.109,0.1099,0.1081,0.1049,0.1023,0.1008,0.0993,0.0976,0.0957,0.0939,0.0923,0.0899,0.0884,0.0863,0.0838,0.0817,0.079,0.0756,0.0745,0.0722,0.0682,0.0643,0.0619,0.0593,0.0551,0.0522,0.0488,0.046,0.0426,0.039,0.0372,0.0364,0.035,0.0335,0.033,0.032,0.031,0.0308,0.031,0.0307,0.0298,0.0287,0.0264,0.0243,0.0236,0.0219,0.021,0.0202,0.0193,0.0187,0.018,0.0171,0.0163,0.0157,0.0148,0.0137,0.0129,0.012,0.0105,0.0099,0.0092,0.0085,0.0064,0.0038,0.0026
0.1443,0.1444,0.1439,0.1442,0.1443,0.143,0.1418,0.1411,0.1399,0.1395,0.1386,0.1369,0.1353,0.1341,0.1314,0.1284,0.1255,0.1226,0.1207,0.1167,0.1138,0.111,0.1093,0.107,0.1043,0.1029,0.1038,0.1045,0.1039,0.1034,0.1035,0.1026,0.1007,0.0974,0.095,0.0938,0.0905,0.0852,0.0825,0.0775,0.0743,0.0718,0.0687,0.0665,0.0658,0.0601,0.0566,0.0556,0.0539,0.0485,0.0478,0.0453,0.043,0.0399,0.0361,0.0329,0.0303,0.0277,0.0264,0.0245,0.0215,0.0191,0.0165,0.0137,0.0113,0.011,0.0097,0.0088,0.0084,0.0074,0.0059,0.0046,0.0034,0.0027,0.0021,0.0019,0.0017,0.0012,0.001,0.0007,0.0004,0.0002,0.0001,0.0,0.0,0.0,0.0,0.0,0.0,0.0
0.1043,0.1002,0.0966,0.0928,0.0904,0.089,0.0872,0.0856,0.0839,0.081,0.0773,0.0744,0.0714,0.0654,0.0606,0.0582,0.0568,0.0555,0.0528,0.0472,0.0436,0.0434,0.043,0.043,0.0431,0.041,0.0354,0.0315,0.0272,0.0241,0.0192,0.0145,0.0099,0.0084,0.0081,0.0075,0.0076,0.0071,0.0063,0.0052,0.0053,0.0057,0.006,0.0057,0.0052,0.0062,0.0058,0.0054,0.0052,0.0048,0.0042,0.0038,0.0033,0.0025,0.0012,0.0004,0.0,0.0,0.0,0.0,0.0,0.0,0.0,0.0,0.0,0.0,0.0,0.0,0.0,0.0,0.0,0.0,0.0,0.0,0.0,0.0,0.0,0.0,0.0,0.0,0.0,0.0,0.0,0.0,0.0,0.0,0.0,0.0,0.0,0.0
0.0326,0.0289,0.0269,0.025,0.0244,0.0244,0.0236,0.022,0.0202,0.0177,0.0162,0.0148,0.0135,0.0122,0.0108,0.01,0.0091,0.0085,0.0079,0.0074,0.0054,0.0047,0.004,0.0033,0.0028,0.0023,0.0024,0.0022,0.0019,0.0018,0.0017,0.0016,0.0016,0.0014,0.0013,0.0012,0.0011,0.001,0.0008,0.0007,0.0005,0.0004,0.0003,0.0003,0.0002,0.0002,0.0001,0.0001,0.0001,0.0001,0.0001,0.0001,0.0001,0.0001,0.0001,0.0001,0.0001,0.0001,0.0001,0.0001,0.0001,0.0,0.0,0.0,0.0,0.0,0.0,0.0,0.0,0.0,0.0,0.0,0.0,0.0,0.0,0.0,0.0,0.0,0.0,0.0,0.0,0.0,0.0,0.0,0.0,0.0,0.0,0.0,0.0,0.0
0.0398,0.0388,0.0378,0.0382,0.0385,0.0384,0.0382,0.0382,0.0389,0.0392,0.0391,0.0389,0.0388,0.039,0.039,0.039,0.0388,0.0389,0.0394,0.0397,0.0391,0.034,0.0285,0.0279,0.0299,0.031,0.0313,0.0305,0.0316,0.033,0.0337,0.0339,0.0332,0.0337,0.0348,0.0356,0.0356,0.0356,0.0359,0.0357,0.0348,0.0337,0.0332,0.0327,0.0319,0.0296,0.0293,0.0287,0.0272,0.0269,0.0282,0.0285,0.0283,0.025,0.026,0.0271,0.0274,0.0281,0.0292,0.0293,0.0287,0.0287,0.0291,0.0281,0.0273,0.0282,0.0276,0.0256,0.0233,0.0204,0.0204,0.0186,0.0136,0.0107,0.0101,0.0096,0.0087,0.0086,0.0089,0.0101,0.0124,0.0155,0.0174,0.0182,0.019,0.0197,0.0203,0.021,0.0211,0.0229
0.4153,0.4061,0.4018,0.3998,0.3984,0.3986,0.3966,0.3964,0.4006,0.4005,0.3971,0.3945,0.3962,0.4026,0.4098,0.4145,0.4162,0.4246,0.4382,0.4402,0.4319,0.4195,0.4082,0.4018,0.4006,0.3986,0.3953,0.3906,0.3898,0.3906,0.395,0.3947,0.3992,0.4035,0.4032,0.4056,0.4099,0.4073,0.3968,0.3893,0.3869,0.3838,0.3854,0.3851,0.381,0.3756,0.3712,0.3664,0.3564,0.3516,0.3559,0.3571,0.3541,0.3458,0.3412,0.3394,0.3379,0.3349,0.334,0.3319,0.3296,0.3259,0.3228,0.3185,0.3138,0.3085,0.3037,0.2992,0.2942,0.2909,0.2884,0.2843,0.2753,0.2648,0.259,0.2573,0.253,0.2503,0.2476,0.2445,0.2432,0.2407,0.2387,0.2373,0.2333,0.2319,0.2301,0.2225,0.2145,0.2102
0.4501,0.4472,0.4393,0.4312,0.4236,0.4166,0.4053,0.3992,0.3939,0.3919,0.3884,0.3865,0.3828,0.3735,0.3663,0.3666,0.3652,0.3569,0.3482,0.3424,0.3376,0.3391,0.338,0.3347,0.3281,0.3201,0.3148,0.3092,0.3034,0.2966,0.2902,0.2889,0.2846,0.2808,0.2652,0.2531,0.2378,0.2145,0.2065,0.2146,0.2003,0.1903,0.1756,0.1646,0.1594,0.1546,0.1491,0.1461,0.1467,0.1431,0.1324,0.1249,0.1233,0.1258,0.1217,0.115,0.1079,0.1044,0.0985,0.0929,0.0885,0.084,0.0825,0.079,0.0775,0.0704,0.0659,0.0653,0.0637,0.0621,0.0582,0.058,0.0608,0.0635,0.0618,0.0577,0.0572,0.0562,0.0538,0.05,0.0437,0.0372,0.0333,0.0307,0.0284,0.0248,0.021,0.018,0.0154,0.0137
0.4479,0.4445,0.434,0.4248,0.4143,0.4057,0.4013,0.3934,0.3852,0.3759,0.3628,0.3571,0.3503,0.3392,0.33,0.3312,0.3278,0.3206,0.3078,0.2918,0.2794,0.2839,0.2706,0.2631,0.2524,0.2424,0.2399,0.2319,0.2244,0.2179,0.2069,0.198,0.182,0.1595,0.1389,0.1243,0.1086,0.0962,0.0911,0.0875,0.0826,0.0778,0.0737,0.0713,0.0688,0.0675,0.0649,0.0624,0.0607,0.0563,0.051,0.0491,0.0478,0.0462,0.0419,0.0381,0.0351,0.0324,0.0318,0.0314,0.0316,0.0316,0.0308,0.03,0.0294,0.0299,0.029,0.0281,0.0279,0.0268,0.0255,0.0242,0.0224,0.0194,0.018,0.0175,0.0182,0.0187,0.0185,0.0182,0.0173,0.017,0.0182,0.0197,0.0198,0.0204,0.0205,0.0202,0.0196,0.0193
0.4147,0.4087,0.3938,0.3817,0.3688,0.3599,0.3519,0.344,0.3339,0.3212,0.3143,0.307,0.2994,0.2924,0.2874,0.2827,0.2797,0.2722,0.2604,0.2494,0.2436,0.2408,0.2349,0.2271,0.2143,0.2049,0.1964,0.1859,0.1789,0.1712,0.1607,0.1494,0.1285,0.1127,0.1022,0.0926,0.0871,0.0829,0.0808,0.0792,0.0776,0.0749,0.0701,0.0674,0.0652,0.0646,0.0638,0.0643,0.0639,0.0618,0.0586,0.0548,0.0534,0.0523,0.0509,0.0495,0.0487,0.0475,0.0461,0.0433,0.04,0.0376,0.0367,0.0366,0.0354,0.0325,0.031,0.0306,0.0309,0.0307,0.0298,0.0286,0.0274,0.0277,0.0264,0.0248,0.0227,0.022,0.0215,0.0205,0.0198,0.0179,0.0155,0.0143,0.0139,0.0124,0.01,0.0086,0.0077,0.0072
0.3955,0.3975,0.3894,0.3799,0.372,0.3617,0.3519,0.3441,0.3335,0.3206,0.3116,0.301,0.2905,0.2823,0.2739,0.2645,0.2519,0.2378,0.227,0.2127,0.1977,0.1838,0.175,0.1599,0.149,0.1419,0.1276,0.1161,0.1024,0.092,0.0828,0.0727,0.0605,0.0514,0.0465,0.0411,0.0388,0.0366,0.0347,0.0339,0.0315,0.029,0.0264,0.0253,0.0232,0.0202,0.0178,0.0156,0.0127,0.0105,0.0078,0.0056,0.0031,0.0017,0.0006,0.0002,0.0,0.0,0.0,0.0,0.0,0.0,0.0,0.0,0.0,0.0,0.0,0.0,0.0,0.0,0.0,0.0,0.0,0.0,0.0,0.0,0.0,0.0,0.0,0.0,0.0,0.0,0.0,0.0,0.0,0.0,0.0,0.0,0.0,0.0
0.37,0.3681,0.367,0.3607,0.3553,0.3466,0.3388,0.328,0.3181,0.3099,0.302,0.2935,0.2848,0.2766,0.2668,0.2619,0.251,0.2413,0.2322,0.2182,0.2042,0.1938,0.1837,0.1721,0.1651,0.1549,0.1449,0.1311,0.1206,0.1111,0.1029,0.0944,0.086,0.0762,0.0669,0.0575,0.0499,0.0465,0.0417,0.0355,0.0319,0.0291,0.0267,0.0236,0.02,0.0157,0.0123,0.0086,0.0053,0.0035,0.0018,0.001,0.0003,0.0,0.0,0.0,0.0,0.0,0.0,0.0,0.0,0.0,0.0,0.0,0.0,0.0,0.0,0.0,0.0,0.0,0.0,0.0,0.0,0.0,0.0,0.0,0.0,0.0,0.0,0.0,0.0,0.0,0.0,0.0,0.0,0.0,0.0,0.0,0.0,0.0
