0.3029,0.2895,0.2854,0.2762,0.2663,0.2547,0.2423,0.2309,0.2172,0.2051,0.1953,0.1867,0.1781,0.1677,0.1558,0.1422,0.1325,0.1228,0.1123,0.0999,0.0888,0.0806,0.071,0.0629,0.0555,0.0468,0.0384,0.0315,0.0251,0.0186,0.0155,0.0138,0.0091,0.0058,0.0034,0.0019,0.0009,0.0002,0.0,0.0,0.0,0.0,0.0,0.0,0.0,0.0,0.0,0.0,0.0,0.0,0.0,0.0,0.0,0.0,0.0,0.0,0.0,0.0,0.0,0.0,0.0,0.0,0.0,0.0,0.0,0.0,0.0,0.0,0.0,0.0,0.0,0.0,0.0,0.0,0.0,0.0,0.0,0.0,0.0,0.0,0.0,0.0,0.0,0.0,0.0,0.0,0.0,0.0,0.0,0.0
0.4341,0.4162,0.4058,0.3942,0.3791,0.3628,0.3443,0.3268,0.311,0.298,0.2869,0.2783,0.2671,0.2554,0.2429,0.2291,0.2203,0.202,0.1871,0.1718,0.1557,0.1441,0.1255,0.1151,0.1038,0.0911,0.0801,0.0685,0.0595,0.052,0.0456,0.0434,0.0344,0.0299,0.0255,0.0205,0.0166,0.0132,0.0107,0.0091,0.0078,0.006,0.0047,0.0033,0.0023,0.0016,0.001,0.0004,0.0,0.0,0.0,0.0,0.0,0.0,0.0,0.0,0.0,0.0,0.0,0.0,0.0,0.0,0.0,0.0,0.0,0.0,0.0,0.0,0.0,0.0,0.0,0.0,0.0,0.0,0.0,0.0,0.0,0.0,0.0,0.0,0.0,0.0,0.0,0.0,0.0,0.0,0.0,0.0,0.0,0.0
0.5355,0.5216,0.5052,0.4954,0.4838,0.4726,0.4622,0.4526,0.4414,0.4272,0.4114,0.3982,0.385,0.3741,0.3627,0.3484,0.3342,0.3231,0.31,0.2953,0.2812,0.2676,0.2574,0.2369,0.2157,0.198,0.1818,0.1648,0.1487,0.1332,0.1171,0.1112,0.1007,0.0896,0.08,0.0712,0.0633,0.0561,0.0488,0.043,0.0384,0.0344,0.0284,0.0239,0.0187,0.0164,0.0129,0.0093,0.0058,0.0032,0.0012,0.0003,0.0001,0.0,0.0,0.0001,0.0001,0.0001,0.0001,0.0001,0.0001,0.0,0.0001,0.0002,0.0003,0.0004,0.0005,0.0005,0.0004,0.0003,0.0003,0.0004,0.0004,0.0001,0.0001,0.0,0.0,0.0,0.0,0.0,0.0,0.0,0.0,0.0,0.0,0.0,0.0,0.0,0.0,0.0
0.3945,0.3825,0.3716,0.3641,0.3584,0.3557,0.3526,0.3475,0.3431,0.3361,0.3264,0.3164,0.3075,0.2999,0.2925,0.2864,0.2733,0.2675,0.2578,0.2449,0.2304,0.2138,0.203,0.188,0.1652,0.1478,0.1334,0.12,0.1096,0.0995,0.0881,0.0759,0.0661,0.0586,0.0519,0.0485,0.0451,0.0423,0.0399,0.0365,0.0341,0.0321,0.0296,0.0278,0.0259,0.0244,0.0231,0.0219,0.0206,0.0193,0.0185,0.0178,0.0169,0.0161,0.0153,0.0142,0.0132,0.0121,0.0107,0.0099,0.0093,0.0085,0.0076,0.0066,0.006,0.0055,0.0047,0.0041,0.0036,0.003,0.0026,0.0023,0.0021,0.0019,0.0017,0.0015,0.0013,0.0008,0.0004,0.0002,0.0001,0.0001,0.0,0.0,0.0,0.0,0.0,0.0,0.0,0.0
0.2223,0.2153,0.202,0.1881,0.1789,0.1719,0.1647,0.1579,0.1501,0.1404,0.1297,0.1194,0.109,0.0998,0.0899,0.0824,0.0747,0.069,0.0622,0.055,0.0469,0.0392,0.0336,0.0285,0.0254,0.0225,0.0203,0.019,0.017,0.016,0.0158,0.0156,0.0147,0.014,0.0121,0.0104,0.0095,0.0088,0.0084,0.0077,0.0067,0.0062,0.006,0.0053,0.0047,0.004,0.0034,0.0029,0.0022,0.0017,0.0013,0.001,0.0007,0.0004,0.0002,0.0001,0.0,0.0,0.0,0.0,0.0,0.0,0.0,0.0,0.0,0.0,0.0,0.0,0.0,0.0,0.0,0.0,0.0,0.0,0.0,0.0,0.0,0.0,0.0,0.0,0.0,0.0,0.0,0.0,0.0,0.0,0.0,0.0,0.0,0.0
0.078,0.0768,0.0732,0.0731,0.0728,0.0703,0.0689,0.0675,0.0645,0.0637,0.0604,0.0578,0.0572,0.0543,0.0522,0.0517,0.0505,0.0477,0.0462,0.045,0.0442,0.0429,0.0414,0.0397,0.0384,0.0364,0.0344,0.032,0.0296,0.0265,0.0229,0.0207,0.018,0.0163,0.0148,0.0132,0.0128,0.0128,0.0128,0.0122,0.0113,0.0101,0.0093,0.009,0.0091,0.0087,0.0082,0.0077,0.007,0.0083,0.0082,0.0075,0.0078,0.0089,0.0096,0.0095,0.0095,0.0092,0.0091,0.0091,0.0095,0.0087,0.008,0.0074,0.007,0.0061,0.0055,0.0048,0.0041,0.0032,0.0026,0.0021,0.0015,0.0011,0.0006,0.0002,0.0001,0.0,0.0,0.0,0.0,0.0,0.0,0.0,0.0,0.0,0.0,0.0,0.0,0.0
0.131,0.1291,0.127,0.1202,0.1126,0.1062,0.1044,0.1027,0.1005,0.0981,0.094,0.0888,0.0845,0.0843,0.0832,0.0815,0.0811,0.0798,0.0774,0.0758,0.0743,0.0717,0.0718,0.0715,0.0672,0.0632,0.0611,0.058,0.0556,0.0527,0.0517,0.052,0.0512,0.047,0.0442,0.0421,0.0429,0.0418,0.04,0.0381,0.0361,0.0345,0.0323,0.0299,0.0272,0.0258,0.0245,0.0234,0.0224,0.0199,0.0184,0.0176,0.0162,0.0141,0.0125,0.0112,0.0099,0.0089,0.0076,0.0063,0.0044,0.0026,0.0015,0.0008,0.0005,0.0002,0.0001,0.0,0.0,0.0,0.0,0.0001,0.0001,0.0001,0.0001,0.0001,0.0001,0.0001,0.0002,0.0002,0.0004,0.0005,0.0003,0.0003,0.0006,0.0008,0.001,0.0009,0.0008,0.0006
0.1795,0.1755,0.1739,0.1663,0.1539,0.1458,0.1398,0.1354,0.1326,0.1285,0.1278,0.1259,0.1222,0.1166,0.108,0.1,0.0917,0.0856,0.0821,0.0771,0.0728,0.0685,0.0667,0.0653,0.0612,0.0583,0.057,0.0557,0.0537,0.0525,0.0499,0.0461,0.0443,0.0443,0.0443,0.0442,0.0426,0.0409,0.038,0.0349,0.0335,0.0326,0.0322,0.0317,0.0312,0.0315,0.0317,0.0336,0.034,0.033,0.0324,0.031,0.03,0.0296,0.0315,0.0316,0.0311,0.0293,0.0279,0.0264,0.0259,0.027,0.0264,0.0256,0.0249,0.0234,0.0228,0.0224,0.0215,0.0199,0.0186,0.0173,0.0163,0.0157,0.0151,0.0145,0.0143,0.0141,0.0144,0.0142,0.0142,0.013,0.0124,0.0113,0.0089,0.0073,0.0058,0.0044,0.0035,0.0028
0.1415,0.138,0.1355,0.1344,0.1293,0.1264,0.1218,0.1172,0.1143,0.1095,0.1067,0.1055,0.1023,0.0975,0.0963,0.0925,0.0878,0.0853,0.0854,0.0829,0.0811,0.0793,0.0761,0.0681,0.0675,0.0671,0.066,0.0657,0.0648,0.064,0.0627,0.0622,0.0614,0.0606,0.0621,0.0617,0.0589,0.0566,0.0548,0.0535,0.0516,0.0496,0.0483,0.0468,0.0454,0.0437,0.0422,0.0394,0.0374,0.0362,0.0349,0.0336,0.0326,0.0312,0.0276,0.0235,0.0208,0.0193,0.0182,0.0174,0.0161,0.0137,0.0112,0.0099,0.007,0.0058,0.0049,0.0038,0.0032,0.0023,0.0018,0.0015,0.0013,0.0012,0.0011,0.0011,0.001,0.0009,0.0007,0.0005,0.0004,0.0004,0.0004,0.0004,0.0004,0.0003,0.0003,0.0002,0.0001,0.0001
0.1079,0.1041,0.0986,0.0943,0.0916,0.0892,0.086,0.0821,0.0827,0.0821,0.0799,0.0808,0.0802,0.0792,0.0792,0.0774,0.0764,0.074,0.0726,0.0702,0.0671,0.0656,0.0626,0.061,0.0596,0.0585,0.057,0.0558,0.0546,0.0532,0.0517,0.0499,0.048,0.0465,0.0452,0.0433,0.0419,0.041,0.0398,0.0385,0.0378,0.0377,0.0354,0.0316,0.0292,0.027,0.0245,0.0234,0.0209,0.0169,0.0138,0.0125,0.0114,0.01,0.0089,0.0077,0.0068,0.0061,0.005,0.0035,0.003,0.0029,0.0025,0.0019,0.0016,0.001,0.0006,0.0004,0.0002,0.0001,0.0001,0.0,0.0,0.0,0.0,0.0,0.0,0.0,0.0,0.0,0.0,0.0,0.0,0.0,0.0,0.0,0.0,0.0,0.0,0.0
0.1039,0.101,0.0949,0.0911,0.0879,0.0832,0.0832,0.0804,0.0757,0.0709,0.0666,0.0622,0.0589,0.0546,0.0502,0.0479,0.0457,0.0425,0.0406,0.036,0.0322,0.0297,0.0277,0.0294,0.0283,0.0273,0.026,0.025,0.0241,0.0234,0.0223,0.0212,0.0198,0.0185,0.0175,0.016,0.0142,0.0121,0.0108,0.01,0.0092,0.0078,0.0063,0.0058,0.0064,0.0072,0.0071,0.0067,0.0063,0.0061,0.0055,0.0052,0.005,0.0048,0.0043,0.0043,0.0042,0.004,0.004,0.0036,0.0031,0.0027,0.0029,0.0028,0.0024,0.0021,0.0012,0.0008,0.0003,0.0001,0.0,0.0,0.0,0.0,0.0,0.0,0.0,0.0,0.0,0.0,0.0,0.0,0.0,0.0,0.0,0.0,0.0,0.0,0.0,0.0
0.0925,0.0904,0.0862,0.0833,0.0818,0.0789,0.0779,0.0747,0.071,0.0679,0.0648,0.0603,0.0582,0.0561,0.0543,0.0527,0.0512,0.0501,0.0499,0.0487,0.0472,0.0451,0.0436,0.0439,0.0442,0.0433,0.0419,0.041,0.0407,0.0405,0.0398,0.0388,0.0378,0.0368,0.0354,0.0335,0.0325,0.0307,0.0292,0.0273,0.0256,0.0239,0.022,0.0206,0.0187,0.0165,0.0144,0.0127,0.0102,0.0089,0.0081,0.0071,0.0059,0.0048,0.0041,0.0032,0.0026,0.0018,0.0012,0.0015,0.0015,0.0014,0.0005,0.0002,0.0001,0.0,0.0,0.0,0.0,0.0,0.0,0.0,0.0,0.0,0.0,0.0,0.0,0.0,0.0,0.0,0.0,0.0,0.0,0.0,0.0,0.0,0.0,0.0,0.0,0.0
0.0824,0.0796,0.0762,0.0709,0.0691,0.067,0.0637,0.0611,0.0565,0.0563,0.055,0.051,0.0474,0.0438,0.0421,0.0402,0.0382,0.0361,0.0334,0.0326,0.0308,0.0281,0.0254,0.0233,0.0212,0.0183,0.0157,0.0139,0.0123,0.0106,0.0093,0.0081,0.0074,0.0067,0.0059,0.0049,0.004,0.0032,0.0021,0.0011,0.0007,0.0003,0.0,0.0,0.0,0.0,0.0,0.0,0.0,0.0,0.0,0.0,0.0,0.0,0.0,0.0,0.0,0.0,0.0,0.0,0.0,0.0,0.0,0.0,0.0,0.0,0.0,0.0,0.0,0.0,0.0,0.0,0.0,0.0,0.0,0.0,0.0,0.0,0.0,0.0,0.0,0.0,0.0,0.0,0.0,0.0,0.0,0.0,0.0,0.0
0.0458,0.0421,0.0403,0.0381,0.0352,0.0334,0.0313,0.0301,0.0279,0.0262,0.0246,0.0224,0.0195,0.0164,0.0139,0.012,0.0106,0.0094,0.0083,0.0076,0.007,0.0065,0.0057,0.0048,0.0039,0.0033,0.0024,0.0016,0.0009,0.0004,0.0002,0.0,0.0,0.0,0.0,0.0,0.0,0.0,0.0,0.0,0.0,0.0,0.0,0.0,0.0,0.0,0.0,0.0,0.0,0.0,0.0,0.0,0.0,0.0,0.0,0.0,0.0,0.0,0.0,0.0,0.0,0.0,0.0,0.0,0.0,0.0,0.0,0.0,0.0,0.0,0.0,0.0,0.0,0.0,0.0,0.0,0.0,0.0,0.0,0.0,0.0,0.0,0.0,0.0,0.0,0.0,0.0,0.0,0.0,0.0
0.0364,0.0321,0.0326,0.0282,0.0246,0.0238,0.0242,0.0234,0.023,0.0216,0.0166,0.0133,0.0111,0.0108,0.0086,0.0065,0.0059,0.0073,0.0071,0.0054,0.0034,0.0019,0.0011,0.0008,0.0004,0.0003,0.0003,0.0003,0.0004,0.0004,0.0004,0.0003,0.0002,0.0002,0.0001,0.0,0.0,0.0,0.0,0.0,0.0,0.0,0.0,0.0,0.0,0.0,0.0,0.0,0.0,0.0,0.0,0.0,0.0,0.0,0.0,0.0,0.0,0.0,0.0,0.0,0.0,0.0,0.0,0.0,0.0,0.0,0.0,0.0,0.0,0.0,0.0,0.0,0.0,0.0,0.0,0.0,0.0,0.0,0.0,0.0,0.0,0.0,0.0,0.0,0.0,0.0,0.0,0.0,0.0,0.0
0.163,0.157,0.1518,0.1489,0.1443,0.138,0.1343,0.1337,0.1312,0.1285,0.1216,0.1151,0.1099,0.1039,0.0972,0.0897,0.0841,0.0872,0.09,0.0887,0.0809,0.0761,0.0702,0.0663,0.0615,0.0575,0.0546,0.0537,0.0519,0.0486,0.0456,0.0413,0.0355,0.0316,0.0257,0.0221,0.0182,0.0164,0.0163,0.0157,0.015,0.0129,0.0105,0.0079,0.0053,0.003,0.0014,0.0006,0.0002,0.0,0.0,0.0,0.0,0.0,0.0,0.0001,0.0001,0.0,0.0,0.0,0.0,0.0,0.0,0.0,0.0,0.0,0.0,0.0,0.0,0.0,0.0,0.0,0.0,0.0,0.0,0.0,0.0,0.0,0.0,0.0,0.0,0.0,0.0,0.0,0.0,0.0,0.0,0.0,0.0,0.0
0.2758,0.2697,0.26,0.2554,0.253,0.2493,0.2465,0.2433,0.24,0.2339,0.2278,0.2239,0.2238,0.2192,0.2163,0.2102,0.2039,0.1955,0.1915,0.1891,0.1845,0.1824,0.1801,0.1727,0.1662,0.1588,0.1535,0.1546,0.1522,0.1478,0.1417,0.134,0.1258,0.1181,0.1072,0.098,0.0909,0.0854,0.0825,0.0781,0.0752,0.0702,0.065,0.0599,0.0554,0.0498,0.0436,0.0387,0.0352,0.0321,0.0302,0.0284,0.0265,0.0245,0.0236,0.0215,0.0196,0.0176,0.0153,0.013,0.0114,0.0096,0.0078,0.0061,0.0046,0.0034,0.0026,0.0021,0.0016,0.0012,0.001,0.0007,0.0004,0.0,0.0,0.0,0.0,0.0,0.0,0.0,0.0,0.0,0.0,0.0,0.0,0.0,0.0,0.0,0.0,0.0
0.3226,0.3164,0.3064,0.2915,0.2813,0.2709,0.26,0.2513,0.2458,0.2421,0.2351,0.2245,0.2179,0.214,0.2097,0.2029,0.1969,0.19,0.1782,0.1722,0.1702,0.1629,0.1528,0.1471,0.1419,0.1382,0.135,0.1247,0.1177,0.1099,0.1033,0.0963,0.0927,0.0864,0.0814,0.0775,0.0726,0.068,0.0627,0.0572,0.0514,0.0467,0.0407,0.0369,0.0339,0.0319,0.0296,0.0268,0.0245,0.0221,0.0192,0.0159,0.0122,0.0101,0.0085,0.0056,0.0034,0.0024,0.0019,0.0015,0.0013,0.0008,0.0003,0.0002,0.0001,0.0001,0.0,0.0,0.0,0.0,0.0,0.0,0.0,0.0,0.0,0.0,0.0,0.0,0.0,0.0,0.0,0.0,0.0,0.0,0.0,0.0,0.0,0.0,0.0,0.0
0.3491,0.3393,0.3328,0.3219,0.3092,0.3011,0.2869,0.2725,0.2591,0.2473,0.2418,0.2288,0.2186,0.2113,0.2106,0.2075,0.2005,0.1919,0.1843,0.1793,0.1771,0.1718,0.1653,0.154,0.1436,0.1333,0.1253,0.1244,0.1233,0.121,0.1157,0.1048,0.0959,0.0869,0.0764,0.0733,0.0678,0.0643,0.0622,0.0621,0.0604,0.0585,0.0552,0.0536,0.053,0.0498,0.0463,0.0425,0.0395,0.0383,0.0371,0.0354,0.0325,0.0293,0.0267,0.0226,0.0211,0.0181,0.0149,0.0128,0.0117,0.011,0.0098,0.0073,0.0055,0.0037,0.0024,0.0015,0.0009,0.0003,0.0,0.0001,0.0001,0.0001,0.0001,0.0,0.0,0.0,0.0,0.0,0.0,0.0,0.0,0.0,0.0,0.0,0.0,0.0,0.0,0.0
0.4175,0.4134,0.4088,0.4041,0.3926,0.3877,0.3806,0.3707,0.3617,0.3535,0.3492,0.3461,0.3387,0.3339,0.3264,0.3272,0.324,0.3179,0.3113,0.306,0.3044,0.3012,0.2977,0.2938,0.2886,0.2819,0.2716,0.2666,0.2659,0.2626,0.26,0.2564,0.2477,0.2429,0.2322,0.2272,0.2218,0.2156,0.2104,0.2087,0.2062,0.2023,0.1974,0.1928,0.1906,0.1866,0.1813,0.175,0.1664,0.159,0.1567,0.1528,0.1476,0.1389,0.1341,0.124,0.1179,0.1111,0.102,0.093,0.0878,0.0889,0.0917,0.089,0.0855,0.0834,0.0793,0.0729,0.066,0.0619,0.0592,0.0528,0.0519,0.0527,0.0503,0.047,0.0436,0.0409,0.0387,0.0379,0.0359,0.0337,0.0331,0.033,0.0331,0.0327,0.0331,0.0331,0.034,0.0372
0.4192,0.4148,0.4091,0.406,0.4009,0.397,0.3925,0.3841,0.3742,0.3645,0.3583,0.359,0.3533,0.3475,0.3371,0.3322,0.3286,0.3235,0.3184,0.3107,0.3046,0.2981,0.2931,0.2892,0.2842,0.2786,0.2713,0.2637,0.2589,0.2558,0.2522,0.2512,0.2467,0.2426,0.2391,0.2338,0.2328,0.2296,0.225,0.2198,0.2195,0.2196,0.2173,0.2135,0.2108,0.2099,0.2084,0.2068,0.204,0.1989,0.1942,0.19,0.1881,0.1859,0.1819,0.1819,0.1765,0.1707,0.1655,0.1616,0.1561,0.1555,0.1458,0.1386,0.1334,0.1278,0.1216,0.1186,0.1182,0.1162,0.1131,0.1084,0.1046,0.1022,0.0999,0.0974,0.0953,0.092,0.0908,0.0886,0.0865,0.0848,0.0838,0.0811,0.0771,0.0733,0.0698,0.0678,0.0659,0.062
0.3666,0.3592,0.3554,0.3535,0.3497,0.3426,0.3389,0.3342,0.3276,0.3182,0.3082,0.3027,0.2976,0.2905,0.2851,0.2776,0.2722,0.2652,0.2598,0.2497,0.2384,0.2291,0.2223,0.2158,0.2103,0.2052,0.2011,0.1945,0.1861,0.1763,0.17,0.1689,0.17,0.1685,0.1718,0.1673,0.1623,0.1583,0.1529,0.1445,0.1349,0.1252,0.1199,0.1148,0.1077,0.0989,0.0928,0.0862,0.0819,0.0796,0.0759,0.0706,0.0638,0.0612,0.0602,0.0598,0.0612,0.0597,0.0592,0.0583,0.0559,0.046,0.0395,0.0338,0.0292,0.0255,0.0231,0.0228,0.0239,0.0245,0.023,0.024,0.0243,0.0217,0.0209,0.0205,0.0205,0.0208,0.0193,0.0175,0.0164,0.0147,0.0124,0.0089,0.0062,0.0044,0.0033,0.0026,0.0023,0.0018
0.2238,0.2159,0.209,0.2057,0.1985,0.1911,0.1854,0.1799,0.1752,0.1701,0.1636,0.1579,0.1556,0.1518,0.1514,0.1463,0.1414,0.1354,0.1303,0.1263,0.12,0.1131,0.1081,0.103,0.0986,0.0937,0.0901,0.0855,0.0787,0.0736,0.069,0.0655,0.0643,0.0614,0.0606,0.0555,0.0492,0.0444,0.0388,0.0332,0.0284,0.0207,0.014,0.0078,0.0052,0.0033,0.0019,0.0011,0.0006,0.0006,0.0007,0.0008,0.0007,0.0007,0.0007,0.0007,0.001,0.0012,0.0012,0.0014,0.0017,0.0012,0.001,0.0007,0.0004,0.0001,0.0001,0.0,0.0001,0.0001,0.0,0.0,0.0,0.0,0.0,0.0,0.0,0.0,0.0,0.0,0.0,0.0,0.0,0.0,0.0,0.0,0.0,0.0,0.0,0.0
0.2328,0.2256,0.2202,0.2137,0.2086,0.2018,0.1957,0.1903,0.1848,0.1787,0.172,0.1651,0.157,0.1491,0.1419,0.135,0.1281,0.1225,0.1171,0.1122,0.1064,0.1013,0.0961,0.0917,0.0883,0.0852,0.0813,0.077,0.0722,0.0661,0.0599,0.0548,0.051,0.0472,0.0451,0.039,0.0335,0.0264,0.0205,0.0155,0.0108,0.0069,0.0043,0.0035,0.0035,0.0037,0.0036,0.0033,0.0029,0.0023,0.0015,0.0008,0.0004,0.0003,0.0002,0.0,0.0,0.0,0.0,0.0,0.0,0.0,0.0,0.0,0.0,0.0,0.0,0.0,0.0,0.0,0.0,0.0,0.0,0.0,0.0,0.0,0.0,0.0,0.0,0.0,0.0,0.0,0.0,0.0,0.0,0.0,0.0,0.0,0.0,0.0
0.1696,0.1651,0.1621,0.1588,0.1546,0.1493,0.1451,0.1425,0.1398,0.1379,0.1342,0.1291,0.1247,0.1195,0.1158,0.1116,0.1061,0.1011,0.0957,0.0967,0.0956,0.0918,0.0877,0.084,0.0834,0.0818,0.079,0.0767,0.0758,0.0744,0.0713,0.0681,0.065,0.0635,0.0608,0.0574,0.054,0.0503,0.0467,0.0415,0.0364,0.0333,0.0306,0.0275,0.0224,0.0179,0.0146,0.013,0.0114,0.0098,0.0083,0.0069,0.0059,0.0057,0.0058,0.0058,0.0053,0.0055,0.0051,0.0044,0.0044,0.0046,0.0046,0.0048,0.0054,0.0058,0.0054,0.0049,0.0049,0.0049,0.005,0.005,0.005,0.005,0.0049,0.0048,0.0046,0.0046,0.0046,0.0044,0.004,0.0036,0.0033,0.0031,0.0033,0.0034,0.0036,0.0044,0.0047,0.0048
0.1945,0.1885,0.1863,0.1834,0.1802,0.1767,0.1736,0.1711,0.1681,0.1642,0.1602,0.1564,0.153,0.1485,0.1439,0.1375,0.1315,0.1273,0.1237,0.1228,0.1184,0.1123,0.1066,0.1032,0.1012,0.0995,0.0957,0.0919,0.0921,0.0905,0.0893,0.0876,0.0847,0.0833,0.0821,0.0796,0.0763,0.0718,0.0674,0.0632,0.0588,0.0569,0.0578,0.0584,0.0592,0.0597,0.0605,0.0612,0.06,0.0588,0.0577,0.0557,0.0529,0.0525,0.0533,0.0535,0.0521,0.0509,0.0496,0.0477,0.0479,0.0484,0.0473,0.0461,0.0452,0.0441,0.0428,0.0416,0.041,0.04,0.0392,0.0376,0.0356,0.0335,0.0314,0.029,0.0264,0.0247,0.023,0.0219,0.0209,0.0191,0.0174,0.0161,0.0151,0.0146,0.014,0.0118,0.0105,0.0095
0.1536,0.1533,0.1537,0.1538,0.1534,0.1527,0.1558,0.1573,0.1584,0.1567,0.1567,0.1555,0.1553,0.1525,0.1489,0.1441,0.1409,0.1376,0.1347,0.1319,0.1286,0.1256,0.1242,0.1221,0.1213,0.1217,0.1223,0.1217,0.1192,0.1172,0.1145,0.112,0.1094,0.1066,0.1024,0.0987,0.0945,0.0904,0.0853,0.0789,0.074,0.0712,0.0666,0.0587,0.0501,0.0439,0.0384,0.0348,0.0331,0.032,0.0305,0.0297,0.0292,0.0284,0.0258,0.0233,0.0224,0.022,0.0231,0.0228,0.0208,0.0179,0.0166,0.0146,0.0121,0.0103,0.0105,0.01,0.0088,0.0079,0.007,0.0057,0.0039,0.0026,0.0016,0.0008,0.0004,0.0002,0.0002,0.0001,0.0,0.0,0.0,0.0,0.0,0.0,0.0,0.0,0.0,0.0
0.1111,0.1079,0.1047,0.1022,0.1014,0.0995,0.0954,0.0915,0.0888,0.0864,0.085,0.0849,0.0831,0.0835,0.083,0.0831,0.0824,0.0818,0.0811,0.076,0.0672,0.0639,0.0629,0.0623,0.0557,0.0467,0.0413,0.0372,0.0296,0.0221,0.0178,0.0151,0.013,0.0105,0.008,0.0062,0.0045,0.0033,0.0018,0.0009,0.0004,0.0003,0.0002,0.0001,0.0001,0.0,0.0,0.0,0.0,0.0,0.0,0.0,0.0,0.0,0.0,0.0,0.0,0.0,0.0,0.0,0.0,0.0,0.0,0.0,0.0,0.0,0.0,0.0,0.0,0.0,0.0,0.0,0.0,0.0,0.0,0.0,0.0,0.0,0.0,0.0,0.0,0.0,0.0,0.0,0.0,0.0,0.0,0.0,0.0,0.0
0.0324,0.0288,0.0268,0.0246,0.0234,0.0233,0.0209,0.0181,0.0161,0.0159,0.0156,0.0152,0.0142,0.0122,0.0117,0.0107,0.0098,0.0089,0.008,0.0075,0.0063,0.0055,0.0049,0.0044,0.0044,0.0043,0.0042,0.0041,0.004,0.0039,0.0037,0.0035,0.0034,0.0032,0.0029,0.0026,0.0023,0.0021,0.002,0.0019,0.0018,0.0016,0.0015,0.0015,0.0014,0.0013,0.0012,0.0011,0.001,0.001,0.0009,0.0007,0.0007,0.0006,0.0005,0.0004,0.0003,0.0003,0.0003,0.0003,0.0003,0.0003,0.0003,0.0003,0.0003,0.0003,0.0003,0.0003,0.0003,0.0003,0.0003,0.0003,0.0003,0.0003,0.0003,0.0003,0.0003,0.0004,0.0004,0.0004,0.0004,0.0005,0.0005,0.0005,0.0006,0.0006,0.0005,0.0004,0.0003,0.0003
0.0385,0.0377,0.036,0.036,0.0362,0.0347,0.034,0.0333,0.0337,0.0339,0.034,0.0341,0.0345,0.0339,0.03,0.0256,0.0257,0.0283,0.0295,0.0299,0.0289,0.0271,0.0268,0.027,0.0281,0.0284,0.0294,0.0298,0.0296,0.0299,0.0307,0.0311,0.0316,0.0317,0.0319,0.0319,0.0323,0.0323,0.0325,0.0329,0.0342,0.0349,0.0351,0.0354,0.0363,0.0371,0.0372,0.037,0.0368,0.0352,0.0356,0.0356,0.0361,0.0361,0.0364,0.0377,0.0376,0.0373,0.0365,0.0359,0.0353,0.0349,0.034,0.0317,0.033,0.0336,0.0315,0.0294,0.0291,0.0319,0.0327,0.0329,0.0339,0.0341,0.0342,0.0336,0.0329,0.0326,0.0324,0.0326,0.0327,0.0329,0.033,0.0326,0.0317,0.0312,0.031,0.031,0.0308,0.032
0.4209,0.4101,0.4023,0.3974,0.3963,0.3914,0.3863,0.3813,0.3851,0.3866,0.3896,0.3945,0.3995,0.3967,0.3812,0.3656,0.3563,0.3529,0.3528,0.3547,0.35,0.3398,0.3351,0.3358,0.3368,0.3344,0.3362,0.3383,0.3368,0.3346,0.3354,0.3359,0.3396,0.3453,0.3506,0.354,0.3544,0.3527,0.3528,0.3553,0.3604,0.3641,0.3663,0.3675,0.3659,0.3652,0.3584,0.3503,0.3438,0.3377,0.3339,0.3318,0.3321,0.3329,0.3307,0.3299,0.3312,0.3296,0.3262,0.3229,0.3201,0.3164,0.3114,0.308,0.3084,0.3094,0.3072,0.3024,0.2997,0.2983,0.2951,0.2948,0.2946,0.295,0.2951,0.294,0.2926,0.2931,0.2945,0.2976,0.3018,0.3084,0.3136,0.3182,0.3189,0.3168,0.3151,0.3142,0.3118,0.3079
0.4692,0.4677,0.4625,0.4548,0.4478,0.44,0.4267,0.4361,0.4368,0.4372,0.435,0.4303,0.4253,0.4256,0.4355,0.4339,0.4298,0.4257,0.4224,0.4197,0.4185,0.4131,0.4068,0.4024,0.3998,0.3972,0.3943,0.3914,0.3862,0.3801,0.3751,0.3702,0.3572,0.3412,0.3448,0.3403,0.3304,0.3185,0.3048,0.2898,0.2723,0.2541,0.2374,0.2222,0.2047,0.1869,0.1719,0.1608,0.1544,0.1498,0.1482,0.1499,0.1422,0.1315,0.1243,0.1192,0.1171,0.1199,0.1169,0.1079,0.0993,0.0964,0.0961,0.0968,0.0982,0.0947,0.096,0.1022,0.1077,0.1081,0.1088,0.1064,0.1011,0.0882,0.0877,0.0893,0.0914,0.092,0.0917,0.0914,0.0911,0.0868,0.0822,0.0794,0.077,0.0775,0.0772,0.0714,0.0706,0.0761
0.4594,0.455,0.4434,0.4337,0.42,0.41,0.4023,0.4031,0.3968,0.3934,0.3871,0.38,0.3745,0.3635,0.3671,0.367,0.3563,0.3365,0.3193,0.3057,0.2976,0.2907,0.28,0.2699,0.2582,0.2482,0.2406,0.23,0.222,0.2141,0.2112,0.1989,0.1905,0.179,0.1704,0.157,0.1415,0.1241,0.1083,0.0935,0.0828,0.0725,0.0675,0.0646,0.0607,0.0564,0.0495,0.0404,0.0374,0.0357,0.0344,0.0412,0.0447,0.0461,0.0446,0.0419,0.0414,0.0404,0.0368,0.0233,0.0224,0.0243,0.0243,0.0224,0.0268,0.0334,0.0334,0.0345,0.0313,0.0349,0.0337,0.0315,0.0278,0.0168,0.016,0.0169,0.0178,0.0179,0.0181,0.0179,0.0226,0.023,0.0205,0.0174,0.0137,0.01,0.0056,0.0032,0.0041,0.0064
0.4572,0.4531,0.4391,0.4287,0.4152,0.4045,0.4003,0.3958,0.3924,0.3828,0.376,0.3658,0.3575,0.3486,0.3486,0.3451,0.3362,0.3247,0.3109,0.2972,0.2898,0.2872,0.2829,0.2735,0.2668,0.2651,0.2584,0.2505,0.244,0.2388,0.233,0.2221,0.2063,0.1929,0.1785,0.1617,0.1472,0.1374,0.1284,0.1214,0.1178,0.1119,0.1064,0.1012,0.0946,0.0877,0.0808,0.0756,0.0726,0.0696,0.0646,0.0584,0.0519,0.0442,0.0386,0.0346,0.0313,0.0284,0.0264,0.0257,0.0219,0.0209,0.0201,0.0188,0.0171,0.0141,0.0119,0.0103,0.0092,0.0078,0.0067,0.0057,0.0047,0.0037,0.0029,0.0023,0.0021,0.0016,0.0011,0.0007,0.0002,0.0,0.0,0.0,0.0,0.0,0.0,0.0,0.0,0.0001
0.4397,0.4437,0.4378,0.4299,0.4241,0.4122,0.4044,0.3962,0.3948,0.3862,0.3815,0.3701,0.3562,0.3421,0.329,0.3288,0.3252,0.3167,0.3037,0.288,0.2742,0.2626,0.2577,0.2509,0.2426,0.2293,0.2206,0.2094,0.1958,0.1806,0.1703,0.1683,0.1597,0.1476,0.1329,0.1166,0.1021,0.0896,0.0788,0.0681,0.057,0.048,0.0361,0.0288,0.0179,0.0099,0.0057,0.0043,0.0038,0.0032,0.0028,0.0023,0.0021,0.002,0.0017,0.0012,0.0009,0.0006,0.0002,0.0001,0.0,0.0,0.0,0.0,0.0001,0.0001,0.0001,0.0001,0.0001,0.0,0.0,0.0,0.0,0.0,0.0,0.0,0.0,0.0,0.0,0.0,0.0,0.0,0.0,0.0,0.0,0.0,0.0,0.0,0.0,0.0
0.3618,0.357,0.3577,0.3534,0.3502,0.344,0.3359,0.3272,0.3173,0.3117,0.3031,0.2973,0.291,0.2811,0.2706,0.2576,0.2517,0.2494,0.2434,0.2367,0.2242,0.2047,0.1868,0.17,0.157,0.1431,0.1281,0.1175,0.1097,0.1043,0.0964,0.0918,0.0876,0.0825,0.0769,0.0725,0.0666,0.0597,0.053,0.0457,0.0395,0.0336,0.0289,0.0245,0.0216,0.0159,0.0106,0.0048,0.0015,0.0004,0.0,0.0,0.0,0.0,0.0,0.0,0.0,0.0,0.0,0.0,0.0,0.0,0.0,0.0,0.0,0.0,0.0,0.0,0.0,0.0,0.0,0.0,0.0,0.0,0.0,0.0,0.0,0.0,0.0,0.0,0.0,0.0,0.0,0.0,0.0,0.0,0.0,0.0,0.0,0.0
