0.3013,0.2836,0.2776,0.2709,0.2602,0.254,0.2476,0.2391,0.2261,0.2169,0.2022,0.1945,0.1869,0.1781,0.1733,0.1698,0.1607,0.149,0.1424,0.1327,0.1203,0.1191,0.1144,0.1067,0.0968,0.0916,0.0852,0.0745,0.0668,0.0599,0.0538,0.0491,0.0425,0.0366,0.0325,0.0303,0.0253,0.0209,0.0164,0.0115,0.0094,0.0062,0.0031,0.0013,0.0007,0.0002,0.0,0.0,0.0,0.0,0.0,0.0,0.0,0.0,0.0,0.0,0.0,0.0,0.0,0.0,0.0,0.0,0.0,0.0,0.0,0.0,0.0,0.0,0.0,0.0,0.0,0.0,0.0,0.0,0.0,0.0,0.0,0.0,0.0,0.0,0.0,0.0,0.0,0.0,0.0,0.0,0.0,0.0,0.0,0.0
0.325,0.3079,0.2956,0.2796,0.2655,0.2486,0.2276,0.2125,0.1944,0.1793,0.1638,0.1471,0.1303,0.116,0.1033,0.0952,0.0821,0.0689,0.0601,0.0535,0.0471,0.0421,0.0374,0.0328,0.0271,0.0234,0.0204,0.0172,0.0144,0.0119,0.0099,0.0081,0.0065,0.0047,0.0031,0.0019,0.0012,0.0003,0.0,0.0,0.0,0.0,0.0,0.0,0.0,0.0,0.0,0.0,0.0,0.0,0.0,0.0,0.0,0.0,0.0,0.0002,0.0008,0.0015,0.0015,0.0019,0.002,0.0024,0.0028,0.003,0.0029,0.0032,0.0033,0.0031,0.0024,0.0016,0.0011,0.0005,0.0002,0.0001,0.0,0.0,0.0,0.0,0.0,0.0,0.0,0.0,0.0,0.0,0.0,0.0,0.0,0.0,0.0,0.0
0.4932,0.4778,0.4654,0.4561,0.448,0.4398,0.4271,0.416,0.4075,0.3935,0.3841,0.3709,0.3601,0.3507,0.3378,0.3302,0.3207,0.3059,0.2888,0.2771,0.26,0.2415,0.2305,0.2144,0.1978,0.1805,0.1661,0.1522,0.1386,0.13,0.1236,0.1105,0.098,0.0908,0.0806,0.0713,0.067,0.064,0.0584,0.0542,0.0476,0.0407,0.0362,0.0342,0.0321,0.0286,0.0248,0.0222,0.0206,0.0193,0.0185,0.0186,0.0188,0.0185,0.018,0.017,0.0169,0.0147,0.0129,0.011,0.0094,0.0077,0.006,0.0041,0.003,0.0019,0.001,0.0009,0.0005,0.0002,0.0,0.0,0.0,0.0,0.0,0.0,0.0,0.0,0.0001,0.0001,0.0001,0.0002,0.0001,0.0001,0.0001,0.0001,0.0,0.0,0.0,0.0
0.3699,0.3575,0.3454,0.3387,0.332,0.3244,0.319,0.3091,0.3041,0.2943,0.2852,0.2735,0.2609,0.2496,0.2418,0.2338,0.2312,0.2287,0.2207,0.2101,0.2034,0.1955,0.1895,0.1854,0.181,0.1706,0.161,0.1512,0.1425,0.135,0.1289,0.1181,0.1101,0.1021,0.095,0.088,0.0825,0.0771,0.0701,0.0639,0.0591,0.0557,0.0516,0.0472,0.0436,0.0409,0.0394,0.0375,0.0358,0.0347,0.0324,0.028,0.0251,0.0228,0.0211,0.0196,0.0177,0.0165,0.0159,0.0149,0.014,0.0134,0.0129,0.0122,0.0116,0.011,0.0106,0.0098,0.0095,0.0092,0.0089,0.0085,0.0082,0.0084,0.0081,0.0076,0.0071,0.0064,0.0058,0.0056,0.0056,0.0054,0.005,0.0045,0.0043,0.0041,0.0041,0.004,0.0038,0.0036
0.209,0.1996,0.1829,0.1647,0.1519,0.1391,0.1287,0.1222,0.1134,0.1088,0.1011,0.0925,0.083,0.074,0.0686,0.0636,0.058,0.0514,0.0466,0.0418,0.0394,0.0347,0.0316,0.0294,0.0267,0.0246,0.0223,0.0199,0.0184,0.017,0.014,0.0117,0.0109,0.0101,0.0094,0.0086,0.0076,0.0069,0.0059,0.0049,0.004,0.003,0.0022,0.0015,0.0009,0.0006,0.0005,0.0005,0.0005,0.0004,0.0004,0.0004,0.0004,0.0003,0.0003,0.0003,0.0003,0.0003,0.0003,0.0002,0.0002,0.0002,0.0001,0.0001,0.0,0.0,0.0,0.0,0.0,0.0,0.0,0.0,0.0,0.0,0.0,0.0,0.0,0.0,0.0,0.0001,0.0002,0.0002,0.0001,0.0,0.0,0.0,0.0002,0.0003,0.0008,0.0008
0.0732,0.0717,0.0676,0.065,0.065,0.063,0.0601,0.0592,0.0578,0.0569,0.0539,0.052,0.0505,0.0502,0.0484,0.0469,0.0444,0.0416,0.0403,0.037,0.035,0.0321,0.0293,0.0275,0.025,0.0246,0.0234,0.0218,0.0203,0.0202,0.0177,0.0153,0.0132,0.0116,0.0098,0.01,0.0085,0.007,0.0064,0.0066,0.0066,0.0069,0.0059,0.0047,0.0044,0.0045,0.0048,0.0039,0.0034,0.0034,0.0028,0.0023,0.0026,0.0023,0.0017,0.0014,0.0008,0.0006,0.0004,0.0009,0.0019,0.0026,0.003,0.0039,0.0057,0.0079,0.0093,0.0125,0.0135,0.0141,0.0139,0.0138,0.0132,0.0126,0.0121,0.0114,0.0105,0.0096,0.0091,0.0085,0.0077,0.0076,0.0068,0.0065,0.0063,0.006,0.0053,0.0048,0.0043,0.0033
0.1388,0.1371,0.1334,0.128,0.1253,0.1166,0.1113,0.1066,0.1037,0.1032,0.1021,0.0994,0.0957,0.0938,0.0927,0.0904,0.0868,0.0838,0.0865,0.0827,0.0838,0.0852,0.0849,0.0849,0.0792,0.0752,0.0733,0.0675,0.0687,0.0682,0.0657,0.0604,0.0566,0.0509,0.0467,0.0479,0.048,0.0444,0.0417,0.0407,0.0394,0.0377,0.0377,0.0352,0.0351,0.0343,0.0356,0.034,0.0318,0.0327,0.0352,0.0353,0.0345,0.0348,0.0332,0.0334,0.0328,0.0327,0.0325,0.032,0.0318,0.0302,0.0288,0.0272,0.0252,0.0223,0.0203,0.0172,0.0138,0.0115,0.0098,0.0072,0.0053,0.0048,0.0045,0.0039,0.0038,0.0037,0.0036,0.0028,0.0018,0.0015,0.0008,0.0003,0.0001,0.0,0.0,0.0001,0.0002,0.0003
0.1879,0.185,0.1847,0.1787,0.1664,0.1584,0.1503,0.1438,0.1388,0.1342,0.1309,0.1285,0.1259,0.1224,0.1194,0.116,0.1155,0.1137,0.1092,0.1084,0.1025,0.0945,0.0883,0.0846,0.0847,0.082,0.0791,0.0778,0.07,0.0633,0.0606,0.0586,0.058,0.0568,0.0565,0.0527,0.05,0.0497,0.0481,0.0445,0.0412,0.0391,0.0378,0.0376,0.0363,0.0339,0.031,0.0311,0.0308,0.0288,0.0238,0.0201,0.0186,0.0168,0.0159,0.0137,0.0133,0.012,0.0108,0.01,0.0072,0.0055,0.0052,0.0054,0.0039,0.0033,0.0029,0.0023,0.0017,0.0013,0.0012,0.0012,0.0012,0.0014,0.0017,0.0018,0.0018,0.0015,0.0015,0.0013,0.0011,0.0009,0.0004,0.0001,0.0001,0.0,0.0,0.0001,0.0001,0.0001
0.1362,0.132,0.1278,0.1247,0.1178,0.1127,0.1077,0.1053,0.1024,0.0979,0.0955,0.093,0.0904,0.0882,0.086,0.084,0.0829,0.0813,0.0789,0.0774,0.0756,0.0722,0.0696,0.0673,0.0662,0.0652,0.0639,0.0637,0.0628,0.0616,0.0609,0.0604,0.0593,0.0579,0.0555,0.0532,0.053,0.0516,0.0493,0.0483,0.0466,0.0449,0.0431,0.0411,0.0385,0.0374,0.0355,0.0337,0.0309,0.0292,0.0286,0.0279,0.0265,0.0247,0.0238,0.0231,0.0221,0.0215,0.0209,0.0197,0.0191,0.0175,0.0164,0.0144,0.0138,0.0131,0.0117,0.0106,0.0095,0.0083,0.0071,0.0062,0.005,0.0035,0.0025,0.002,0.0017,0.001,0.0003,0.0,0.0,0.0,0.0,0.0,0.0,0.0,0.0,0.0,0.0,0.0
0.1062,0.1015,0.0968,0.0944,0.0915,0.0885,0.0841,0.0815,0.0804,0.0777,0.0755,0.0766,0.0716,0.0671,0.0669,0.0617,0.0594,0.0576,0.056,0.0587,0.0575,0.0575,0.0565,0.0557,0.0557,0.0558,0.0519,0.0466,0.0439,0.0426,0.0429,0.0418,0.0397,0.0354,0.0317,0.0292,0.0283,0.0264,0.0249,0.0236,0.0228,0.0219,0.0213,0.0204,0.0194,0.0184,0.0173,0.0161,0.015,0.0136,0.0131,0.0131,0.0127,0.012,0.0113,0.0107,0.01,0.0095,0.0085,0.0074,0.006,0.0044,0.0033,0.0021,0.0014,0.0009,0.0005,0.0002,0.0,0.0,0.0,0.0,0.0,0.0,0.0,0.0,0.0,0.0,0.0,0.0,0.0,0.0,0.0,0.0,0.0,0.0,0.0,0.0,0.0,0.0
0.1354,0.1328,0.1269,0.1225,0.1201,0.1167,0.1146,0.1116,0.1093,0.1101,0.1104,0.1047,0.1009,0.0963,0.0944,0.0935,0.0901,0.0898,0.0874,0.0836,0.082,0.0789,0.0766,0.0739,0.0721,0.0702,0.0688,0.0668,0.0641,0.0615,0.0596,0.0566,0.0548,0.0535,0.0504,0.0468,0.0442,0.0415,0.0391,0.0357,0.0333,0.0301,0.028,0.0259,0.0233,0.0214,0.0192,0.0174,0.015,0.0122,0.0104,0.0091,0.0075,0.0062,0.0052,0.0045,0.0039,0.0038,0.0043,0.0043,0.0041,0.0039,0.0034,0.003,0.0025,0.002,0.0016,0.0014,0.0011,0.0011,0.0009,0.0007,0.0005,0.0002,0.0,0.0,0.0,0.0,0.0,0.0,0.0,0.0,0.0,0.0,0.0,0.0,0.0,0.0,0.0,0.0
0.1257,0.1243,0.1202,0.1192,0.1183,0.116,0.1124,0.1094,0.1057,0.1075,0.1081,0.1048,0.1022,0.0993,0.0966,0.0978,0.0959,0.0983,0.0991,0.0973,0.098,0.0992,0.0995,0.0995,0.1001,0.0997,0.0979,0.0958,0.0943,0.09,0.0877,0.0861,0.086,0.0842,0.0824,0.0814,0.0787,0.0777,0.0765,0.073,0.0695,0.0661,0.0635,0.0631,0.0614,0.0585,0.0554,0.0529,0.0514,0.0489,0.0469,0.0461,0.0449,0.0409,0.0394,0.0373,0.034,0.0305,0.0261,0.0195,0.014,0.0098,0.0079,0.0056,0.0042,0.0033,0.0025,0.002,0.0017,0.0013,0.0011,0.0008,0.0006,0.0005,0.0003,0.0001,0.0,0.0,0.0,0.0,0.0,0.0,0.0,0.0,0.0,0.0,0.0,0.0,0.0,0.0
0.1191,0.1161,0.1122,0.1076,0.1076,0.107,0.106,0.1044,0.1018,0.0982,0.0961,0.094,0.0958,0.0965,0.094,0.0916,0.0913,0.0867,0.0841,0.0825,0.0785,0.0755,0.0724,0.0694,0.0644,0.0596,0.0581,0.0567,0.0553,0.0546,0.0522,0.0536,0.0516,0.0495,0.0472,0.0436,0.0415,0.0381,0.0349,0.0333,0.0318,0.0305,0.0281,0.025,0.0216,0.02,0.0198,0.0187,0.0167,0.0157,0.015,0.0132,0.0112,0.0107,0.0083,0.0061,0.005,0.0031,0.0014,0.0006,0.0003,0.0001,0.0,0.0,0.0,0.0,0.0,0.0,0.0,0.0,0.0,0.0,0.0,0.0,0.0,0.0,0.0,0.0,0.0,0.0,0.0,0.0,0.0,0.0,0.0,0.0,0.0,0.0,0.0,0.0
0.0677,0.0647,0.0634,0.0587,0.0519,0.0479,0.0461,0.0447,0.0431,0.0408,0.0377,0.036,0.035,0.0347,0.0338,0.0308,0.0287,0.0245,0.0205,0.0187,0.016,0.0129,0.0109,0.0093,0.0082,0.0068,0.0056,0.0045,0.0038,0.0032,0.0024,0.002,0.0018,0.0013,0.0008,0.0005,0.0003,0.0002,0.0001,0.0,0.0,0.0,0.0,0.0,0.0,0.0,0.0,0.0,0.0,0.0,0.0,0.0,0.0,0.0,0.0,0.0,0.0,0.0,0.0,0.0,0.0,0.0,0.0,0.0,0.0,0.0,0.0,0.0,0.0,0.0,0.0,0.0,0.0,0.0,0.0,0.0,0.0,0.0,0.0,0.0,0.0,0.0,0.0,0.0,0.0,0.0,0.0,0.0,0.0,0.0
0.0401,0.0334,0.0333,0.0274,0.0257,0.0223,0.0205,0.0201,0.0191,0.0186,0.0185,0.0179,0.0151,0.012,0.0099,0.0087,0.0085,0.0085,0.009,0.0086,0.0078,0.007,0.0075,0.0083,0.0083,0.0087,0.0089,0.0086,0.0076,0.0067,0.0071,0.0072,0.0069,0.0069,0.0076,0.0079,0.0077,0.0073,0.0071,0.007,0.0065,0.0062,0.006,0.0058,0.0058,0.006,0.0054,0.0049,0.0044,0.0046,0.0048,0.0051,0.0059,0.0058,0.0051,0.0049,0.0054,0.0048,0.0048,0.0042,0.0029,0.0023,0.0016,0.0007,0.0003,0.0001,0.0001,0.0,0.0,0.0,0.0,0.0,0.0,0.0,0.0,0.0,0.0,0.0,0.0,0.0001,0.0001,0.0,0.0,0.0,0.0,0.0,0.0,0.0,0.0,0.0
0.1326,0.1262,0.1199,0.116,0.1074,0.1023,0.0991,0.0992,0.0996,0.0979,0.0957,0.0943,0.0904,0.0845,0.0795,0.076,0.0756,0.0748,0.073,0.0703,0.0685,0.0669,0.0637,0.0598,0.0555,0.0539,0.0538,0.0535,0.0497,0.0469,0.0453,0.0451,0.0429,0.0405,0.0387,0.0368,0.0345,0.0319,0.0292,0.0275,0.0255,0.0235,0.0218,0.0203,0.0185,0.0171,0.016,0.0148,0.0137,0.0117,0.0099,0.008,0.0059,0.0047,0.0045,0.004,0.0023,0.0017,0.0008,0.0004,0.0001,0.0,0.0,0.0,0.0,0.0,0.0,0.0,0.0,0.0,0.0,0.0,0.0,0.0,0.0,0.0,0.0,0.0,0.0,0.0,0.0,0.0,0.0,0.0,0.0,0.0,0.0,0.0,0.0,0.0
0.225,0.2176,0.2061,0.1997,0.1905,0.1839,0.1798,0.1754,0.1754,0.1743,0.1675,0.1614,0.1578,0.1517,0.1477,0.1407,0.1361,0.1318,0.1252,0.1196,0.1144,0.1145,0.113,0.1051,0.0976,0.0909,0.0886,0.0879,0.0824,0.0762,0.0731,0.0702,0.0658,0.0584,0.054,0.0487,0.0431,0.0381,0.0354,0.0333,0.0284,0.0246,0.0204,0.016,0.0119,0.0098,0.0078,0.0052,0.0034,0.0023,0.0013,0.0007,0.0004,0.0001,0.0,0.0,0.0,0.0,0.0,0.0,0.0,0.0,0.0,0.0,0.0,0.0,0.0,0.0,0.0,0.0,0.0,0.0,0.0,0.0,0.0,0.0,0.0,0.0,0.0,0.0,0.0,0.0,0.0,0.0,0.0,0.0,0.0,0.0,0.0,0.0
0.3154,0.3055,0.2958,0.2801,0.2717,0.2605,0.2556,0.2499,0.2449,0.2419,0.2382,0.2318,0.229,0.2216,0.2137,0.2063,0.1968,0.1919,0.1888,0.1812,0.1754,0.1707,0.1664,0.1597,0.1535,0.1471,0.1399,0.1294,0.1266,0.1197,0.1099,0.1021,0.0973,0.0908,0.0829,0.075,0.069,0.0627,0.0592,0.0572,0.0532,0.0469,0.0415,0.0364,0.0322,0.03,0.0238,0.0203,0.0185,0.016,0.0135,0.0104,0.008,0.0055,0.0033,0.0015,0.0005,0.0002,0.0,0.0,0.0,0.0,0.0,0.0,0.0,0.0,0.0,0.0,0.0,0.0,0.0,0.0,0.0,0.0,0.0,0.0,0.0,0.0,0.0,0.0,0.0,0.0,0.0,0.0,0.0,0.0,0.0,0.0,0.0,0.0
0.3593,0.3496,0.3399,0.3276,0.3195,0.3052,0.2928,0.2827,0.2708,0.2613,0.2565,0.2494,0.2426,0.239,0.2291,0.2206,0.2122,0.2042,0.1964,0.1895,0.1828,0.1744,0.166,0.1569,0.1458,0.1366,0.128,0.122,0.1159,0.1069,0.0986,0.0918,0.0876,0.0819,0.0754,0.0699,0.0649,0.0603,0.0561,0.0538,0.051,0.0454,0.0403,0.0357,0.0325,0.0304,0.0263,0.0228,0.0204,0.0183,0.0162,0.0143,0.0126,0.0107,0.0088,0.0071,0.0049,0.0033,0.0019,0.0012,0.001,0.0009,0.0005,0.0002,0.0,0.0,0.0,0.0,0.0,0.0,0.0,0.0,0.0,0.0,0.0,0.0,0.0,0.0,0.0,0.0,0.0,0.0,0.0,0.0,0.0,0.0,0.0,0.0,0.0,0.0
0.4162,0.4136,0.4062,0.4003,0.3936,0.3908,0.3819,0.3739,0.3625,0.3529,0.343,0.3371,0.3297,0.3266,0.3199,0.3147,0.3091,0.3064,0.3004,0.2953,0.289,0.2812,0.276,0.2667,0.2609,0.2509,0.2423,0.2383,0.2344,0.2304,0.2227,0.2179,0.2165,0.2145,0.2096,0.2005,0.1907,0.1817,0.1744,0.1719,0.1708,0.1631,0.1535,0.1446,0.1368,0.1299,0.12,0.1122,0.1048,0.0991,0.092,0.0875,0.0815,0.0702,0.0639,0.058,0.0475,0.038,0.0311,0.0268,0.0253,0.024,0.0193,0.0166,0.0158,0.0143,0.0129,0.012,0.0111,0.0103,0.0094,0.0082,0.0071,0.0062,0.0054,0.0046,0.0044,0.0037,0.003,0.0023,0.0018,0.0013,0.0009,0.0004,0.0002,0.0001,0.0,0.0,0.0,0.0
0.4477,0.4455,0.4418,0.4348,0.4258,0.422,0.4131,0.4017,0.3878,0.3718,0.361,0.3529,0.3478,0.3428,0.3343,0.3252,0.3187,0.3133,0.3067,0.2999,0.29,0.2859,0.2821,0.2723,0.2674,0.2584,0.2498,0.2393,0.2312,0.2315,0.2279,0.2232,0.2179,0.2188,0.2162,0.211,0.2061,0.2015,0.1938,0.1882,0.1837,0.1769,0.1708,0.1656,0.162,0.1587,0.157,0.1517,0.1445,0.1378,0.1326,0.128,0.1244,0.1195,0.113,0.1057,0.0993,0.0941,0.0869,0.0809,0.0758,0.0718,0.065,0.0581,0.0537,0.0492,0.0445,0.0398,0.0347,0.0315,0.0285,0.0252,0.0223,0.0194,0.0173,0.0148,0.0127,0.0107,0.0088,0.0075,0.0061,0.0046,0.0035,0.002,0.0009,0.0003,0.0,0.0,0.0,0.0
0.3521,0.3472,0.3466,0.3465,0.3456,0.3444,0.3419,0.3409,0.3377,0.3321,0.3267,0.3198,0.3141,0.3107,0.3085,0.3025,0.2963,0.288,0.2825,0.2752,0.2667,0.2574,0.2533,0.2528,0.2473,0.2429,0.2376,0.2298,0.2206,0.214,0.2076,0.1991,0.1908,0.1813,0.1712,0.1656,0.1615,0.1571,0.1524,0.1444,0.1398,0.1354,0.1308,0.1264,0.1223,0.1178,0.117,0.1138,0.1074,0.0984,0.0909,0.0837,0.0796,0.0783,0.0707,0.0634,0.0552,0.0484,0.0426,0.0351,0.0297,0.0264,0.0218,0.0171,0.0134,0.01,0.007,0.0047,0.0027,0.0016,0.0006,0.0002,0.0001,0.0,0.0,0.0,0.0,0.0,0.0,0.0,0.0,0.0,0.0,0.0,0.0,0.0,0.0001,0.0001,0.0001,0.0001
0.2456,0.2398,0.236,0.2335,0.2272,0.2239,0.2201,0.2167,0.2154,0.2106,0.2076,0.2046,0.1995,0.1956,0.1944,0.1902,0.186,0.18,0.1771,0.1757,0.1705,0.1598,0.1516,0.1494,0.1407,0.1347,0.1292,0.1252,0.1201,0.1129,0.1085,0.1049,0.0999,0.0932,0.0848,0.0783,0.0705,0.0632,0.0563,0.0497,0.0451,0.0386,0.0342,0.0305,0.0269,0.0237,0.0215,0.0204,0.0196,0.0181,0.0164,0.0147,0.013,0.0115,0.0098,0.0086,0.0072,0.0052,0.0039,0.0029,0.0018,0.0011,0.001,0.0009,0.0012,0.0013,0.0017,0.0019,0.0021,0.0022,0.0024,0.0031,0.0039,0.005,0.006,0.0057,0.0049,0.0039,0.0032,0.0028,0.0026,0.0027,0.0024,0.0023,0.0023,0.0022,0.0019,0.0018,0.0018,0.0017
0.2581,0.251,0.2477,0.2445,0.2387,0.2318,0.2282,0.2212,0.2153,0.2095,0.2011,0.1914,0.1837,0.176,0.1697,0.1619,0.1541,0.1491,0.1436,0.1382,0.1323,0.1273,0.1218,0.1201,0.1154,0.1115,0.1063,0.1019,0.0964,0.0921,0.0891,0.0854,0.0797,0.0751,0.0708,0.0663,0.064,0.061,0.0582,0.0561,0.0545,0.0516,0.0482,0.0462,0.0446,0.0428,0.04,0.0387,0.037,0.0353,0.0343,0.0317,0.0286,0.0282,0.0293,0.0279,0.0259,0.0243,0.0245,0.0242,0.0234,0.0222,0.0216,0.0214,0.0208,0.0196,0.0182,0.0176,0.0174,0.0169,0.016,0.0146,0.0143,0.0147,0.0134,0.0129,0.0123,0.0112,0.0102,0.0095,0.0093,0.009,0.0096,0.0106,0.0124,0.0146,0.0171,0.019,0.0194,0.0206
0.1738,0.1683,0.1662,0.1632,0.1586,0.1538,0.1511,0.1488,0.1453,0.1453,0.1445,0.144,0.1425,0.1394,0.1372,0.1347,0.133,0.1326,0.1301,0.1269,0.125,0.1235,0.1225,0.1213,0.1199,0.1183,0.1163,0.1145,0.1129,0.1096,0.1075,0.1034,0.1007,0.0972,0.0928,0.0884,0.0856,0.0826,0.0792,0.0761,0.0717,0.0693,0.066,0.0642,0.0628,0.0601,0.0566,0.0531,0.052,0.0501,0.0503,0.0496,0.0485,0.0473,0.0465,0.045,0.0428,0.0437,0.0441,0.0432,0.0412,0.0398,0.0396,0.0398,0.0395,0.0381,0.0379,0.0378,0.0377,0.0379,0.0369,0.0359,0.0365,0.0334,0.031,0.0309,0.0302,0.0299,0.0296,0.0282,0.0279,0.029,0.0313,0.0346,0.0373,0.0368,0.0356,0.0349,0.0327,0.0334
0.1785,0.1738,0.1724,0.1719,0.1702,0.1675,0.1663,0.1655,0.1632,0.1633,0.1635,0.1641,0.1643,0.1632,0.1612,0.1591,0.1562,0.1533,0.1515,0.1492,0.1486,0.1483,0.1482,0.1461,0.1475,0.143,0.1384,0.1359,0.1349,0.1339,0.1308,0.1277,0.1259,0.1241,0.1196,0.1175,0.1158,0.1132,0.111,0.1109,0.1098,0.1066,0.1037,0.0998,0.0961,0.0943,0.0911,0.0902,0.0895,0.0874,0.0847,0.0824,0.0809,0.0803,0.08,0.0786,0.0767,0.0716,0.0683,0.0654,0.0628,0.0623,0.0607,0.0602,0.0583,0.0569,0.0549,0.0532,0.0516,0.0505,0.0494,0.0482,0.0473,0.0445,0.0437,0.042,0.0407,0.0399,0.0396,0.039,0.0386,0.0385,0.0391,0.0378,0.0349,0.0335,0.0323,0.0311,0.0294,0.0267
0.1431,0.1425,0.1426,0.1436,0.1445,0.1435,0.1425,0.1423,0.1418,0.1408,0.1403,0.138,0.1366,0.1357,0.1355,0.1356,0.135,0.134,0.1333,0.1313,0.1277,0.1262,0.1273,0.1251,0.1231,0.1208,0.1177,0.1159,0.1148,0.1132,0.1098,0.107,0.1046,0.103,0.102,0.0997,0.0972,0.0962,0.0929,0.0899,0.0877,0.0874,0.0852,0.0824,0.0797,0.077,0.0753,0.0738,0.0719,0.0675,0.064,0.0597,0.0565,0.0529,0.0499,0.0476,0.0457,0.0412,0.0379,0.0355,0.0332,0.0292,0.0273,0.0238,0.021,0.0192,0.0185,0.0181,0.0175,0.0167,0.0158,0.0152,0.0146,0.0136,0.0119,0.0098,0.0094,0.0089,0.0088,0.0086,0.0084,0.0078,0.0064,0.0052,0.0047,0.0039,0.0034,0.0033,0.003,0.0019
0.1189,0.1163,0.1132,0.1097,0.1076,0.106,0.1038,0.102,0.1001,0.0979,0.0968,0.0945,0.0891,0.0854,0.0813,0.0774,0.0733,0.0704,0.0671,0.0649,0.063,0.0593,0.0539,0.051,0.0498,0.0511,0.0507,0.0475,0.0433,0.0396,0.0361,0.0333,0.0306,0.0274,0.0252,0.0265,0.0253,0.022,0.0212,0.0195,0.0189,0.0182,0.0172,0.0158,0.0136,0.0117,0.0113,0.0107,0.0092,0.0068,0.0047,0.0029,0.0018,0.001,0.0007,0.0005,0.0004,0.0002,0.0001,0.0,0.0,0.0,0.0,0.0,0.0,0.0,0.0,0.0,0.0,0.0,0.0,0.0,0.0,0.0,0.0,0.0,0.0,0.0,0.0,0.0,0.0,0.0,0.0,0.0,0.0,0.0,0.0,0.0,0.0,0.0
0.037,0.0332,0.0309,0.0282,0.027,0.0272,0.0276,0.0254,0.023,0.0229,0.0221,0.0214,0.0201,0.0182,0.0165,0.0146,0.0134,0.0123,0.0108,0.0098,0.0091,0.0083,0.0073,0.0062,0.005,0.0045,0.0034,0.0029,0.0025,0.002,0.0016,0.0014,0.0013,0.0011,0.0009,0.0008,0.0006,0.0004,0.0003,0.0002,0.0002,0.0002,0.0002,0.0001,0.0001,0.0001,0.0001,0.0001,0.0001,0.0001,0.0001,0.0001,0.0001,0.0001,0.0001,0.0001,0.0001,0.0001,0.0001,0.0001,0.0,0.0,0.0,0.0,0.0,0.0001,0.0001,0.0001,0.0001,0.0,0.0,0.0,0.0,0.0,0.0,0.0,0.0,0.0,0.0,0.0,0.0,0.0,0.0,0.0,0.0,0.0,0.0,0.0,0.0,0.0
0.0451,0.0441,0.0423,0.0411,0.0405,0.0388,0.037,0.0353,0.0355,0.0354,0.0357,0.0357,0.0356,0.0357,0.0366,0.0378,0.0385,0.0391,0.0393,0.0389,0.0389,0.0389,0.039,0.0386,0.0383,0.0382,0.0379,0.0368,0.0357,0.0349,0.0369,0.0375,0.0375,0.0371,0.0367,0.0362,0.0359,0.0353,0.0311,0.0277,0.0262,0.0259,0.0263,0.025,0.0247,0.0248,0.0248,0.0245,0.0244,0.0245,0.025,0.0252,0.0257,0.0259,0.0263,0.0262,0.0264,0.0268,0.0254,0.0238,0.0204,0.0195,0.0186,0.0186,0.0221,0.0254,0.0258,0.0261,0.0263,0.0264,0.0269,0.028,0.028,0.0278,0.0278,0.0288,0.0294,0.0299,0.0305,0.0311,0.0319,0.0318,0.0314,0.032,0.0328,0.0336,0.034,0.0342,0.0341,0.0342
0.4635,0.4542,0.4479,0.4424,0.4391,0.4383,0.4348,0.4289,0.4237,0.4236,0.4234,0.42,0.4152,0.4167,0.4182,0.4229,0.4254,0.4322,0.4359,0.4388,0.4447,0.4461,0.4464,0.4369,0.4346,0.4349,0.4283,0.4191,0.4132,0.4145,0.4196,0.427,0.4276,0.4265,0.4277,0.4301,0.4276,0.4215,0.4101,0.4018,0.3943,0.3922,0.3899,0.3846,0.3766,0.3697,0.3657,0.3647,0.3627,0.3608,0.3605,0.3599,0.3599,0.3575,0.3572,0.3572,0.3654,0.3658,0.3598,0.3555,0.3478,0.343,0.336,0.3306,0.3327,0.3382,0.3413,0.3423,0.3437,0.3433,0.3411,0.3435,0.3464,0.3474,0.3483,0.3481,0.3499,0.3506,0.3522,0.355,0.356,0.3554,0.3528,0.353,0.3519,0.3489,0.3467,0.3456,0.3436,0.3431
0.5182,0.516,0.5083,0.5038,0.4987,0.4978,0.4915,0.489,0.4891,0.4907,0.4908,0.4892,0.4879,0.4841,0.4804,0.4803,0.4768,0.4751,0.4762,0.4714,0.4746,0.4629,0.4514,0.4482,0.4583,0.4615,0.4678,0.4643,0.4589,0.455,0.4506,0.4415,0.4368,0.4317,0.4186,0.4048,0.4043,0.4046,0.3998,0.3964,0.3961,0.3895,0.38,0.3757,0.3725,0.3684,0.3595,0.345,0.326,0.3172,0.3113,0.3044,0.2939,0.2832,0.2744,0.2633,0.2529,0.2451,0.2389,0.2316,0.2246,0.2165,0.2099,0.2052,0.1994,0.191,0.1795,0.1709,0.162,0.1575,0.1542,0.1474,0.1414,0.138,0.1358,0.135,0.1304,0.1263,0.1217,0.1145,0.1093,0.1111,0.117,0.1177,0.1152,0.1142,0.1148,0.1168,0.1214,0.1258
0.5456,0.5427,0.5366,0.532,0.5243,0.5164,0.5008,0.4999,0.499,0.4953,0.4918,0.4892,0.4849,0.4784,0.4723,0.4631,0.4564,0.4478,0.441,0.4348,0.4235,0.4098,0.4002,0.3931,0.3878,0.3753,0.3746,0.3731,0.3683,0.3607,0.346,0.3264,0.3189,0.3149,0.3022,0.2847,0.2791,0.2707,0.2655,0.2599,0.2528,0.2448,0.2321,0.2231,0.2155,0.2064,0.1933,0.1802,0.1688,0.1592,0.1514,0.1467,0.1382,0.1302,0.1242,0.1168,0.1123,0.1042,0.0992,0.0937,0.0889,0.0809,0.0737,0.0686,0.0621,0.052,0.0416,0.0356,0.0313,0.0278,0.0257,0.0236,0.0223,0.0223,0.0223,0.0232,0.0229,0.0228,0.0219,0.0195,0.0179,0.0191,0.022,0.0229,0.0221,0.0192,0.0175,0.0169,0.0159,0.0167
0.447,0.4393,0.4288,0.4181,0.4051,0.3937,0.389,0.3854,0.3801,0.3701,0.363,0.3593,0.3547,0.349,0.3403,0.3327,0.3264,0.3189,0.3111,0.3043,0.295,0.2815,0.2721,0.2653,0.2587,0.2449,0.2325,0.2229,0.2109,0.2001,0.1899,0.1786,0.1653,0.1534,0.1447,0.1382,0.1306,0.1235,0.123,0.1215,0.1173,0.1118,0.1084,0.1016,0.0967,0.0943,0.0901,0.0856,0.0783,0.073,0.0674,0.0633,0.0588,0.0538,0.0495,0.0444,0.04,0.0336,0.0291,0.0234,0.0216,0.0168,0.0125,0.0106,0.0086,0.0074,0.0052,0.0032,0.0024,0.0021,0.0015,0.0013,0.0009,0.0007,0.0005,0.0004,0.0003,0.0002,0.0001,0.0,0.0,0.0,0.0,0.0,0.0,0.0,0.0,0.0,0.0,0.0
0.4125,0.4123,0.4039,0.3951,0.3869,0.373,0.3654,0.359,0.3533,0.3426,0.3324,0.3203,0.3128,0.3084,0.2936,0.2769,0.2617,0.2474,0.2333,0.2177,0.2041,0.189,0.1733,0.1626,0.1537,0.1413,0.1268,0.1166,0.1048,0.095,0.0861,0.0773,0.0671,0.0582,0.0497,0.0402,0.0335,0.0246,0.0162,0.0123,0.0106,0.0085,0.006,0.0043,0.0033,0.0026,0.002,0.0016,0.0011,0.0007,0.0003,0.0001,0.0,0.0,0.0,0.0,0.0,0.0,0.0,0.0,0.0,0.0,0.0,0.0,0.0,0.0,0.0,0.0,0.0,0.0,0.0,0.0,0.0,0.0,0.0,0.0,0.0,0.0,0.0,0.0,0.0,0.0,0.0,0.0,0.0,0.0,0.0,0.0,0.0,0.0
0.3842,0.3779,0.371,0.3613,0.356,0.3443,0.3326,0.3217,0.3173,0.3111,0.3043,0.2944,0.2854,0.2781,0.2675,0.2532,0.2423,0.2341,0.226,0.2147,0.2082,0.2012,0.1869,0.1746,0.1672,0.1588,0.1482,0.1386,0.1302,0.1207,0.1122,0.1039,0.0966,0.0884,0.0804,0.073,0.0647,0.0565,0.0486,0.041,0.0369,0.0317,0.0246,0.0182,0.013,0.0087,0.0062,0.004,0.0021,0.0008,0.0001,0.0,0.0,0.0,0.0,0.0,0.0,0.0,0.0,0.0,0.0,0.0,0.0,0.0,0.0,0.0,0.0,0.0,0.0,0.0,0.0,0.0,0.0,0.0,0.0,0.0,0.0,0.0,0.0,0.0,0.0,0.0,0.0,0.0,0.0,0.0,0.0,0.0,0.0,0.0
