0.2999,0.2873,0.2857,0.2819,0.2763,0.2735,0.2657,0.2589,0.2497,0.2392,0.2271,0.2176,0.2041,0.1954,0.1895,0.1806,0.1679,0.1568,0.146,0.135,0.1273,0.1187,0.1083,0.0992,0.0897,0.0819,0.0744,0.0676,0.0616,0.0537,0.0461,0.0417,0.0382,0.0328,0.028,0.0233,0.0192,0.016,0.0128,0.0092,0.0062,0.0044,0.0029,0.0017,0.0012,0.0007,0.0004,0.0001,0.0,0.0,0.0,0.0,0.0,0.0,0.0,0.0001,0.0002,0.0001,0.0001,0.0001,0.0,0.0,0.0,0.0,0.0,0.0,0.0,0.0,0.0,0.0,0.0,0.0,0.0,0.0,0.0,0.0,0.0,0.0,0.0,0.0,0.0,0.0,0.0,0.0,0.0,0.0,0.0,0.0,0.0,0.0
0.3805,0.3677,0.3625,0.3502,0.3371,0.3214,0.3026,0.2872,0.2691,0.256,0.2446,0.2341,0.2186,0.2108,0.2056,0.194,0.1784,0.1675,0.1538,0.1392,0.1281,0.1175,0.111,0.1021,0.0923,0.0833,0.0736,0.0641,0.0609,0.0549,0.051,0.0464,0.0431,0.0394,0.034,0.0301,0.0265,0.0234,0.0203,0.0182,0.0161,0.0138,0.0136,0.013,0.0114,0.0098,0.0091,0.0082,0.0073,0.0074,0.0063,0.0048,0.0038,0.003,0.0024,0.0016,0.0012,0.0009,0.0007,0.0006,0.0006,0.0006,0.0005,0.0004,0.0005,0.0003,0.0002,0.0001,0.0001,0.0,0.0,0.0,0.0,0.0,0.0,0.0,0.0,0.0,0.0,0.0,0.0,0.0,0.0,0.0,0.0,0.0,0.0,0.0,0.0,0.0
0.4858,0.478,0.4706,0.4665,0.4617,0.4543,0.448,0.441,0.434,0.4234,0.4132,0.4033,0.3942,0.3825,0.3733,0.3675,0.3585,0.3411,0.3347,0.3179,0.3028,0.2876,0.2782,0.2657,0.2477,0.2319,0.2135,0.1932,0.1845,0.1675,0.1503,0.1374,0.1332,0.1186,0.1047,0.0949,0.0856,0.0775,0.0697,0.0651,0.0576,0.0493,0.043,0.0385,0.0337,0.0291,0.0251,0.0228,0.0199,0.0182,0.0144,0.0113,0.0097,0.009,0.008,0.0068,0.0057,0.0048,0.0038,0.0029,0.002,0.0013,0.0011,0.0008,0.0006,0.0003,0.0002,0.0002,0.0002,0.0002,0.0003,0.0005,0.0004,0.0003,0.0001,0.0,0.0,0.0,0.0,0.0,0.0,0.0,0.0,0.0,0.0,0.0,0.0,0.0,0.0,0.0
0.3463,0.339,0.3289,0.3251,0.3174,0.3104,0.3034,0.2945,0.2861,0.2783,0.2667,0.2554,0.2479,0.2376,0.2258,0.2221,0.2134,0.2018,0.1973,0.1913,0.1823,0.1744,0.1666,0.1614,0.1539,0.1421,0.1289,0.1198,0.1116,0.1046,0.099,0.0933,0.0848,0.071,0.0637,0.0561,0.049,0.0431,0.0389,0.0349,0.0317,0.0292,0.0272,0.0255,0.0242,0.0229,0.0211,0.0195,0.0186,0.0175,0.0164,0.0157,0.0152,0.0145,0.014,0.0134,0.013,0.0127,0.0122,0.0119,0.0114,0.0109,0.0104,0.0102,0.01,0.0096,0.0089,0.0081,0.0073,0.0065,0.0058,0.005,0.0043,0.0038,0.0036,0.0033,0.0031,0.0029,0.0028,0.0026,0.0025,0.0025,0.0023,0.0021,0.0018,0.0015,0.0012,0.0009,0.0006,0.0004
0.1991,0.1913,0.1759,0.1578,0.1455,0.1385,0.1289,0.1206,0.1137,0.106,0.0968,0.0887,0.0805,0.0723,0.0679,0.0636,0.0593,0.0568,0.0523,0.0517,0.0463,0.0423,0.0402,0.0371,0.0325,0.0278,0.0248,0.0231,0.0206,0.0193,0.0175,0.0156,0.0148,0.0159,0.0157,0.0155,0.0152,0.0147,0.0139,0.0129,0.0129,0.0125,0.0119,0.0112,0.0106,0.0101,0.0092,0.0086,0.0079,0.0069,0.0066,0.0064,0.0057,0.005,0.0044,0.0039,0.0034,0.0032,0.003,0.0025,0.002,0.0012,0.0008,0.0006,0.0004,0.0001,0.0,0.0,0.0,0.0,0.0,0.0,0.0,0.0,0.0,0.0,0.0,0.0,0.0,0.0,0.0,0.0,0.0,0.0,0.0,0.0,0.0,0.0,0.0,0.0
0.0774,0.0767,0.0749,0.0736,0.0775,0.0759,0.0741,0.0716,0.067,0.0645,0.0649,0.0637,0.0624,0.0626,0.0634,0.0606,0.057,0.056,0.0524,0.0504,0.0471,0.0449,0.0425,0.0409,0.0381,0.0346,0.0307,0.0303,0.0276,0.0253,0.0247,0.0229,0.0204,0.0176,0.0164,0.0147,0.0143,0.0136,0.0123,0.0104,0.0085,0.0076,0.0061,0.0055,0.0053,0.0047,0.0038,0.0038,0.0041,0.0039,0.003,0.0036,0.0046,0.0055,0.0057,0.0057,0.0047,0.0041,0.0039,0.0033,0.0036,0.0035,0.0029,0.0023,0.0019,0.0031,0.0035,0.0047,0.006,0.006,0.0056,0.0048,0.0038,0.0031,0.0026,0.002,0.0014,0.001,0.0004,0.0002,0.0,0.0,0.0,0.0,0.0,0.0,0.0,0.0,0.0,0.0
0.1463,0.1445,0.142,0.1368,0.1328,0.1245,0.1225,0.1228,0.1194,0.1165,0.1175,0.1159,0.1139,0.1146,0.1178,0.1165,0.111,0.1098,0.1093,0.108,0.104,0.1008,0.1011,0.0999,0.0952,0.0932,0.0906,0.0876,0.0822,0.0769,0.0748,0.0722,0.0702,0.0664,0.0644,0.0614,0.0609,0.0586,0.0567,0.0539,0.0513,0.0484,0.0458,0.0442,0.0422,0.0394,0.0358,0.0327,0.0314,0.0291,0.0269,0.0259,0.0243,0.0228,0.0213,0.0213,0.0195,0.0178,0.0162,0.0151,0.0137,0.0127,0.0116,0.0108,0.0096,0.0094,0.0082,0.0064,0.0036,0.0021,0.0011,0.0003,0.0001,0.0001,0.0,0.0,0.0,0.0,0.0,0.0,0.0,0.0,0.0,0.0,0.0,0.0,0.0,0.0,0.0,0.0
0.1812,0.1794,0.1797,0.1731,0.1582,0.1483,0.1404,0.1358,0.1352,0.1314,0.1247,0.1199,0.1154,0.1101,0.1019,0.0941,0.0909,0.086,0.082,0.078,0.0776,0.0753,0.07,0.0637,0.0596,0.0565,0.0537,0.0503,0.0493,0.0486,0.0454,0.0438,0.0416,0.0404,0.0392,0.0376,0.0332,0.0293,0.0264,0.0252,0.0231,0.0216,0.0199,0.0175,0.0174,0.0175,0.0163,0.0149,0.0144,0.0133,0.0121,0.011,0.0103,0.009,0.0079,0.0065,0.0052,0.0039,0.0029,0.0022,0.0016,0.0012,0.0006,0.0001,0.0,0.0,0.0,0.0,0.0,0.0,0.0,0.0,0.0,0.0,0.0,0.0,0.0,0.0,0.0,0.0,0.0,0.0,0.0,0.0,0.0,0.0,0.0,0.0,0.0,0.0
0.1381,0.1345,0.1316,0.1301,0.1227,0.1169,0.1113,0.1057,0.1019,0.0982,0.0941,0.0918,0.0886,0.0839,0.0756,0.0714,0.0715,0.0699,0.0678,0.0658,0.0654,0.0657,0.0639,0.0604,0.0584,0.0569,0.0547,0.0529,0.0516,0.051,0.0499,0.0482,0.0469,0.0451,0.0429,0.0417,0.0399,0.039,0.0373,0.0353,0.0336,0.0316,0.0299,0.0279,0.0238,0.0196,0.0169,0.0143,0.0117,0.0091,0.0081,0.0072,0.0067,0.0061,0.0052,0.0038,0.003,0.0016,0.0008,0.0003,0.0001,0.0,0.0,0.0,0.0,0.0,0.0,0.0,0.0,0.0,0.0,0.0,0.0,0.0,0.0,0.0,0.0,0.0,0.0,0.0,0.0,0.0,0.0,0.0,0.0,0.0,0.0,0.0,0.0,0.0
0.1018,0.0982,0.096,0.0929,0.0894,0.0868,0.0821,0.0773,0.0707,0.0668,0.0641,0.0622,0.0608,0.0591,0.0577,0.0557,0.0511,0.0447,0.0418,0.043,0.0439,0.0415,0.0386,0.0379,0.0383,0.0372,0.0382,0.0382,0.0376,0.0356,0.0345,0.0342,0.0335,0.0322,0.0301,0.0285,0.0245,0.0232,0.0229,0.0209,0.0193,0.0175,0.0156,0.0135,0.012,0.0101,0.0076,0.0057,0.0039,0.0028,0.0021,0.0018,0.0017,0.0015,0.0013,0.001,0.0009,0.0006,0.0005,0.0004,0.0002,0.0001,0.0,0.0,0.0,0.0,0.0,0.0,0.0,0.0,0.0,0.0,0.0,0.0,0.0,0.0,0.0,0.0,0.0,0.0,0.0,0.0,0.0,0.0,0.0,0.0,0.0,0.0,0.0,0.0
0.1302,0.1284,0.1213,0.1168,0.1141,0.112,0.1083,0.106,0.1045,0.1026,0.1003,0.0973,0.0954,0.0934,0.0902,0.0889,0.0842,0.0808,0.0789,0.0768,0.0743,0.072,0.0699,0.0667,0.0633,0.0601,0.0565,0.0533,0.0498,0.0467,0.0434,0.0392,0.0349,0.0306,0.0269,0.0231,0.0194,0.0159,0.0139,0.0118,0.0105,0.009,0.0074,0.0061,0.0044,0.0036,0.003,0.0026,0.0022,0.0016,0.0012,0.001,0.0008,0.0005,0.0003,0.0,0.0,0.0,0.0,0.0,0.0,0.0,0.0,0.0,0.0,0.0,0.0,0.0,0.0,0.0,0.0,0.0,0.0,0.0,0.0,0.0,0.0,0.0,0.0,0.0,0.0,0.0,0.0,0.0,0.0,0.0,0.0,0.0,0.0,0.0
0.1295,0.129,0.1261,0.1234,0.1218,0.1197,0.1179,0.1116,0.1071,0.1024,0.0999,0.099,0.0983,0.0988,0.0973,0.0971,0.0939,0.0933,0.0921,0.0905,0.0898,0.0884,0.0869,0.0852,0.0813,0.078,0.0752,0.0731,0.0713,0.0692,0.0662,0.0633,0.0592,0.0543,0.0489,0.0432,0.0384,0.0345,0.0315,0.0299,0.0263,0.0215,0.0173,0.0135,0.0105,0.0081,0.0055,0.0038,0.0024,0.0012,0.0005,0.0003,0.0001,0.0001,0.0001,0.0,0.0,0.0,0.0,0.0,0.0,0.0,0.0,0.0,0.0,0.0,0.0,0.0,0.0,0.0,0.0,0.0,0.0,0.0,0.0,0.0,0.0,0.0,0.0,0.0,0.0,0.0,0.0,0.0,0.0,0.0,0.0,0.0,0.0,0.0
0.1207,0.1174,0.1132,0.1087,0.1079,0.1073,0.1068,0.1049,0.1035,0.1,0.0991,0.0978,0.0934,0.0899,0.089,0.0864,0.0867,0.0846,0.0819,0.0791,0.0757,0.0734,0.071,0.0686,0.0663,0.0636,0.0606,0.0575,0.0542,0.0507,0.0473,0.0437,0.0379,0.0325,0.0277,0.0235,0.0198,0.0171,0.0148,0.0135,0.0116,0.0096,0.0075,0.0052,0.0038,0.003,0.0023,0.0018,0.0014,0.0008,0.0003,0.0,0.0,0.0,0.0,0.0,0.0,0.0,0.0,0.0,0.0,0.0,0.0,0.0,0.0,0.0,0.0,0.0,0.0,0.0,0.0,0.0,0.0,0.0,0.0,0.0,0.0,0.0,0.0,0.0,0.0,0.0,0.0,0.0,0.0,0.0,0.0,0.0,0.0,0.0
0.0763,0.0742,0.0733,0.0701,0.0674,0.0649,0.0632,0.0627,0.0599,0.0583,0.0543,0.0507,0.0486,0.0453,0.043,0.0409,0.0393,0.0365,0.0329,0.0307,0.0281,0.0253,0.0233,0.0188,0.0158,0.0131,0.0111,0.009,0.0069,0.0052,0.0041,0.0031,0.0021,0.0015,0.0008,0.0004,0.0001,0.0001,0.0001,0.0001,0.0001,0.0001,0.0001,0.0,0.0,0.0,0.0,0.0,0.0,0.0,0.0,0.0001,0.0001,0.0,0.0,0.0,0.0,0.0,0.0,0.0001,0.0001,0.0001,0.0002,0.0002,0.0001,0.0001,0.0,0.0,0.0,0.0,0.0,0.0,0.0,0.0,0.0001,0.0001,0.0001,0.0,0.0,0.0001,0.0001,0.0,0.0001,0.0002,0.0003,0.0004,0.0004,0.0006,0.0011,0.0016
0.0359,0.0316,0.0332,0.0295,0.026,0.0254,0.0239,0.0243,0.0232,0.0236,0.0221,0.0232,0.0238,0.0224,0.0234,0.0231,0.0224,0.0242,0.0259,0.0264,0.0269,0.0266,0.0266,0.0299,0.0319,0.0332,0.0321,0.0297,0.0284,0.0276,0.0298,0.0316,0.0328,0.0347,0.0357,0.0358,0.0351,0.033,0.0306,0.0294,0.0292,0.0292,0.0306,0.0317,0.0326,0.0333,0.0328,0.0308,0.0291,0.0279,0.0268,0.0261,0.0264,0.0269,0.0273,0.0273,0.0264,0.0256,0.025,0.0243,0.0235,0.0226,0.0221,0.0205,0.0187,0.0192,0.0189,0.0184,0.0171,0.016,0.0157,0.0152,0.0152,0.0145,0.0131,0.0129,0.0131,0.0138,0.0158,0.0167,0.0176,0.0183,0.0195,0.0207,0.0206,0.0199,0.0216,0.0226,0.0239,0.0256
0.1442,0.1391,0.1344,0.1327,0.1277,0.123,0.1198,0.1181,0.1183,0.1175,0.1157,0.1127,0.1156,0.1115,0.1114,0.115,0.1157,0.1138,0.1127,0.1118,0.1096,0.1059,0.1018,0.0973,0.0925,0.0923,0.0896,0.0872,0.0834,0.081,0.079,0.076,0.0741,0.0729,0.0704,0.0694,0.0695,0.0697,0.0691,0.0685,0.0669,0.0658,0.0641,0.0639,0.0635,0.0616,0.0602,0.0589,0.0578,0.0564,0.0548,0.0539,0.051,0.0496,0.0491,0.0476,0.0467,0.0458,0.045,0.0442,0.0431,0.0417,0.0422,0.041,0.0387,0.0372,0.0367,0.0344,0.0325,0.031,0.03,0.0294,0.0283,0.0285,0.0277,0.0263,0.0251,0.0244,0.0241,0.0237,0.0227,0.0213,0.0194,0.0185,0.0159,0.0142,0.013,0.0119,0.0112,0.0107
0.2414,0.2368,0.2253,0.2205,0.213,0.2045,0.1983,0.193,0.1903,0.1868,0.184,0.1789,0.1755,0.1733,0.1664,0.1631,0.162,0.1582,0.1541,0.1531,0.1507,0.1443,0.1393,0.1315,0.1268,0.1238,0.121,0.1181,0.112,0.1077,0.1017,0.0978,0.0934,0.0911,0.0916,0.0922,0.0935,0.0952,0.095,0.0926,0.0901,0.0867,0.0826,0.0788,0.0744,0.0709,0.0704,0.0689,0.0658,0.0631,0.0605,0.0576,0.0546,0.05,0.046,0.0425,0.0391,0.0366,0.0344,0.0326,0.0312,0.0301,0.0274,0.0254,0.0229,0.0192,0.0163,0.015,0.014,0.0129,0.0114,0.0102,0.0085,0.0071,0.0061,0.005,0.0043,0.0041,0.0038,0.0032,0.0016,0.0009,0.0007,0.0006,0.0001,0.0,0.0,0.0,0.0,0.0
0.3265,0.3177,0.3091,0.2967,0.2899,0.2791,0.2695,0.2615,0.2557,0.2528,0.2476,0.2424,0.2361,0.2332,0.2266,0.2192,0.2124,0.2074,0.2007,0.1953,0.1892,0.1854,0.1801,0.1749,0.1683,0.1556,0.1476,0.1417,0.139,0.1356,0.1298,0.1239,0.1154,0.1053,0.095,0.0877,0.078,0.0697,0.0643,0.0592,0.0542,0.0495,0.0444,0.0383,0.0341,0.0283,0.0216,0.0188,0.0171,0.0159,0.0145,0.0118,0.0106,0.0094,0.0077,0.0061,0.005,0.0044,0.004,0.0036,0.0036,0.0038,0.0029,0.0025,0.002,0.0016,0.0011,0.001,0.001,0.001,0.0008,0.0007,0.0007,0.0006,0.0002,0.0002,0.0002,0.0002,0.0,0.0,0.0,0.0,0.0,0.0,0.0,0.0,0.0,0.0,0.0,0.0
0.3711,0.3614,0.3523,0.3385,0.3312,0.3187,0.3079,0.2964,0.2854,0.2788,0.2755,0.27,0.2624,0.2586,0.2543,0.2455,0.2362,0.2258,0.2159,0.2113,0.2082,0.1961,0.183,0.1686,0.1597,0.1498,0.131,0.1144,0.1025,0.0946,0.0877,0.0857,0.0806,0.0731,0.0684,0.0641,0.0632,0.0629,0.0647,0.0666,0.0667,0.0628,0.0554,0.0489,0.044,0.0399,0.0375,0.0359,0.0281,0.0208,0.0149,0.0097,0.0056,0.003,0.0016,0.0014,0.0011,0.0008,0.0005,0.0006,0.0005,0.0001,0.0,0.0,0.0,0.0,0.0,0.0,0.0,0.0,0.0,0.0,0.0,0.0,0.0,0.0,0.0,0.0,0.0,0.0,0.0,0.0,0.0,0.0,0.0,0.0,0.0,0.0,0.0,0.0
0.413,0.4138,0.4072,0.4005,0.3948,0.3924,0.3838,0.3734,0.3629,0.3525,0.3491,0.3473,0.3418,0.3394,0.3396,0.3344,0.3286,0.3209,0.3128,0.3026,0.2946,0.2879,0.2799,0.2746,0.2707,0.2682,0.2639,0.2577,0.2546,0.25,0.2451,0.2404,0.239,0.2345,0.2281,0.2224,0.2173,0.2113,0.2078,0.2057,0.2043,0.202,0.1975,0.1904,0.1856,0.1809,0.1769,0.1727,0.1621,0.1553,0.1465,0.1362,0.1241,0.113,0.1042,0.0996,0.0931,0.088,0.0811,0.0816,0.0759,0.0659,0.0583,0.0542,0.0519,0.0494,0.0454,0.042,0.036,0.0288,0.0286,0.0297,0.0278,0.0256,0.0221,0.0187,0.0157,0.0127,0.0099,0.0088,0.0078,0.0074,0.0065,0.0062,0.0053,0.0046,0.0028,0.0016,0.0001,0.0
0.4503,0.4487,0.4442,0.4365,0.4272,0.4238,0.4123,0.4014,0.3899,0.3779,0.3642,0.3523,0.3444,0.3363,0.3314,0.3236,0.3163,0.3087,0.2998,0.2931,0.2794,0.2696,0.26,0.2535,0.247,0.2437,0.2405,0.2362,0.2308,0.2256,0.2209,0.2161,0.2123,0.2107,0.2074,0.2035,0.1983,0.1941,0.1892,0.1846,0.1795,0.1755,0.1716,0.1678,0.1633,0.159,0.1551,0.1448,0.1372,0.1328,0.1273,0.1215,0.1159,0.1106,0.1049,0.0998,0.0923,0.0857,0.0796,0.0748,0.0687,0.0661,0.0628,0.0594,0.0556,0.0502,0.0462,0.042,0.0403,0.0385,0.0345,0.0298,0.0252,0.0228,0.0232,0.023,0.0223,0.0223,0.0217,0.0201,0.0188,0.0183,0.0177,0.0161,0.015,0.0142,0.0126,0.0103,0.0062,0.0034
0.3725,0.3681,0.3671,0.3644,0.3633,0.3636,0.3642,0.3631,0.3577,0.3493,0.3373,0.3279,0.3193,0.3115,0.3037,0.2985,0.292,0.2844,0.2779,0.2722,0.2666,0.2565,0.2479,0.2385,0.2308,0.2238,0.2209,0.2149,0.2068,0.1994,0.192,0.1848,0.1784,0.1718,0.1654,0.1595,0.1526,0.1461,0.1381,0.1278,0.117,0.1081,0.1018,0.097,0.093,0.0897,0.0886,0.0864,0.0827,0.0793,0.0769,0.0735,0.0688,0.0639,0.0589,0.0542,0.0471,0.0402,0.0338,0.0309,0.0266,0.0229,0.0198,0.0171,0.0139,0.0102,0.0075,0.0054,0.0045,0.0036,0.0027,0.0019,0.0014,0.0011,0.001,0.0007,0.0003,0.0001,0.0,0.0,0.0,0.0,0.0,0.0,0.0,0.0,0.0,0.0,0.0,0.0
0.2736,0.2693,0.2656,0.2627,0.2568,0.2547,0.253,0.2502,0.2473,0.2433,0.2408,0.2382,0.2368,0.2369,0.2328,0.2276,0.2247,0.2191,0.2163,0.2132,0.2116,0.21,0.2069,0.2006,0.1933,0.1876,0.1876,0.1798,0.17,0.1598,0.1516,0.1445,0.136,0.1278,0.1209,0.1138,0.1056,0.0977,0.0903,0.081,0.0717,0.0645,0.0582,0.0523,0.0471,0.0421,0.0401,0.0366,0.0314,0.0298,0.0266,0.0228,0.0193,0.017,0.0147,0.0127,0.0113,0.0094,0.0077,0.0066,0.0057,0.0043,0.0033,0.0024,0.0015,0.0005,0.0001,0.0,0.0,0.0,0.0,0.0,0.0,0.0,0.0,0.0,0.0,0.0,0.0,0.0,0.0,0.0,0.0,0.0,0.0,0.0,0.0,0.0,0.0,0.0
0.2719,0.2656,0.262,0.26,0.2552,0.2498,0.2468,0.2416,0.2365,0.2319,0.2265,0.2178,0.2091,0.2048,0.1973,0.1903,0.1855,0.1813,0.1768,0.1724,0.1677,0.1614,0.1562,0.1512,0.1454,0.141,0.1391,0.1363,0.1318,0.1266,0.1209,0.1168,0.1135,0.1083,0.1039,0.1001,0.095,0.0896,0.0833,0.0784,0.0736,0.0684,0.0634,0.0592,0.0563,0.0515,0.0478,0.047,0.0409,0.0369,0.0321,0.0275,0.0235,0.019,0.0147,0.0119,0.0102,0.0088,0.0071,0.0057,0.0051,0.0051,0.0044,0.0038,0.0036,0.0042,0.006,0.0068,0.0064,0.0055,0.0055,0.0052,0.0048,0.0043,0.0035,0.0029,0.0023,0.0017,0.001,0.0006,0.0004,0.0003,0.0002,0.0007,0.0006,0.0006,0.0006,0.0006,0.0005,0.0001
0.2008,0.197,0.1955,0.1933,0.19,0.1862,0.1843,0.1809,0.178,0.1762,0.1729,0.172,0.1693,0.1652,0.1596,0.1545,0.15,0.1484,0.1457,0.142,0.1393,0.1391,0.1347,0.1313,0.1278,0.1233,0.1211,0.1204,0.1183,0.1154,0.1114,0.1097,0.1093,0.1074,0.1053,0.1037,0.1021,0.0996,0.097,0.0935,0.0898,0.0868,0.0835,0.0806,0.0793,0.0781,0.0764,0.0754,0.0729,0.0701,0.0655,0.0611,0.0566,0.0524,0.0486,0.046,0.0436,0.0432,0.0415,0.0398,0.0382,0.0374,0.0354,0.0334,0.0315,0.0301,0.0296,0.0248,0.0199,0.0179,0.0172,0.0162,0.016,0.0157,0.0161,0.0164,0.0162,0.0148,0.0131,0.0126,0.0116,0.0114,0.0114,0.014,0.016,0.0158,0.0159,0.016,0.0161,0.0143
0.1977,0.1948,0.1948,0.1942,0.1917,0.1877,0.1861,0.1837,0.1807,0.1794,0.1799,0.1792,0.1788,0.1749,0.1662,0.1611,0.1561,0.1525,0.15,0.1464,0.1427,0.1395,0.1354,0.1323,0.1298,0.1259,0.1248,0.1263,0.1258,0.1244,0.1224,0.1216,0.1209,0.1204,0.1185,0.1148,0.1125,0.1091,0.1056,0.1028,0.0997,0.0965,0.0926,0.0895,0.0862,0.0833,0.0817,0.0804,0.0794,0.0771,0.0748,0.0736,0.0723,0.0697,0.0673,0.0652,0.0638,0.0638,0.0635,0.0635,0.0623,0.0612,0.0608,0.0602,0.0589,0.0579,0.0576,0.0559,0.0535,0.0522,0.0521,0.0514,0.052,0.0517,0.0506,0.0504,0.0509,0.051,0.0497,0.0486,0.048,0.0469,0.0464,0.0442,0.0419,0.0426,0.0424,0.0424,0.0423,0.0441
0.1491,0.1501,0.1515,0.1529,0.1537,0.1537,0.1533,0.1534,0.1529,0.1531,0.153,0.153,0.1526,0.1508,0.1478,0.1442,0.14,0.1401,0.141,0.1392,0.1395,0.1387,0.1358,0.1342,0.1328,0.1308,0.1278,0.1253,0.1223,0.1189,0.116,0.1128,0.1088,0.1054,0.1038,0.1015,0.0982,0.0947,0.0919,0.0889,0.086,0.0824,0.079,0.0761,0.0733,0.0708,0.0681,0.0657,0.0658,0.0649,0.0646,0.0634,0.0619,0.0622,0.06,0.0586,0.0568,0.0525,0.0489,0.046,0.0455,0.0442,0.0421,0.0408,0.0393,0.0388,0.0369,0.0309,0.0288,0.0264,0.0236,0.0195,0.0169,0.0153,0.0139,0.0121,0.0111,0.0114,0.0115,0.0117,0.0116,0.0108,0.0109,0.0102,0.0079,0.007,0.0069,0.0069,0.0068,0.0076
0.1208,0.1177,0.1146,0.1115,0.1086,0.1061,0.1039,0.1024,0.1009,0.0988,0.098,0.0956,0.0915,0.0878,0.0839,0.0801,0.0779,0.0737,0.0703,0.0694,0.0658,0.0624,0.0595,0.0544,0.0496,0.0463,0.0418,0.0343,0.0291,0.0254,0.0229,0.0194,0.0149,0.0111,0.0075,0.0053,0.0038,0.0025,0.0014,0.001,0.0008,0.0008,0.0005,0.0004,0.0002,0.0001,0.0001,0.0,0.0,0.0,0.0001,0.0001,0.0002,0.0003,0.0003,0.0003,0.0003,0.0001,0.0,0.0,0.0,0.0,0.0,0.0,0.0,0.0,0.0,0.0,0.0,0.0,0.0,0.0,0.0,0.0,0.0,0.0,0.0,0.0,0.0,0.0,0.0,0.0,0.0,0.0,0.0,0.0,0.0,0.0,0.0,0.0
0.0374,0.0337,0.0312,0.0295,0.0285,0.0283,0.027,0.0251,0.0237,0.0231,0.023,0.022,0.0199,0.0178,0.0162,0.0149,0.0139,0.0122,0.0103,0.0091,0.008,0.007,0.0065,0.0057,0.0054,0.0051,0.0049,0.0047,0.0043,0.0039,0.0033,0.0031,0.0034,0.0032,0.003,0.0027,0.0026,0.0024,0.0021,0.0019,0.0018,0.0016,0.0015,0.0014,0.0012,0.001,0.0009,0.0008,0.0007,0.0007,0.0006,0.0005,0.0005,0.0005,0.0004,0.0004,0.0003,0.0003,0.0002,0.0002,0.0001,0.0001,0.0002,0.0002,0.0001,0.0001,0.0002,0.0001,0.0001,0.0001,0.0001,0.0001,0.0001,0.0001,0.0001,0.0001,0.0001,0.0,0.0,0.0,0.0,0.0,0.0,0.0001,0.0001,0.0001,0.0001,0.0001,0.0001,0.0001
0.0433,0.0418,0.04,0.0398,0.0392,0.0372,0.0356,0.0353,0.0365,0.0375,0.0387,0.0396,0.0399,0.0391,0.0372,0.0363,0.0359,0.0373,0.0369,0.0367,0.0373,0.0391,0.0405,0.0406,0.0409,0.0407,0.0405,0.0405,0.0403,0.0403,0.0402,0.0404,0.0403,0.04,0.0398,0.0398,0.0394,0.0391,0.0383,0.0375,0.0371,0.0377,0.038,0.038,0.0381,0.0375,0.0366,0.0362,0.0363,0.0363,0.0358,0.0352,0.0346,0.0345,0.0344,0.0342,0.034,0.0328,0.0323,0.032,0.0317,0.0314,0.0352,0.0364,0.0362,0.036,0.0356,0.0354,0.0347,0.0345,0.0344,0.0345,0.0343,0.0344,0.0341,0.033,0.0323,0.0339,0.034,0.0339,0.0331,0.031,0.0285,0.0291,0.0298,0.0306,0.031,0.0315,0.0316,0.0321
0.4647,0.4542,0.4452,0.4391,0.4369,0.4333,0.4266,0.4234,0.4287,0.4313,0.4346,0.4426,0.45,0.456,0.4553,0.4538,0.4529,0.4512,0.446,0.4458,0.4438,0.4438,0.4444,0.4423,0.4385,0.4343,0.4355,0.4348,0.4297,0.4259,0.4292,0.4355,0.4389,0.4371,0.4323,0.4277,0.4247,0.422,0.4244,0.4309,0.4356,0.4376,0.4391,0.4443,0.4517,0.4557,0.4608,0.4637,0.467,0.4654,0.4593,0.4527,0.4513,0.4536,0.452,0.4478,0.4398,0.4286,0.4252,0.4245,0.4232,0.4176,0.4208,0.4291,0.4325,0.4316,0.4291,0.4246,0.4213,0.4247,0.4258,0.4271,0.4272,0.428,0.4282,0.425,0.4242,0.4247,0.4251,0.4227,0.4168,0.4123,0.4132,0.4153,0.4156,0.4203,0.4218,0.4252,0.428,0.4282
0.5262,0.5262,0.5206,0.5135,0.5045,0.5017,0.4997,0.5009,0.5001,0.4943,0.4893,0.4901,0.4938,0.4943,0.4949,0.4933,0.4904,0.4883,0.4855,0.4821,0.4787,0.4781,0.4742,0.4737,0.4693,0.4602,0.4532,0.4487,0.4462,0.4418,0.436,0.4304,0.4244,0.4153,0.4012,0.3931,0.3859,0.3797,0.37,0.3552,0.3343,0.3196,0.3131,0.3011,0.2787,0.2522,0.2262,0.2003,0.1745,0.1576,0.1516,0.1485,0.1435,0.1333,0.1284,0.1254,0.1256,0.1289,0.1272,0.1225,0.1187,0.1195,0.1098,0.0948,0.0864,0.0831,0.0839,0.0869,0.0883,0.0822,0.0786,0.0764,0.074,0.0727,0.0726,0.076,0.0763,0.0766,0.0789,0.0813,0.0857,0.0886,0.0854,0.0772,0.0702,0.0581,0.0518,0.0473,0.0462,0.0462
0.552,0.5483,0.5389,0.5287,0.5219,0.5138,0.5067,0.5001,0.4912,0.4818,0.4749,0.4657,0.4531,0.4394,0.4254,0.4105,0.3983,0.3877,0.3801,0.3661,0.3561,0.3435,0.3304,0.3189,0.3054,0.2932,0.2809,0.275,0.2667,0.2607,0.2531,0.2389,0.23,0.2202,0.2091,0.198,0.1874,0.1757,0.1702,0.155,0.1423,0.1309,0.1238,0.1168,0.1101,0.1002,0.0903,0.0821,0.0734,0.066,0.0575,0.0478,0.0455,0.0406,0.0335,0.026,0.0198,0.0147,0.0104,0.0083,0.0067,0.0038,0.0034,0.0018,0.0011,0.0006,0.0004,0.0003,0.0002,0.0001,0.0001,0.0,0.0,0.0,0.0,0.0,0.0,0.0,0.0,0.0,0.0,0.0,0.0,0.0,0.0,0.0,0.0,0.0,0.0,0.0
0.4926,0.4881,0.4782,0.4705,0.4586,0.4485,0.4415,0.4329,0.4223,0.4185,0.4105,0.3996,0.3943,0.3861,0.3803,0.3699,0.3649,0.3597,0.3544,0.3478,0.3409,0.332,0.3214,0.3147,0.3103,0.3054,0.2974,0.2945,0.2915,0.2849,0.2792,0.267,0.2575,0.2524,0.2453,0.2349,0.2282,0.221,0.2129,0.2029,0.1917,0.1835,0.1769,0.1714,0.1615,0.1487,0.1394,0.1277,0.1167,0.1078,0.0978,0.0864,0.0792,0.0657,0.05,0.0371,0.0308,0.026,0.0204,0.016,0.013,0.0109,0.0089,0.0071,0.0055,0.0042,0.0029,0.002,0.0011,0.0007,0.0005,0.0004,0.0004,0.0004,0.0003,0.0003,0.0003,0.0002,0.0002,0.0003,0.0003,0.0003,0.0002,0.0,0.0,0.0,0.0,0.0,0.0,0.0
0.4606,0.4653,0.4602,0.4546,0.4485,0.4381,0.4321,0.4236,0.4146,0.4032,0.3968,0.3885,0.3843,0.3689,0.3561,0.3479,0.3349,0.3226,0.3127,0.3045,0.2948,0.2892,0.2769,0.2652,0.2582,0.2513,0.2433,0.2345,0.2251,0.2165,0.2071,0.2003,0.1842,0.1713,0.1645,0.1559,0.1448,0.1356,0.1277,0.1222,0.1116,0.1006,0.0902,0.0835,0.0771,0.0704,0.0637,0.056,0.048,0.0379,0.0302,0.0249,0.0207,0.015,0.0109,0.0085,0.0074,0.0064,0.0053,0.0045,0.0035,0.0025,0.0019,0.0014,0.0013,0.0011,0.0008,0.0006,0.0003,0.0001,0.0,0.0,0.0,0.0,0.0,0.0,0.0,0.0,0.0,0.0,0.0,0.0,0.0,0.0,0.0,0.0,0.0,0.0,0.0,0.0
0.3811,0.379,0.382,0.3797,0.379,0.3741,0.3696,0.3635,0.3584,0.3526,0.3509,0.3468,0.3412,0.3339,0.3261,0.3168,0.307,0.2996,0.2905,0.2836,0.2776,0.2701,0.2582,0.2423,0.2256,0.2112,0.1945,0.1833,0.1603,0.1403,0.1254,0.1126,0.098,0.0868,0.076,0.0627,0.0526,0.0442,0.0347,0.0265,0.0212,0.0164,0.011,0.0071,0.0051,0.0036,0.0025,0.0011,0.0002,0.0,0.0,0.0,0.0,0.0,0.0,0.0,0.0,0.0,0.0,0.0,0.0,0.0,0.0,0.0,0.0,0.0,0.0,0.0,0.0,0.0,0.0,0.0,0.0,0.0,0.0,0.0,0.0,0.0,0.0,0.0,0.0,0.0,0.0,0.0,0.0,0.0,0.0,0.0,0.0,0.0
