0.3146,0.3088,0.3106,0.3065,0.3027,0.2945,0.2855,0.275,0.2621,0.2518,0.2393,0.2318,0.2219,0.2092,0.1985,0.1864,0.1765,0.1683,0.1618,0.1489,0.1393,0.1305,0.1187,0.1123,0.1025,0.0905,0.0796,0.0702,0.0599,0.0552,0.0497,0.0453,0.0402,0.0347,0.0302,0.0243,0.0195,0.0156,0.0124,0.0104,0.0083,0.0061,0.0044,0.0034,0.0024,0.0017,0.0012,0.0006,0.0002,0.0,0.0,0.0,0.0,0.0,0.0,0.0,0.0,0.0,0.0,0.0,0.0,0.0,0.0,0.0,0.0,0.0,0.0,0.0,0.0,0.0,0.0,0.0,0.0,0.0,0.0,0.0,0.0,0.0,0.0,0.0,0.0,0.0,0.0,0.0,0.0,0.0,0.0,0.0,0.0,0.0
0.4416,0.4284,0.4256,0.418,0.4075,0.3936,0.376,0.3606,0.3446,0.3352,0.3283,0.3214,0.3124,0.3055,0.2903,0.2755,0.2631,0.2515,0.2394,0.228,0.2118,0.1971,0.1825,0.1712,0.161,0.1502,0.1391,0.1284,0.1163,0.1058,0.0979,0.0885,0.0776,0.0618,0.0509,0.0372,0.0261,0.0183,0.0142,0.0107,0.0075,0.005,0.0028,0.0015,0.0009,0.0005,0.0003,0.0001,0.0,0.0,0.0,0.0,0.0,0.0,0.0,0.0,0.0,0.0,0.0,0.0,0.0,0.0,0.0,0.0,0.0,0.0,0.0,0.0,0.0,0.0,0.0,0.0,0.0,0.0,0.0,0.0,0.0,0.0,0.0,0.0,0.0,0.0,0.0,0.0,0.0,0.0,0.0,0.0,0.0,0.0
0.5406,0.5326,0.5243,0.5198,0.5143,0.5042,0.4948,0.4862,0.478,0.4637,0.4523,0.4388,0.4279,0.4203,0.4104,0.3976,0.3828,0.3722,0.3589,0.3515,0.336,0.3199,0.3037,0.2863,0.2717,0.2612,0.2471,0.2315,0.2166,0.2021,0.1871,0.1776,0.1653,0.1538,0.1424,0.1342,0.1251,0.1153,0.1064,0.0976,0.0895,0.0828,0.0741,0.0666,0.0609,0.0531,0.0471,0.041,0.0358,0.03,0.0231,0.0202,0.0166,0.014,0.0118,0.0091,0.0074,0.0062,0.0042,0.003,0.002,0.0014,0.0006,0.0002,0.0001,0.0,0.0,0.0,0.0,0.0,0.0,0.0,0.0,0.0,0.0,0.0,0.0,0.0,0.0,0.0,0.0,0.0,0.0,0.0,0.0,0.0,0.0,0.0,0.0,0.0
0.4013,0.398,0.3919,0.391,0.3882,0.385,0.385,0.3831,0.3804,0.3743,0.3687,0.3605,0.3549,0.3462,0.3422,0.3352,0.327,0.3192,0.311,0.3064,0.298,0.289,0.2791,0.2682,0.258,0.2488,0.2385,0.2282,0.2138,0.1969,0.1813,0.1676,0.1588,0.1468,0.1345,0.1216,0.1108,0.0953,0.0835,0.0735,0.0655,0.0595,0.0533,0.0494,0.0454,0.0416,0.038,0.0339,0.0307,0.0281,0.0254,0.0234,0.0217,0.0205,0.0196,0.0188,0.0176,0.017,0.0164,0.0157,0.015,0.0144,0.0136,0.0129,0.0124,0.0122,0.0118,0.0113,0.011,0.0106,0.0103,0.01,0.0097,0.0093,0.0088,0.0086,0.0084,0.0083,0.008,0.0078,0.0077,0.0075,0.0068,0.0066,0.0063,0.0059,0.0057,0.0059,0.0058,0.0055
0.2276,0.2256,0.2161,0.2035,0.1972,0.1966,0.1937,0.1872,0.1814,0.1746,0.1656,0.1571,0.1482,0.1384,0.131,0.1214,0.1125,0.1048,0.0967,0.089,0.0828,0.0734,0.0655,0.0591,0.0539,0.047,0.0411,0.0373,0.0331,0.0276,0.0219,0.0186,0.0184,0.0174,0.0171,0.0165,0.016,0.0157,0.015,0.0141,0.0124,0.0103,0.0075,0.0057,0.0036,0.0017,0.0007,0.0005,0.0005,0.0005,0.0005,0.0005,0.0005,0.0004,0.0004,0.0004,0.0003,0.0003,0.0003,0.0002,0.0002,0.0002,0.0001,0.0001,0.0001,0.0001,0.0001,0.0,0.0,0.0,0.0,0.0,0.0,0.0,0.0,0.0,0.0,0.0,0.0,0.0,0.0,0.0,0.0,0.0,0.0,0.0,0.0,0.0,0.0,0.0
0.0796,0.0791,0.0778,0.0791,0.0819,0.0809,0.0796,0.0774,0.0751,0.0732,0.0697,0.0679,0.0656,0.064,0.0619,0.061,0.0584,0.0534,0.05,0.0468,0.0426,0.0412,0.0392,0.0361,0.0329,0.0305,0.0278,0.0254,0.0227,0.0202,0.0181,0.0161,0.014,0.012,0.0095,0.0072,0.0049,0.0041,0.003,0.0026,0.0014,0.0008,0.0006,0.0004,0.0001,0.0003,0.0006,0.0005,0.0009,0.0016,0.002,0.0018,0.0017,0.0014,0.0011,0.0007,0.0005,0.0003,0.0001,0.0002,0.0001,0.0,0.0,0.0,0.0,0.0,0.0,0.0,0.0,0.0,0.0,0.0,0.0,0.0,0.0,0.0,0.0,0.0,0.0,0.0,0.0,0.0,0.0,0.0,0.0,0.0,0.0,0.0,0.0,0.0
0.1329,0.1321,0.1301,0.1267,0.1239,0.1181,0.1137,0.1104,0.1076,0.1052,0.1008,0.0966,0.0935,0.0901,0.0899,0.088,0.0846,0.0763,0.0701,0.0656,0.0568,0.0566,0.0579,0.0509,0.0454,0.046,0.045,0.0423,0.0398,0.0384,0.0367,0.0351,0.0346,0.0324,0.0293,0.0279,0.0243,0.0225,0.0207,0.0217,0.0215,0.0196,0.0199,0.0201,0.0193,0.019,0.0199,0.0196,0.0195,0.0186,0.017,0.0156,0.0145,0.0134,0.0122,0.011,0.0097,0.0084,0.0071,0.006,0.0049,0.0041,0.0032,0.0023,0.0014,0.0009,0.0005,0.0003,0.0001,0.0,0.0,0.0,0.0,0.0,0.0,0.0,0.0,0.0,0.0,0.0,0.0,0.0,0.0001,0.0,0.0,0.0,0.0,0.0002,0.0,0.0
0.183,0.1814,0.1826,0.1755,0.1646,0.1571,0.1522,0.1482,0.1442,0.1399,0.1392,0.1365,0.1339,0.131,0.1301,0.1268,0.1238,0.1199,0.115,0.1118,0.1092,0.1051,0.0999,0.0923,0.0865,0.0826,0.0803,0.0764,0.0726,0.0687,0.0643,0.0611,0.0609,0.0579,0.0534,0.0498,0.0476,0.0445,0.0422,0.0392,0.0387,0.037,0.0331,0.031,0.0306,0.0291,0.0275,0.026,0.0245,0.0233,0.0216,0.0195,0.0181,0.0171,0.017,0.0166,0.016,0.0161,0.0153,0.0143,0.0134,0.0134,0.0149,0.0166,0.0167,0.0162,0.0152,0.014,0.0131,0.0128,0.0125,0.0123,0.0116,0.0116,0.0109,0.0104,0.0096,0.0093,0.009,0.0084,0.0075,0.0062,0.0056,0.0048,0.0037,0.003,0.0023,0.0023,0.0015,0.0014
0.144,0.1437,0.1449,0.1454,0.1415,0.1366,0.1331,0.1302,0.1265,0.123,0.1194,0.1152,0.1111,0.1086,0.1111,0.1087,0.1071,0.102,0.097,0.0916,0.0871,0.0826,0.0797,0.0781,0.074,0.0744,0.0742,0.0728,0.0726,0.0724,0.0718,0.0694,0.0667,0.0639,0.0617,0.0605,0.06,0.0584,0.0549,0.0512,0.0515,0.0505,0.0488,0.0474,0.0466,0.0448,0.0428,0.0402,0.0371,0.0343,0.0327,0.0314,0.0292,0.0275,0.0264,0.0246,0.0231,0.0213,0.0191,0.0169,0.015,0.0138,0.0107,0.0071,0.0042,0.0034,0.0029,0.0026,0.0021,0.0015,0.0011,0.0009,0.0007,0.0008,0.0007,0.0005,0.0003,0.0002,0.0002,0.0,0.0,0.0,0.0,0.0,0.0,0.0,0.0,0.0,0.0,0.0
0.1091,0.1065,0.1021,0.0991,0.0957,0.0945,0.0922,0.0904,0.0869,0.084,0.0824,0.0809,0.0794,0.0777,0.0759,0.0757,0.0753,0.0738,0.0723,0.0707,0.0717,0.0705,0.0675,0.067,0.0653,0.0608,0.0556,0.0521,0.049,0.0462,0.0434,0.0418,0.0388,0.0392,0.0379,0.0356,0.033,0.0318,0.0317,0.031,0.0289,0.0256,0.0245,0.0224,0.0184,0.0153,0.0135,0.0112,0.0089,0.0076,0.0067,0.0058,0.0048,0.004,0.0033,0.0024,0.0018,0.0013,0.0006,0.0002,0.0,0.0,0.0,0.0,0.0,0.0,0.0,0.0,0.0,0.0,0.0,0.0,0.0,0.0,0.0,0.0,0.0,0.0,0.0,0.0,0.0,0.0,0.0,0.0,0.0,0.0,0.0,0.0,0.0,0.0
0.1051,0.1032,0.0999,0.0969,0.0941,0.0923,0.0879,0.085,0.08,0.0755,0.072,0.0688,0.0653,0.0619,0.058,0.0563,0.0526,0.0491,0.0457,0.0429,0.04,0.0368,0.0333,0.0306,0.0276,0.0239,0.0216,0.018,0.015,0.0131,0.0119,0.0111,0.0101,0.0101,0.0098,0.009,0.0084,0.0072,0.0067,0.0064,0.0055,0.0049,0.0041,0.0036,0.003,0.0024,0.0019,0.0013,0.0007,0.0005,0.0003,0.0002,0.0001,0.0,0.0,0.0,0.0,0.0,0.0,0.0,0.0,0.0,0.0,0.0,0.0,0.0,0.0,0.0,0.0,0.0,0.0,0.0,0.0,0.0,0.0,0.0,0.0,0.0,0.0,0.0,0.0,0.0,0.0,0.0,0.0,0.0,0.0,0.0,0.0,0.0
0.094,0.0932,0.0908,0.0897,0.0881,0.0848,0.0807,0.0768,0.0735,0.0686,0.0661,0.0625,0.0579,0.0533,0.05,0.0496,0.0469,0.0449,0.0409,0.0371,0.0345,0.0316,0.0279,0.0248,0.0226,0.0193,0.0161,0.0139,0.0109,0.0088,0.0075,0.0066,0.005,0.0037,0.0029,0.0019,0.001,0.0006,0.0003,0.0001,0.0,0.0,0.0,0.0,0.0,0.0,0.0,0.0,0.0,0.0,0.0,0.0,0.0,0.0,0.0,0.0,0.0,0.0,0.0,0.0,0.0,0.0,0.0,0.0,0.0,0.0,0.0,0.0,0.0,0.0,0.0,0.0,0.0,0.0,0.0,0.0,0.0,0.0,0.0,0.0,0.0,0.0,0.0,0.0,0.0,0.0,0.0,0.0,0.0,0.0
0.0839,0.082,0.0792,0.0751,0.0733,0.0704,0.0684,0.0648,0.0633,0.0606,0.0589,0.0582,0.0568,0.0543,0.0527,0.0496,0.0482,0.047,0.0453,0.0425,0.0395,0.0362,0.0332,0.0304,0.0279,0.0268,0.0235,0.0221,0.0193,0.0179,0.0164,0.0157,0.0143,0.0126,0.011,0.0097,0.0077,0.0058,0.0041,0.0025,0.0013,0.0004,0.0001,0.0,0.0,0.0,0.0,0.0,0.0,0.0,0.0,0.0,0.0,0.0,0.0,0.0,0.0,0.0,0.0,0.0,0.0,0.0,0.0,0.0,0.0,0.0,0.0,0.0,0.0,0.0,0.0,0.0,0.0,0.0,0.0,0.0,0.0,0.0,0.0,0.0,0.0,0.0,0.0,0.0,0.0,0.0,0.0,0.0,0.0,0.0
0.0479,0.0452,0.0439,0.0409,0.0388,0.0383,0.0374,0.0359,0.034,0.0319,0.0296,0.0282,0.0271,0.0252,0.0227,0.0208,0.0191,0.0173,0.016,0.0147,0.0129,0.0107,0.0085,0.007,0.0059,0.0045,0.0028,0.0019,0.0012,0.0008,0.0006,0.0004,0.0002,0.0001,0.0001,0.0001,0.0001,0.0,0.0,0.0,0.0,0.0,0.0,0.0,0.0,0.0,0.0,0.0,0.0,0.0,0.0,0.0,0.0,0.0,0.0,0.0,0.0,0.0,0.0,0.0,0.0,0.0,0.0,0.0,0.0,0.0,0.0,0.0,0.0,0.0,0.0,0.0,0.0,0.0,0.0,0.0,0.0,0.0,0.0,0.0,0.0,0.0,0.0,0.0,0.0,0.0,0.0,0.0,0.0,0.0
0.0388,0.0357,0.0387,0.0339,0.0297,0.027,0.024,0.0222,0.0198,0.0198,0.0188,0.0184,0.0175,0.0165,0.016,0.0174,0.0158,0.016,0.0156,0.015,0.0142,0.0146,0.0169,0.018,0.0175,0.0171,0.0171,0.0168,0.0164,0.0167,0.0168,0.0167,0.0173,0.0185,0.019,0.0187,0.0195,0.0189,0.0178,0.018,0.0177,0.0173,0.0162,0.0154,0.0155,0.0148,0.0139,0.0124,0.0103,0.0091,0.0107,0.0113,0.0113,0.0107,0.0099,0.009,0.0089,0.0084,0.0075,0.0068,0.0065,0.0054,0.0045,0.0045,0.0049,0.0052,0.0058,0.0057,0.0053,0.0052,0.0063,0.0063,0.0065,0.0082,0.009,0.0089,0.0099,0.0105,0.0114,0.0125,0.0122,0.0116,0.0103,0.0098,0.01,0.0105,0.0105,0.0102,0.0091,0.0081
0.1644,0.16,0.1572,0.1565,0.1519,0.1474,0.1457,0.1434,0.1407,0.1412,0.1419,0.137,0.1326,0.1281,0.1216,0.1177,0.1138,0.1089,0.1062,0.1018,0.0964,0.0935,0.0916,0.0866,0.0846,0.0815,0.0794,0.0788,0.0775,0.0757,0.0739,0.071,0.0688,0.0664,0.0649,0.0631,0.0617,0.0628,0.06,0.0589,0.0582,0.0559,0.0525,0.0504,0.0505,0.0486,0.0478,0.0482,0.0471,0.0443,0.0411,0.0419,0.0417,0.0402,0.0391,0.0367,0.0371,0.0378,0.0377,0.0357,0.0347,0.0367,0.0375,0.0377,0.0362,0.0349,0.0334,0.0324,0.0314,0.0299,0.0287,0.0282,0.0265,0.0246,0.0237,0.0233,0.021,0.0197,0.0179,0.017,0.0154,0.0135,0.0118,0.0102,0.009,0.0092,0.0095,0.0086,0.0071,0.0066
0.2784,0.2754,0.2662,0.2593,0.2553,0.2514,0.2504,0.2484,0.2468,0.2428,0.2491,0.2475,0.2428,0.2408,0.2417,0.2334,0.2277,0.2206,0.2195,0.2175,0.2114,0.2023,0.1952,0.1862,0.1761,0.1695,0.1644,0.1594,0.1548,0.1496,0.1437,0.1377,0.1324,0.1258,0.1225,0.1198,0.1146,0.1135,0.1096,0.104,0.1025,0.1003,0.0985,0.0926,0.0898,0.0876,0.0825,0.0791,0.0748,0.0702,0.0652,0.0629,0.0595,0.0571,0.0551,0.0536,0.0543,0.0542,0.0521,0.0508,0.0473,0.0432,0.0405,0.038,0.0363,0.034,0.0315,0.0294,0.0278,0.0266,0.0242,0.0217,0.0209,0.0194,0.0178,0.0167,0.0156,0.0138,0.0123,0.0101,0.009,0.0084,0.0073,0.0061,0.0056,0.0046,0.005,0.0047,0.0047,0.0039
0.3254,0.3216,0.315,0.3012,0.2939,0.2845,0.2747,0.2693,0.2656,0.2582,0.2523,0.2482,0.2419,0.2312,0.2246,0.2193,0.2125,0.2075,0.1999,0.1872,0.1819,0.178,0.1706,0.1625,0.1581,0.156,0.1499,0.1434,0.1387,0.1357,0.133,0.1309,0.1251,0.1223,0.1177,0.1144,0.1112,0.1045,0.1021,0.0963,0.0894,0.0835,0.0788,0.0752,0.0693,0.0656,0.0636,0.0594,0.0552,0.0516,0.0477,0.0433,0.0405,0.0368,0.0349,0.0305,0.0255,0.0197,0.0136,0.0107,0.011,0.009,0.007,0.0047,0.0036,0.0034,0.0031,0.0028,0.0025,0.0021,0.0017,0.0006,0.0005,0.0007,0.0007,0.0006,0.0008,0.0005,0.0,0.0,0.0,0.0,0.0,0.0,0.0,0.0,0.0,0.0,0.0,0.0
0.3516,0.3438,0.3388,0.3313,0.3206,0.3116,0.2988,0.2862,0.276,0.2619,0.2469,0.2425,0.2351,0.2303,0.2245,0.2206,0.2147,0.2035,0.1944,0.1866,0.1745,0.155,0.1429,0.1287,0.1171,0.1081,0.0931,0.0847,0.0801,0.0739,0.0685,0.0642,0.0601,0.0551,0.0518,0.049,0.0472,0.0445,0.0418,0.0397,0.0363,0.0333,0.0313,0.0292,0.0267,0.0248,0.0227,0.0206,0.018,0.0156,0.0136,0.0111,0.0097,0.0082,0.0067,0.0045,0.003,0.0018,0.0011,0.0006,0.0002,0.0001,0.0,0.0,0.0,0.0,0.0,0.0,0.0,0.0,0.0,0.0,0.0,0.0,0.0,0.0,0.0,0.0,0.0,0.0,0.0,0.0,0.0,0.0,0.0,0.0,0.0,0.0,0.0,0.0
0.4215,0.418,0.4154,0.4128,0.4051,0.4027,0.3964,0.3881,0.381,0.3756,0.3616,0.3556,0.3577,0.3558,0.3485,0.3465,0.3464,0.3432,0.3374,0.3311,0.3226,0.3133,0.3019,0.2921,0.2818,0.2735,0.2574,0.24,0.2327,0.2324,0.232,0.2288,0.2236,0.2165,0.2058,0.1994,0.1981,0.1913,0.1861,0.1785,0.1677,0.1576,0.1506,0.148,0.139,0.1328,0.1237,0.1151,0.1079,0.1012,0.0946,0.0877,0.0809,0.0724,0.0642,0.056,0.0484,0.0436,0.0361,0.0292,0.023,0.0181,0.0156,0.0123,0.0092,0.007,0.0048,0.0029,0.0017,0.001,0.0006,0.0005,0.0003,0.0001,0.0,0.0,0.0,0.0,0.0,0.0,0.0,0.0,0.0,0.0,0.0,0.0,0.0,0.0,0.0,0.0
0.4233,0.4209,0.4163,0.4146,0.4126,0.4122,0.4097,0.4042,0.3988,0.394,0.3874,0.3761,0.3705,0.3649,0.3552,0.3457,0.3413,0.3405,0.3349,0.3274,0.3155,0.3086,0.2982,0.2888,0.2821,0.2736,0.2667,0.2582,0.2505,0.2434,0.2354,0.2334,0.2319,0.2301,0.2279,0.2211,0.2159,0.2135,0.2089,0.207,0.2026,0.1969,0.1876,0.1806,0.1749,0.1653,0.1587,0.151,0.1408,0.1306,0.1191,0.1081,0.0979,0.0889,0.0794,0.0757,0.0635,0.0524,0.043,0.0337,0.0273,0.0202,0.0169,0.0161,0.015,0.0141,0.0126,0.0101,0.0085,0.0078,0.0073,0.0068,0.0067,0.0067,0.0062,0.0056,0.0048,0.0046,0.0046,0.0051,0.0055,0.0059,0.0056,0.0047,0.0042,0.0033,0.0054,0.0057,0.0057,0.0052
0.3686,0.364,0.3618,0.3631,0.3588,0.3536,0.352,0.3448,0.335,0.3256,0.3178,0.3056,0.2905,0.2809,0.2735,0.2652,0.2546,0.2495,0.243,0.2426,0.2401,0.2338,0.226,0.2153,0.2057,0.203,0.2004,0.1966,0.191,0.1858,0.1739,0.1632,0.1559,0.1497,0.1479,0.1458,0.1407,0.1368,0.1326,0.1294,0.1287,0.1289,0.1272,0.1223,0.1179,0.1136,0.1079,0.1017,0.0953,0.088,0.0808,0.0747,0.071,0.0685,0.0672,0.066,0.0618,0.0582,0.0568,0.055,0.0516,0.0487,0.0465,0.0431,0.0393,0.0345,0.03,0.0275,0.0262,0.025,0.0238,0.0226,0.0211,0.0197,0.0188,0.0182,0.018,0.0175,0.0171,0.0161,0.0149,0.0133,0.0139,0.0132,0.0122,0.0111,0.0081,0.0055,0.004,0.0026
0.2254,0.2192,0.2134,0.2114,0.2058,0.2001,0.1972,0.1915,0.1849,0.1774,0.1725,0.1684,0.158,0.1492,0.1446,0.1382,0.1351,0.1327,0.1294,0.127,0.1226,0.1187,0.1142,0.1091,0.1041,0.103,0.1027,0.0987,0.0947,0.0916,0.0845,0.0771,0.0715,0.0683,0.0663,0.0636,0.0601,0.0569,0.0538,0.05,0.0474,0.0458,0.0439,0.0403,0.0378,0.0351,0.0317,0.028,0.0244,0.0204,0.0164,0.0133,0.0101,0.0075,0.0066,0.0062,0.005,0.004,0.0035,0.0035,0.0033,0.0028,0.0021,0.0017,0.0008,0.0003,0.0001,0.0,0.0,0.0,0.0,0.0,0.0,0.0,0.0,0.0,0.0,0.0,0.0,0.0,0.0,0.0,0.0,0.0,0.0,0.0,0.0,0.0,0.0,0.0
0.2338,0.2271,0.2214,0.2156,0.2107,0.2025,0.1991,0.193,0.1832,0.1708,0.1606,0.1521,0.1423,0.1317,0.1252,0.1205,0.1161,0.1131,0.1091,0.1052,0.1034,0.0989,0.0968,0.0937,0.0895,0.0861,0.0853,0.0832,0.0796,0.0749,0.0688,0.0617,0.0556,0.05,0.0458,0.0418,0.0376,0.0323,0.0275,0.0229,0.0197,0.0182,0.0173,0.0157,0.0138,0.0117,0.01,0.0082,0.0079,0.0063,0.0055,0.0053,0.0046,0.004,0.0034,0.0029,0.0023,0.0017,0.0013,0.0011,0.0008,0.0005,0.0002,0.0,0.0,0.0,0.0,0.0,0.0,0.0,0.0,0.0,0.0,0.0,0.0,0.0,0.0,0.0,0.0,0.0,0.0,0.0,0.0,0.0,0.0,0.0,0.0,0.0,0.0,0.0
0.1719,0.1694,0.167,0.1627,0.1597,0.1551,0.152,0.1502,0.1483,0.1459,0.1449,0.1426,0.14,0.1354,0.1323,0.1307,0.1266,0.1274,0.1264,0.1212,0.1162,0.1116,0.11,0.1065,0.1035,0.1022,0.0991,0.0945,0.092,0.0887,0.0857,0.0802,0.0767,0.0756,0.0738,0.0717,0.0691,0.0671,0.0648,0.0634,0.0607,0.057,0.0525,0.048,0.0444,0.04,0.0355,0.0327,0.029,0.0255,0.0236,0.0203,0.0173,0.0148,0.0139,0.0132,0.012,0.0112,0.0105,0.0102,0.0093,0.009,0.0081,0.0072,0.0067,0.0072,0.0088,0.0092,0.0097,0.0096,0.0087,0.0078,0.0074,0.0073,0.007,0.0068,0.0072,0.0069,0.0069,0.0074,0.0076,0.0084,0.0071,0.0056,0.0043,0.0036,0.0033,0.0031,0.0033,0.0042
0.1964,0.1915,0.1907,0.189,0.187,0.1838,0.1807,0.1784,0.1764,0.1739,0.1711,0.1678,0.1633,0.1592,0.1548,0.1526,0.1481,0.1438,0.1377,0.1365,0.136,0.1332,0.1309,0.128,0.1228,0.1186,0.1153,0.1146,0.112,0.1085,0.1078,0.1053,0.1015,0.0985,0.0946,0.0927,0.0915,0.091,0.0883,0.0874,0.0864,0.084,0.0817,0.0785,0.0754,0.0703,0.0665,0.0646,0.0631,0.0629,0.0629,0.0638,0.064,0.0623,0.0608,0.06,0.059,0.0585,0.0582,0.0579,0.0573,0.0573,0.0559,0.0539,0.0521,0.0517,0.0505,0.0488,0.0457,0.0424,0.0403,0.0394,0.038,0.0364,0.0353,0.0341,0.0332,0.0328,0.0321,0.0314,0.0311,0.0308,0.0283,0.0276,0.0269,0.0253,0.0236,0.0209,0.0185,0.0155
0.1561,0.1568,0.1585,0.1586,0.159,0.1591,0.1587,0.1577,0.1578,0.1587,0.1568,0.1552,0.1544,0.1512,0.1484,0.1488,0.1458,0.1424,0.1406,0.14,0.1393,0.1381,0.1374,0.137,0.1352,0.1329,0.1323,0.1317,0.1283,0.126,0.1229,0.1217,0.1176,0.114,0.1099,0.1068,0.1015,0.096,0.0909,0.0847,0.074,0.0671,0.0594,0.0544,0.0543,0.0532,0.0513,0.0483,0.0443,0.0395,0.0355,0.0312,0.0273,0.0255,0.0245,0.023,0.0218,0.0201,0.0188,0.0172,0.0163,0.0143,0.0138,0.0128,0.0128,0.0117,0.0093,0.0069,0.0053,0.0046,0.0048,0.0045,0.0042,0.0038,0.0036,0.0033,0.0026,0.0023,0.0022,0.0017,0.0013,0.0014,0.0019,0.0017,0.0016,0.0013,0.0011,0.0008,0.0004,0.0001
0.1126,0.1108,0.1087,0.1069,0.1052,0.1035,0.1029,0.1023,0.1003,0.0974,0.0939,0.0901,0.0868,0.0854,0.0837,0.0779,0.0772,0.075,0.0721,0.0682,0.0661,0.063,0.0562,0.0506,0.0474,0.0429,0.0375,0.0336,0.0298,0.0258,0.024,0.0226,0.0216,0.0199,0.0175,0.0136,0.009,0.0061,0.0037,0.0021,0.0008,0.0002,0.0,0.0,0.0,0.0,0.0,0.0,0.0,0.0,0.0,0.0,0.0,0.0,0.0,0.0,0.0,0.0,0.0,0.0,0.0,0.0,0.0,0.0,0.0,0.0,0.0,0.0,0.0,0.0,0.0,0.0,0.0,0.0,0.0,0.0,0.0,0.0,0.0,0.0,0.0,0.0,0.0,0.0,0.0,0.0,0.0,0.0,0.0,0.0
0.0332,0.03,0.0279,0.0261,0.0253,0.0239,0.021,0.0194,0.0183,0.0157,0.0134,0.0119,0.0113,0.0106,0.0103,0.0089,0.008,0.0078,0.0071,0.0062,0.0056,0.0052,0.0049,0.0045,0.0044,0.0042,0.0041,0.0039,0.0038,0.0038,0.0037,0.0036,0.0035,0.0034,0.0033,0.0033,0.0032,0.0029,0.0028,0.0027,0.0025,0.0024,0.0022,0.0019,0.0018,0.0016,0.0016,0.0015,0.0014,0.0013,0.0011,0.001,0.0008,0.0007,0.0007,0.0007,0.0006,0.0006,0.0005,0.0004,0.0003,0.0003,0.0003,0.0003,0.0003,0.0003,0.0003,0.0003,0.0003,0.0003,0.0003,0.0003,0.0002,0.0002,0.0002,0.0002,0.0002,0.0002,0.0002,0.0002,0.0002,0.0002,0.0002,0.0002,0.0002,0.0002,0.0003,0.0003,0.0003,0.0003
0.0386,0.0381,0.036,0.0346,0.0335,0.0323,0.0306,0.0295,0.0307,0.0313,0.0325,0.0333,0.0338,0.0344,0.0344,0.0341,0.0302,0.0279,0.0267,0.0255,0.0252,0.0258,0.0284,0.0313,0.0319,0.0321,0.0325,0.033,0.0333,0.0335,0.0336,0.0329,0.0325,0.0318,0.0313,0.0327,0.0343,0.0356,0.036,0.036,0.0357,0.0348,0.0344,0.0354,0.035,0.0339,0.0328,0.0319,0.0311,0.0306,0.0305,0.0304,0.0321,0.0336,0.0343,0.0339,0.0335,0.0334,0.0335,0.0332,0.033,0.0339,0.0346,0.0347,0.0346,0.0346,0.0351,0.0344,0.0326,0.0301,0.0275,0.0279,0.0289,0.0306,0.0321,0.0334,0.0346,0.0358,0.0353,0.0348,0.0344,0.0345,0.0343,0.0335,0.0313,0.0311,0.0316,0.032,0.0323,0.0328
0.4213,0.4113,0.4021,0.3978,0.3919,0.3888,0.3817,0.3746,0.3738,0.3743,0.3742,0.3784,0.379,0.3774,0.3804,0.3736,0.3611,0.354,0.3471,0.3361,0.3298,0.3325,0.3368,0.3429,0.3452,0.3473,0.3508,0.355,0.3644,0.3692,0.3699,0.3694,0.3705,0.3701,0.3662,0.3635,0.3603,0.3571,0.3529,0.3479,0.3422,0.3333,0.328,0.3221,0.3127,0.305,0.2993,0.2939,0.2883,0.2852,0.284,0.2812,0.2808,0.2809,0.2792,0.2763,0.2729,0.2712,0.2713,0.2725,0.2726,0.271,0.2687,0.2671,0.2659,0.2669,0.266,0.2622,0.2598,0.2566,0.2543,0.2532,0.2524,0.2521,0.2516,0.2497,0.2481,0.2472,0.2452,0.2423,0.241,0.2413,0.2414,0.2411,0.2409,0.2406,0.2426,0.2466,0.2521,0.2548
0.4701,0.4685,0.4616,0.4541,0.4529,0.4465,0.4396,0.4455,0.4452,0.4466,0.4475,0.447,0.4418,0.4408,0.4402,0.4368,0.4372,0.4349,0.4317,0.4232,0.4178,0.4152,0.414,0.4135,0.4133,0.4084,0.4004,0.3895,0.3842,0.3761,0.3684,0.3593,0.3473,0.3315,0.3149,0.303,0.2936,0.2778,0.2569,0.2307,0.2133,0.1953,0.1829,0.167,0.1426,0.1296,0.1176,0.1088,0.1047,0.1024,0.1007,0.1011,0.0981,0.0938,0.0899,0.0866,0.0843,0.0803,0.0762,0.0733,0.0701,0.0669,0.0637,0.0623,0.0601,0.0565,0.0565,0.0573,0.0557,0.0551,0.0524,0.0495,0.0463,0.0416,0.038,0.0352,0.0329,0.0291,0.0234,0.0191,0.0169,0.0156,0.0167,0.0192,0.0206,0.0209,0.0205,0.0197,0.0221,0.025
0.4607,0.4578,0.4448,0.4363,0.4278,0.4177,0.4112,0.4139,0.4086,0.4038,0.398,0.3926,0.3872,0.3818,0.3708,0.3625,0.3604,0.355,0.3466,0.3329,0.3243,0.3168,0.3039,0.2869,0.2734,0.259,0.2449,0.2317,0.2209,0.207,0.1943,0.1817,0.1726,0.1612,0.15,0.1409,0.1324,0.1247,0.1147,0.104,0.0923,0.079,0.0686,0.0605,0.054,0.0484,0.0424,0.0374,0.0321,0.0273,0.0244,0.0215,0.0193,0.0173,0.0144,0.0122,0.0102,0.0088,0.0074,0.0063,0.0053,0.0046,0.0041,0.0039,0.004,0.0037,0.0036,0.0036,0.003,0.0032,0.0028,0.0024,0.0021,0.0021,0.0023,0.0025,0.0031,0.0036,0.0035,0.0035,0.0038,0.0051,0.0069,0.0087,0.0068,0.0057,0.0099,0.0092,0.0127,0.0169
0.4589,0.4571,0.4466,0.4382,0.4274,0.4236,0.419,0.4181,0.4099,0.4055,0.4002,0.3929,0.3925,0.3893,0.3778,0.377,0.3723,0.3653,0.3562,0.3531,0.3432,0.3322,0.3266,0.3151,0.3016,0.2918,0.2827,0.2748,0.2648,0.246,0.2301,0.221,0.2202,0.2121,0.204,0.1948,0.186,0.1803,0.1734,0.1652,0.1566,0.1483,0.1409,0.1345,0.1286,0.1234,0.115,0.108,0.1022,0.0944,0.087,0.0788,0.0717,0.0664,0.0593,0.0531,0.0457,0.0385,0.0336,0.0272,0.0222,0.0177,0.0149,0.0127,0.0108,0.0103,0.0096,0.0088,0.0081,0.008,0.0075,0.007,0.0066,0.0065,0.0068,0.0069,0.0064,0.0057,0.0043,0.0035,0.0034,0.0032,0.0029,0.0024,0.0025,0.0025,0.0023,0.0022,0.0023,0.0021
0.4421,0.4484,0.4464,0.443,0.4367,0.427,0.4218,0.4147,0.4125,0.4038,0.4019,0.3906,0.3796,0.3769,0.367,0.3558,0.351,0.3402,0.3277,0.3173,0.3094,0.2972,0.2874,0.276,0.2628,0.2501,0.2437,0.2328,0.2209,0.2079,0.1918,0.1763,0.158,0.1436,0.1371,0.1272,0.1143,0.0986,0.0851,0.073,0.061,0.0523,0.0448,0.0364,0.0295,0.0258,0.022,0.018,0.0153,0.0133,0.012,0.01,0.0078,0.0045,0.0022,0.0013,0.0005,0.0001,0.0,0.0,0.0,0.0,0.0,0.0,0.0,0.0,0.0,0.0,0.0,0.0,0.0,0.0,0.0,0.0,0.0,0.0,0.0,0.0,0.0,0.0,0.0,0.0,0.0,0.0,0.0,0.0,0.0,0.0,0.0,0.0
0.3695,0.3728,0.3787,0.3791,0.3798,0.3757,0.3707,0.3646,0.3593,0.3509,0.3429,0.3366,0.3276,0.3193,0.3141,0.304,0.2963,0.2921,0.2888,0.2781,0.2726,0.2639,0.2552,0.2458,0.2345,0.2205,0.2057,0.1938,0.1815,0.177,0.1667,0.154,0.1391,0.1244,0.1112,0.0995,0.09,0.0839,0.0769,0.0715,0.067,0.0619,0.0585,0.0541,0.0514,0.0471,0.044,0.0401,0.0361,0.032,0.0299,0.0259,0.0233,0.022,0.019,0.0162,0.0125,0.009,0.0071,0.0048,0.0034,0.0023,0.0014,0.0005,0.0,0.0,0.0,0.0,0.0,0.0,0.0,0.0,0.0,0.0,0.0,0.0,0.0,0.0,0.0,0.0,0.0,0.0,0.0,0.0,0.0,0.0,0.0,0.0,0.0,0.0
