0.3051,0.2933,0.2902,0.2866,0.2783,0.2701,0.264,0.2561,0.2503,0.2473,0.2407,0.2373,0.2291,0.2229,0.2129,0.1985,0.1792,0.1634,0.1519,0.1387,0.1267,0.1135,0.1041,0.0948,0.0863,0.0864,0.081,0.0745,0.069,0.0622,0.0554,0.0486,0.0427,0.0383,0.0363,0.0328,0.0281,0.0232,0.0187,0.0152,0.0123,0.0111,0.0098,0.0072,0.0062,0.0045,0.0034,0.0017,0.0009,0.0001,0.0,0.0,0.0,0.0,0.0,0.0,0.0,0.0,0.0,0.0,0.0,0.0,0.0,0.0,0.0,0.0,0.0,0.0,0.0,0.0,0.0,0.0,0.0,0.0,0.0,0.0,0.0,0.0,0.0,0.0,0.0,0.0,0.0,0.0,0.0,0.0,0.0,0.0,0.0,0.0
0.3813,0.3665,0.3584,0.3469,0.3315,0.3152,0.2996,0.2841,0.2715,0.2561,0.241,0.2276,0.2112,0.1999,0.1841,0.173,0.1533,0.1294,0.1201,0.1004,0.0839,0.0706,0.0596,0.0518,0.0459,0.043,0.0408,0.0368,0.033,0.029,0.0269,0.0237,0.0195,0.0177,0.0156,0.0158,0.013,0.0108,0.0087,0.0077,0.0062,0.0057,0.005,0.0043,0.0034,0.0028,0.0025,0.0028,0.0021,0.0014,0.001,0.0009,0.0011,0.0013,0.0011,0.0008,0.0005,0.0004,0.0002,0.0001,0.0,0.0,0.0,0.0,0.0,0.0,0.0,0.0,0.0,0.0,0.0,0.0,0.0,0.0,0.0,0.0,0.0,0.0,0.0,0.0,0.0,0.0,0.0,0.0,0.0,0.0,0.0,0.0,0.0,0.0
0.5179,0.5061,0.495,0.4902,0.483,0.4739,0.4659,0.4572,0.448,0.44,0.4306,0.4227,0.4135,0.4009,0.3932,0.3808,0.3732,0.3527,0.3347,0.3178,0.2928,0.2743,0.2542,0.2335,0.214,0.1976,0.1853,0.1704,0.1564,0.149,0.1398,0.127,0.121,0.111,0.0992,0.0894,0.0796,0.071,0.0645,0.0569,0.0489,0.0429,0.0386,0.0355,0.0314,0.0273,0.0227,0.0172,0.0101,0.0068,0.004,0.0019,0.0014,0.0009,0.0008,0.0006,0.0003,0.0001,0.0,0.0,0.0,0.0,0.0,0.0,0.0,0.0,0.0,0.0,0.0,0.0,0.0,0.0,0.0,0.0,0.0,0.0001,0.0001,0.0,0.0,0.0,0.0,0.0,0.0,0.0,0.0,0.0,0.0,0.0,0.0,0.0
0.3857,0.3771,0.3676,0.3634,0.359,0.3545,0.3491,0.3446,0.3372,0.3319,0.3248,0.3191,0.3123,0.3031,0.2959,0.2874,0.2867,0.2803,0.2657,0.2607,0.2482,0.2387,0.231,0.2193,0.2099,0.1991,0.1894,0.1832,0.1727,0.1556,0.1489,0.1367,0.1257,0.1163,0.1094,0.0992,0.0928,0.0859,0.0786,0.0721,0.0637,0.0562,0.0511,0.0452,0.0389,0.0339,0.0306,0.0254,0.0214,0.0187,0.0169,0.0143,0.0128,0.0118,0.0113,0.0107,0.0098,0.0093,0.0087,0.008,0.0074,0.0071,0.0066,0.006,0.0058,0.0056,0.0054,0.0051,0.0048,0.0045,0.0043,0.004,0.0037,0.0035,0.0033,0.0029,0.0025,0.0021,0.0017,0.0013,0.0009,0.0008,0.0007,0.0007,0.0005,0.0003,0.0002,0.0,0.0,0.0
0.2167,0.2109,0.1971,0.1806,0.1706,0.1622,0.1528,0.1443,0.1381,0.1327,0.1258,0.1189,0.1115,0.1042,0.0971,0.0927,0.0878,0.086,0.081,0.0754,0.0716,0.0638,0.0541,0.0461,0.0391,0.0331,0.0286,0.0249,0.0212,0.0177,0.0125,0.0103,0.0066,0.005,0.003,0.0019,0.0016,0.0012,0.0007,0.0005,0.0005,0.0005,0.0005,0.0004,0.0004,0.0004,0.0004,0.0003,0.0002,0.0002,0.0001,0.0001,0.0,0.0,0.0,0.0,0.0,0.0,0.0,0.0,0.0,0.0,0.0,0.0,0.0,0.0,0.0,0.0,0.0,0.0,0.0,0.0,0.0,0.0,0.0,0.0,0.0,0.0,0.0,0.0,0.0,0.0,0.0,0.0,0.0,0.0,0.0,0.0,0.0,0.0
0.0773,0.0769,0.0738,0.0752,0.0775,0.0749,0.0757,0.0746,0.0734,0.0708,0.0686,0.0686,0.0693,0.0662,0.0625,0.0624,0.0598,0.0573,0.0542,0.0508,0.0481,0.044,0.0412,0.0384,0.0372,0.0353,0.0321,0.0289,0.0272,0.024,0.0199,0.0183,0.0146,0.0116,0.0105,0.0073,0.0051,0.0035,0.0019,0.0014,0.002,0.0025,0.0026,0.0022,0.0018,0.0015,0.0025,0.0037,0.004,0.004,0.0039,0.0034,0.003,0.0028,0.0026,0.0033,0.0035,0.0037,0.0039,0.0037,0.0032,0.0028,0.0018,0.0015,0.0012,0.0012,0.0013,0.0013,0.0013,0.0013,0.001,0.0013,0.0012,0.0008,0.0008,0.0006,0.0004,0.0002,0.0,0.0,0.0,0.0,0.0,0.0,0.0,0.0,0.0,0.0,0.0,0.0
0.137,0.1353,0.1331,0.1278,0.1208,0.1137,0.1112,0.1099,0.1094,0.1082,0.1056,0.102,0.1025,0.099,0.0953,0.0953,0.0981,0.0974,0.0958,0.0928,0.0905,0.0865,0.0812,0.0804,0.0807,0.0786,0.0763,0.0736,0.0726,0.0704,0.0659,0.0624,0.0587,0.055,0.053,0.0514,0.0486,0.0477,0.0457,0.0443,0.044,0.0432,0.0422,0.0403,0.0386,0.0361,0.0345,0.0321,0.0298,0.0285,0.0269,0.0258,0.0245,0.0232,0.0219,0.0205,0.0191,0.0175,0.0163,0.0153,0.0141,0.0126,0.0115,0.0101,0.0089,0.0077,0.0066,0.0058,0.0049,0.0039,0.0032,0.0027,0.0019,0.0013,0.0008,0.0005,0.0002,0.0,0.0,0.0,0.0,0.0,0.0,0.0,0.0,0.0,0.0,0.0,0.0,0.0
0.1853,0.1824,0.1824,0.176,0.1657,0.1584,0.1479,0.1418,0.138,0.1351,0.1321,0.1255,0.1157,0.1131,0.112,0.108,0.104,0.1001,0.0978,0.0956,0.094,0.0911,0.0874,0.0834,0.0783,0.0752,0.0707,0.0684,0.0643,0.0641,0.0618,0.0581,0.0565,0.0538,0.0513,0.0508,0.0488,0.047,0.0459,0.0442,0.0415,0.0398,0.0391,0.0385,0.037,0.0353,0.033,0.031,0.0296,0.0282,0.0273,0.0268,0.0259,0.025,0.0241,0.0222,0.0203,0.0189,0.0189,0.0163,0.0154,0.0139,0.0121,0.0102,0.009,0.0077,0.0078,0.0078,0.0071,0.0068,0.0059,0.0055,0.0055,0.005,0.0045,0.0042,0.0038,0.0035,0.0031,0.0024,0.0022,0.0018,0.0015,0.0009,0.0005,0.0003,0.0002,0.0002,0.0003,0.0004
0.1378,0.1357,0.1346,0.1324,0.1289,0.125,0.1175,0.1104,0.1058,0.1026,0.1003,0.0957,0.0927,0.0898,0.0873,0.0862,0.0825,0.0795,0.0778,0.0762,0.0752,0.0779,0.0788,0.0778,0.0759,0.0758,0.0753,0.0725,0.0684,0.0652,0.0637,0.0624,0.0618,0.061,0.0603,0.0609,0.0608,0.0593,0.0572,0.055,0.0527,0.0497,0.0473,0.0452,0.0439,0.042,0.0395,0.0373,0.0358,0.0346,0.0326,0.0309,0.0294,0.0275,0.0253,0.0235,0.0218,0.0204,0.0181,0.0177,0.0158,0.0144,0.0133,0.0126,0.0117,0.0108,0.0089,0.007,0.005,0.0044,0.0034,0.0028,0.0018,0.0004,0.0002,0.0002,0.0001,0.0,0.0,0.0,0.0,0.0,0.0,0.0,0.0,0.0,0.0,0.0,0.0,0.0
0.1069,0.1038,0.1006,0.0963,0.0935,0.0912,0.0877,0.0833,0.0785,0.071,0.0665,0.0625,0.0594,0.0569,0.0551,0.0535,0.052,0.0516,0.0517,0.0514,0.0497,0.0486,0.0485,0.0472,0.0457,0.0441,0.0436,0.0428,0.0446,0.0446,0.0442,0.0435,0.0427,0.0403,0.0386,0.034,0.0326,0.0338,0.0328,0.032,0.0309,0.03,0.0292,0.0285,0.026,0.024,0.0229,0.0217,0.0201,0.0189,0.018,0.0171,0.0152,0.0126,0.0111,0.0096,0.0082,0.007,0.0059,0.0054,0.0043,0.0036,0.0027,0.0023,0.0018,0.0015,0.001,0.0008,0.0007,0.0006,0.0004,0.0002,0.0002,0.0,0.0,0.0,0.0,0.0,0.0,0.0,0.0,0.0,0.0,0.0,0.0,0.0,0.0,0.0,0.0,0.0
0.1204,0.1187,0.1123,0.1092,0.1062,0.1039,0.099,0.0962,0.0923,0.0907,0.0879,0.0854,0.0808,0.077,0.0747,0.0709,0.0665,0.0638,0.0593,0.0555,0.0523,0.0485,0.0455,0.0431,0.0404,0.0377,0.0357,0.0316,0.0267,0.021,0.0157,0.0123,0.009,0.0072,0.0059,0.0058,0.0055,0.0049,0.005,0.0045,0.004,0.0036,0.004,0.004,0.0055,0.0048,0.0044,0.0043,0.0043,0.0038,0.003,0.0025,0.0021,0.0014,0.0007,0.0003,0.0,0.0,0.0,0.0,0.0,0.0,0.0,0.0,0.0,0.0,0.0,0.0,0.0,0.0,0.0,0.0,0.0,0.0,0.0,0.0,0.0,0.0,0.0,0.0,0.0,0.0,0.0,0.0,0.0,0.0,0.0,0.0,0.0,0.0
0.1101,0.1091,0.106,0.1057,0.1035,0.1003,0.0972,0.093,0.0876,0.0869,0.0842,0.0818,0.0796,0.0794,0.0791,0.0773,0.0749,0.0736,0.072,0.0695,0.0671,0.0639,0.0601,0.0572,0.0532,0.0502,0.0464,0.0449,0.0434,0.0439,0.0423,0.0387,0.035,0.0324,0.0291,0.026,0.0233,0.0206,0.0187,0.0162,0.0147,0.0132,0.0126,0.0113,0.0079,0.0064,0.0051,0.0041,0.0028,0.0021,0.0015,0.0006,0.0002,0.0,0.0,0.0,0.0,0.0,0.0,0.0,0.0,0.0,0.0,0.0,0.0,0.0,0.0,0.0,0.0,0.0,0.0,0.0,0.0,0.0,0.0,0.0,0.0,0.0,0.0,0.0,0.0,0.0,0.0,0.0,0.0,0.0,0.0,0.0,0.0,0.0
0.1002,0.098,0.0942,0.0901,0.0871,0.0854,0.085,0.0845,0.084,0.0824,0.0823,0.0803,0.0791,0.0778,0.0749,0.0722,0.07,0.0675,0.065,0.0614,0.0589,0.0555,0.052,0.048,0.0436,0.0398,0.035,0.0313,0.0273,0.0236,0.0193,0.0161,0.0135,0.0106,0.0081,0.0057,0.0044,0.0032,0.0022,0.0014,0.0009,0.0006,0.0003,0.0002,0.0001,0.0,0.0,0.0,0.0,0.0,0.0,0.0,0.0,0.0,0.0,0.0,0.0,0.0,0.0,0.0,0.0,0.0,0.0,0.0,0.0,0.0,0.0,0.0,0.0,0.0,0.0,0.0,0.0,0.0,0.0,0.0,0.0,0.0,0.0,0.0,0.0,0.0,0.0,0.0,0.0,0.0,0.0,0.0,0.0,0.0
0.0586,0.0555,0.0542,0.05,0.0482,0.0461,0.0448,0.0436,0.0432,0.0412,0.0396,0.0382,0.0367,0.0338,0.0312,0.0293,0.0272,0.0253,0.0227,0.0203,0.0177,0.0162,0.015,0.0136,0.0126,0.0117,0.0106,0.0094,0.0084,0.007,0.0051,0.0036,0.0029,0.0022,0.0017,0.0015,0.0011,0.0006,0.0004,0.0003,0.0002,0.0001,0.0001,0.0,0.0,0.0,0.0,0.0,0.0,0.0,0.0,0.0,0.0,0.0,0.0,0.0,0.0,0.0,0.0,0.0,0.0,0.0,0.0,0.0,0.0,0.0,0.0,0.0,0.0,0.0,0.0,0.0,0.0,0.0,0.0,0.0,0.0,0.0,0.0,0.0,0.0,0.0,0.0,0.0,0.0,0.0,0.0,0.0,0.0,0.0
0.038,0.0324,0.0346,0.0296,0.0257,0.0227,0.0216,0.021,0.0179,0.017,0.0162,0.0151,0.0143,0.0144,0.0151,0.0152,0.0139,0.0128,0.011,0.0097,0.0102,0.0084,0.0084,0.0096,0.0109,0.0096,0.0081,0.0071,0.0063,0.0053,0.0053,0.0058,0.0056,0.005,0.0045,0.0043,0.004,0.0035,0.0035,0.0029,0.0024,0.002,0.0017,0.0013,0.0008,0.0007,0.0007,0.0005,0.0003,0.0004,0.0003,0.0,0.0,0.0,0.0,0.0,0.0,0.0,0.0,0.0,0.0,0.0,0.0,0.0,0.0,0.0,0.0,0.0,0.0,0.0,0.0,0.0,0.0,0.0,0.0,0.0,0.0,0.0,0.0,0.0,0.0,0.0,0.0,0.0,0.0,0.0,0.0,0.0,0.0,0.0
0.1489,0.1435,0.1403,0.1392,0.1331,0.1278,0.1249,0.1234,0.1197,0.1187,0.1182,0.1153,0.1135,0.1116,0.1104,0.1095,0.1067,0.1033,0.1008,0.0932,0.088,0.0839,0.0809,0.0796,0.0821,0.0819,0.0774,0.0722,0.0682,0.0635,0.0587,0.0572,0.056,0.053,0.0485,0.0427,0.0367,0.0313,0.0277,0.0243,0.0209,0.0179,0.0153,0.0127,0.0102,0.009,0.0075,0.0052,0.0035,0.0029,0.0016,0.0008,0.0001,0.0,0.0,0.0,0.0,0.0,0.0,0.0,0.0,0.0,0.0,0.0,0.0,0.0,0.0,0.0,0.0,0.0,0.0,0.0,0.0,0.0,0.0,0.0,0.0,0.0,0.0,0.0,0.0,0.0,0.0,0.0,0.0,0.0,0.0,0.0,0.0,0.0
0.252,0.2462,0.2358,0.2319,0.2259,0.2196,0.2144,0.2129,0.2101,0.2038,0.203,0.1985,0.1929,0.1877,0.1817,0.1774,0.1733,0.1656,0.165,0.156,0.1475,0.1457,0.1414,0.1354,0.1309,0.1275,0.1213,0.1175,0.1151,0.1112,0.1051,0.094,0.0882,0.083,0.0749,0.0687,0.064,0.06,0.0561,0.0536,0.0499,0.0451,0.0407,0.0357,0.0298,0.0279,0.0289,0.0278,0.0239,0.0214,0.0193,0.0177,0.0158,0.0135,0.0114,0.009,0.0068,0.0056,0.0044,0.0046,0.0058,0.0057,0.0044,0.004,0.0029,0.0026,0.0025,0.002,0.0014,0.0009,0.0003,0.0,0.0,0.0,0.0,0.0,0.0,0.0,0.0,0.0,0.0,0.0,0.0,0.0,0.0,0.0,0.0,0.0,0.0,0.0
0.3216,0.3133,0.3053,0.2895,0.2822,0.274,0.2662,0.2575,0.2525,0.2443,0.2345,0.2324,0.2269,0.2208,0.2152,0.2103,0.2063,0.2021,0.1978,0.1943,0.1897,0.191,0.1874,0.1784,0.1677,0.156,0.1486,0.1394,0.1309,0.1257,0.1202,0.1159,0.1089,0.1035,0.1007,0.0973,0.092,0.0862,0.0819,0.0772,0.0736,0.0707,0.0675,0.0654,0.0633,0.06,0.0565,0.053,0.0507,0.048,0.0447,0.0416,0.0379,0.0351,0.0321,0.0266,0.0234,0.0201,0.016,0.0136,0.0107,0.0079,0.0069,0.0055,0.0038,0.0027,0.002,0.0013,0.0007,0.0004,0.0001,0.0,0.0,0.0,0.0,0.0,0.0,0.0,0.0,0.0,0.0,0.0,0.0,0.0,0.0,0.0,0.0,0.0,0.0,0.0
0.3544,0.3468,0.3359,0.3248,0.3095,0.2966,0.2844,0.2739,0.2654,0.2512,0.2352,0.2216,0.2112,0.2,0.1892,0.1802,0.1725,0.1628,0.1515,0.1457,0.1367,0.1341,0.1357,0.1314,0.1253,0.1183,0.1087,0.0981,0.0886,0.0829,0.0779,0.0722,0.0681,0.0649,0.0608,0.0568,0.0543,0.0532,0.0513,0.0482,0.0456,0.0424,0.0385,0.0354,0.0336,0.0318,0.0293,0.026,0.0234,0.0206,0.0192,0.0176,0.0164,0.0146,0.0142,0.0131,0.0118,0.0102,0.0093,0.0083,0.0071,0.0059,0.005,0.0042,0.003,0.0017,0.0012,0.0008,0.0001,0.0,0.0,0.0,0.0,0.0,0.0,0.0,0.0,0.0,0.0,0.0,0.0,0.0,0.0,0.0,0.0,0.0,0.0,0.0,0.0,0.0
0.4176,0.4173,0.4117,0.4094,0.4022,0.3971,0.389,0.3813,0.3737,0.3669,0.3542,0.3402,0.3332,0.3272,0.3185,0.3103,0.304,0.2989,0.2905,0.2866,0.2794,0.2717,0.2718,0.2709,0.2635,0.26,0.2564,0.2486,0.2351,0.2239,0.214,0.2038,0.1932,0.1864,0.1764,0.1652,0.1575,0.1597,0.1597,0.1563,0.1525,0.1489,0.1435,0.1386,0.1334,0.1279,0.1227,0.1189,0.116,0.1121,0.1053,0.098,0.092,0.0869,0.0829,0.0751,0.0677,0.0624,0.0548,0.0462,0.0411,0.0302,0.0226,0.0202,0.018,0.0153,0.0138,0.0111,0.0072,0.0048,0.0026,0.0014,0.0007,0.0005,0.0004,0.0003,0.0001,0.0,0.0,0.0,0.0,0.0,0.0,0.0,0.0,0.0,0.0,0.0,0.0,0.0
0.4354,0.4327,0.4283,0.4243,0.4201,0.4202,0.4175,0.4062,0.3979,0.3891,0.3808,0.3721,0.3632,0.3526,0.342,0.333,0.3258,0.321,0.3113,0.3035,0.2976,0.2876,0.2787,0.2746,0.2691,0.2623,0.2596,0.2556,0.2447,0.2338,0.2275,0.221,0.2143,0.2116,0.2085,0.2026,0.1944,0.186,0.1832,0.1815,0.1795,0.1766,0.1717,0.1667,0.164,0.1616,0.1589,0.1552,0.154,0.1532,0.1501,0.1471,0.1447,0.1435,0.1408,0.1387,0.1358,0.1331,0.1312,0.1286,0.1262,0.1226,0.1157,0.109,0.1076,0.1061,0.1026,0.099,0.0909,0.0852,0.0752,0.0671,0.0573,0.0511,0.0483,0.0472,0.0415,0.0358,0.0305,0.0258,0.0229,0.0215,0.0193,0.0163,0.0141,0.0113,0.0101,0.0101,0.0092,0.0088
0.3621,0.3566,0.3542,0.3529,0.3504,0.3471,0.3462,0.344,0.3372,0.3318,0.3295,0.3223,0.3179,0.311,0.304,0.297,0.2914,0.2853,0.2797,0.2709,0.2672,0.2594,0.2473,0.2375,0.2322,0.226,0.2231,0.2184,0.2144,0.2057,0.1952,0.1851,0.1792,0.1705,0.1652,0.1616,0.1573,0.1477,0.1369,0.1274,0.118,0.109,0.1025,0.0974,0.0929,0.0885,0.0844,0.0814,0.0737,0.0649,0.0593,0.0555,0.0527,0.0481,0.0432,0.0419,0.0408,0.0392,0.0396,0.0402,0.0398,0.0412,0.042,0.0406,0.0368,0.0341,0.0325,0.0314,0.0327,0.0331,0.0347,0.0343,0.0348,0.0335,0.0317,0.0288,0.0265,0.0256,0.0251,0.0251,0.0245,0.0239,0.0236,0.023,0.022,0.0207,0.0194,0.0173,0.0156,0.0143
0.2357,0.229,0.2239,0.2205,0.2155,0.2096,0.2056,0.2039,0.2017,0.1995,0.2,0.1991,0.1958,0.1926,0.1885,0.186,0.1811,0.1754,0.1712,0.1626,0.1569,0.15,0.1403,0.1293,0.1216,0.1167,0.113,0.1064,0.1056,0.1005,0.0929,0.0861,0.0796,0.073,0.0681,0.0638,0.0573,0.0514,0.0452,0.0389,0.0336,0.0289,0.0261,0.0238,0.0211,0.0182,0.0157,0.0137,0.0109,0.0095,0.0086,0.0075,0.006,0.005,0.0041,0.0032,0.0027,0.0023,0.0021,0.0018,0.0016,0.0017,0.0018,0.0012,0.0007,0.0008,0.001,0.0008,0.0007,0.001,0.0012,0.001,0.0007,0.0005,0.0004,0.0007,0.0007,0.0004,0.0002,0.0,0.0,0.0,0.0,0.0,0.0,0.0,0.0,0.0001,0.0001,0.0
0.2462,0.2394,0.235,0.2328,0.2298,0.2218,0.2163,0.2141,0.2086,0.2,0.1917,0.1841,0.1757,0.1624,0.1523,0.1457,0.1372,0.1284,0.1211,0.1141,0.1081,0.1041,0.1011,0.0978,0.0953,0.0936,0.0904,0.0871,0.0876,0.0852,0.0831,0.0787,0.0741,0.0693,0.066,0.0605,0.0552,0.0517,0.0461,0.0417,0.0363,0.0306,0.0279,0.0262,0.0244,0.0225,0.0213,0.0202,0.0194,0.0185,0.0185,0.0178,0.0177,0.0174,0.017,0.0158,0.0145,0.0133,0.012,0.0112,0.0101,0.0091,0.0089,0.0082,0.0072,0.006,0.0053,0.0046,0.0035,0.003,0.0029,0.0024,0.0018,0.0015,0.0012,0.001,0.0011,0.0007,0.0004,0.0005,0.0005,0.0005,0.0003,0.0002,0.0004,0.0011,0.0016,0.0013,0.0012,0.0017
0.1731,0.1693,0.1667,0.1628,0.1605,0.1566,0.154,0.1511,0.1503,0.1498,0.1459,0.1432,0.1387,0.1358,0.132,0.1328,0.1308,0.1277,0.1241,0.12,0.1147,0.1119,0.1109,0.1075,0.1034,0.1012,0.0981,0.0943,0.0937,0.0945,0.0913,0.088,0.084,0.0774,0.0751,0.0715,0.0683,0.0655,0.0622,0.0588,0.0567,0.0572,0.0549,0.0544,0.0526,0.0509,0.0497,0.0486,0.0482,0.0473,0.0482,0.0473,0.0471,0.0467,0.0456,0.0457,0.046,0.0452,0.0438,0.0422,0.039,0.0362,0.0347,0.0317,0.0291,0.0285,0.0305,0.0308,0.0301,0.0296,0.0299,0.0294,0.0279,0.0269,0.0256,0.0246,0.0247,0.0237,0.0226,0.0227,0.0227,0.0223,0.0213,0.0221,0.0212,0.0206,0.0192,0.018,0.0179,0.0186
0.186,0.1816,0.1807,0.1786,0.1753,0.1708,0.1679,0.1643,0.1602,0.1612,0.1579,0.1552,0.1527,0.1494,0.145,0.1396,0.1352,0.131,0.1264,0.1223,0.1177,0.1156,0.1118,0.1099,0.1076,0.1054,0.1048,0.1019,0.1011,0.1038,0.1037,0.1049,0.1057,0.1043,0.1008,0.0956,0.0933,0.0918,0.0906,0.0902,0.0889,0.0867,0.0859,0.0846,0.0836,0.0825,0.0796,0.0779,0.0768,0.075,0.0718,0.0693,0.0679,0.0673,0.066,0.0635,0.063,0.0616,0.0601,0.0597,0.0604,0.0591,0.0582,0.0579,0.0571,0.0543,0.0513,0.0491,0.0474,0.0455,0.043,0.0414,0.0404,0.0398,0.0382,0.0371,0.0364,0.0362,0.0352,0.0345,0.0332,0.0322,0.032,0.0318,0.0301,0.029,0.028,0.0274,0.0278,0.0288
0.1483,0.1489,0.1492,0.149,0.1491,0.1481,0.1464,0.1452,0.1441,0.1459,0.1484,0.1506,0.149,0.1492,0.15,0.1464,0.1407,0.1363,0.1349,0.1337,0.1318,0.129,0.1276,0.1287,0.1285,0.127,0.1271,0.1271,0.125,0.1262,0.1248,0.1219,0.116,0.1097,0.1074,0.1043,0.1006,0.0979,0.0953,0.0929,0.0921,0.0887,0.0845,0.0801,0.0767,0.0742,0.0725,0.0706,0.0694,0.0682,0.0649,0.0599,0.0561,0.0527,0.0507,0.0495,0.046,0.0447,0.0437,0.0428,0.0425,0.0422,0.0411,0.0405,0.0387,0.0379,0.0361,0.0344,0.0342,0.0329,0.0313,0.0288,0.0277,0.027,0.0261,0.0255,0.0243,0.0229,0.0221,0.0213,0.0199,0.0182,0.0176,0.0176,0.0172,0.0167,0.016,0.0155,0.0155,0.0152
0.1158,0.1133,0.1105,0.1083,0.1063,0.1046,0.1018,0.1004,0.1024,0.1002,0.0977,0.0949,0.0947,0.0936,0.0917,0.088,0.0874,0.0887,0.0894,0.0884,0.0878,0.0854,0.0804,0.0728,0.0677,0.0654,0.0615,0.0593,0.0583,0.0519,0.0458,0.0429,0.0402,0.0413,0.039,0.035,0.0294,0.0244,0.0218,0.0193,0.0154,0.0097,0.0079,0.0057,0.0041,0.0035,0.003,0.0025,0.0023,0.0017,0.0012,0.0005,0.0002,0.0001,0.0,0.0,0.0,0.0,0.0,0.0,0.0,0.0,0.0,0.0,0.0,0.0,0.0,0.0,0.0,0.0,0.0,0.0,0.0,0.0,0.0,0.0,0.0,0.0,0.0,0.0,0.0,0.0,0.0,0.0,0.0,0.0,0.0,0.0,0.0,0.0
0.035,0.0309,0.0284,0.0271,0.0267,0.027,0.0256,0.0232,0.0208,0.0193,0.0184,0.0171,0.0166,0.0161,0.0142,0.0126,0.0114,0.0113,0.0105,0.0094,0.0085,0.0079,0.0073,0.0068,0.0059,0.0054,0.0051,0.0046,0.0041,0.0042,0.004,0.0034,0.004,0.0038,0.0037,0.0035,0.0034,0.0032,0.0031,0.0029,0.0028,0.0026,0.0024,0.0022,0.0019,0.0015,0.0013,0.0011,0.001,0.0008,0.0007,0.0007,0.0006,0.0005,0.0004,0.0004,0.0003,0.0003,0.0003,0.0003,0.0003,0.0003,0.0003,0.0003,0.0004,0.0004,0.0003,0.0002,0.0002,0.0002,0.0002,0.0002,0.0002,0.0002,0.0002,0.0002,0.0002,0.0002,0.0002,0.0002,0.0002,0.0002,0.0002,0.0002,0.0002,0.0002,0.0002,0.0002,0.0002,0.0002
0.0428,0.0418,0.0406,0.0401,0.0388,0.0376,0.0357,0.0336,0.0318,0.0311,0.0333,0.0336,0.0343,0.0341,0.034,0.0338,0.0332,0.0308,0.0309,0.0319,0.0322,0.0323,0.032,0.0322,0.0325,0.0327,0.0317,0.0325,0.0327,0.0327,0.0331,0.034,0.0348,0.0355,0.0362,0.0364,0.0358,0.0356,0.0346,0.034,0.0345,0.0355,0.0357,0.0362,0.0362,0.0364,0.0364,0.0364,0.0366,0.0369,0.0371,0.0373,0.0374,0.0372,0.0369,0.0366,0.0364,0.0364,0.036,0.0354,0.0347,0.0343,0.0345,0.0341,0.0342,0.0342,0.0335,0.0339,0.0326,0.0317,0.0288,0.0283,0.0254,0.0241,0.0237,0.0241,0.0238,0.0233,0.0239,0.0234,0.0218,0.0233,0.0261,0.0277,0.0286,0.0296,0.0305,0.0309,0.0319,0.0329
0.4475,0.4375,0.431,0.4297,0.4277,0.4278,0.4245,0.4194,0.4089,0.3979,0.3957,0.396,0.3956,0.3975,0.3978,0.399,0.3937,0.3838,0.383,0.3869,0.3928,0.3951,0.3927,0.3862,0.3794,0.3789,0.3712,0.3693,0.3698,0.3672,0.3686,0.3753,0.3828,0.3857,0.386,0.3795,0.3711,0.3632,0.3584,0.3532,0.3506,0.3481,0.3472,0.3491,0.3509,0.3536,0.3551,0.3566,0.3581,0.3607,0.3588,0.3589,0.3561,0.3496,0.3457,0.3428,0.3387,0.3359,0.3313,0.3242,0.3178,0.3152,0.3142,0.3147,0.3161,0.3157,0.3138,0.31,0.3051,0.3057,0.3078,0.3046,0.295,0.287,0.2811,0.2761,0.2721,0.2682,0.267,0.2647,0.2594,0.2601,0.2635,0.268,0.274,0.2827,0.288,0.2893,0.2895,0.2941
0.4988,0.4965,0.4905,0.4828,0.478,0.4667,0.4574,0.4599,0.469,0.4643,0.4562,0.4481,0.4442,0.4413,0.4407,0.4371,0.4351,0.4356,0.4342,0.4317,0.4245,0.4194,0.4165,0.4097,0.4072,0.3979,0.3927,0.3876,0.3902,0.3943,0.3899,0.3822,0.3772,0.3724,0.3572,0.3546,0.3493,0.34,0.33,0.3183,0.3074,0.2979,0.2891,0.2807,0.2737,0.2677,0.2636,0.2526,0.2395,0.228,0.2148,0.2025,0.193,0.1819,0.1714,0.1598,0.1463,0.1369,0.1279,0.1201,0.1149,0.105,0.0974,0.0927,0.0908,0.0887,0.0878,0.087,0.0862,0.0825,0.0754,0.0729,0.0742,0.0739,0.0732,0.0725,0.0728,0.0735,0.0724,0.0733,0.0756,0.0735,0.0707,0.0686,0.0661,0.0633,0.0589,0.0623,0.0653,0.0629
0.5046,0.5029,0.4935,0.485,0.4768,0.4586,0.4442,0.4406,0.4424,0.4382,0.4341,0.427,0.4199,0.4102,0.4075,0.4029,0.3986,0.394,0.3892,0.3826,0.3715,0.3572,0.3472,0.3418,0.3382,0.3266,0.324,0.3155,0.3046,0.2997,0.2958,0.2913,0.2832,0.271,0.2526,0.245,0.2366,0.2295,0.2204,0.2098,0.1954,0.1816,0.1674,0.1581,0.1459,0.1336,0.12,0.1066,0.0944,0.0843,0.076,0.0683,0.0639,0.0605,0.0568,0.052,0.0487,0.0466,0.0451,0.0436,0.0419,0.0416,0.0421,0.0414,0.0399,0.0391,0.0376,0.0368,0.0357,0.0345,0.0314,0.0295,0.0275,0.026,0.0247,0.023,0.0217,0.0206,0.0197,0.019,0.0184,0.0174,0.0166,0.0152,0.014,0.0119,0.0104,0.0102,0.0106,0.01
0.4551,0.4506,0.4394,0.4293,0.42,0.4126,0.401,0.3974,0.3911,0.3792,0.3706,0.3634,0.3602,0.3504,0.3468,0.3471,0.3455,0.3476,0.3443,0.3355,0.3298,0.3234,0.3162,0.3122,0.3107,0.2956,0.2869,0.2771,0.2648,0.2575,0.2512,0.2391,0.2291,0.2222,0.2127,0.2034,0.1913,0.1831,0.1755,0.1671,0.1586,0.1478,0.1389,0.1357,0.1264,0.114,0.1031,0.094,0.0832,0.0748,0.0672,0.059,0.0527,0.0473,0.0434,0.04,0.0367,0.034,0.0321,0.0309,0.0301,0.0273,0.0225,0.0182,0.0143,0.0119,0.0107,0.0096,0.0096,0.0074,0.0056,0.0044,0.0037,0.0029,0.002,0.0011,0.0007,0.0005,0.0003,0.0003,0.0004,0.0003,0.0002,0.0001,0.0,0.0,0.0,0.0,0.0,0.0
0.429,0.4331,0.427,0.4187,0.4104,0.4059,0.3998,0.3913,0.3871,0.3797,0.3735,0.3605,0.3497,0.338,0.3254,0.3154,0.3031,0.2914,0.2808,0.2708,0.2571,0.2441,0.231,0.2204,0.2149,0.2048,0.1917,0.1827,0.1699,0.1531,0.139,0.1263,0.1112,0.0969,0.0817,0.0692,0.0561,0.0452,0.0376,0.0318,0.0281,0.0244,0.0209,0.0174,0.0144,0.011,0.0078,0.0055,0.0039,0.0024,0.0011,0.0003,0.0001,0.0,0.0,0.0,0.0,0.0,0.0,0.0,0.0,0.0,0.0,0.0,0.0,0.0,0.0,0.0,0.0,0.0,0.0,0.0,0.0,0.0,0.0,0.0,0.0,0.0,0.0,0.0,0.0,0.0,0.0,0.0,0.0,0.0,0.0,0.0,0.0,0.0
0.3783,0.3771,0.3778,0.3727,0.368,0.3629,0.3568,0.3501,0.3442,0.3365,0.3299,0.3209,0.3144,0.311,0.3021,0.2937,0.2865,0.2725,0.2585,0.248,0.2351,0.2208,0.2066,0.1964,0.1883,0.1817,0.1662,0.1527,0.1391,0.1276,0.114,0.0995,0.0832,0.0703,0.0613,0.0474,0.0336,0.024,0.0174,0.0127,0.0099,0.0071,0.0049,0.0033,0.002,0.0009,0.0004,0.0001,0.0,0.0,0.0,0.0,0.0,0.0,0.0,0.0,0.0,0.0,0.0,0.0,0.0,0.0,0.0,0.0,0.0,0.0,0.0,0.0,0.0,0.0,0.0,0.0,0.0,0.0,0.0,0.0,0.0,0.0,0.0,0.0,0.0,0.0,0.0,0.0,0.0,0.0,0.0,0.0,0.0,0.0
