0.306,0.2915,0.29,0.2877,0.285,0.2815,0.2785,0.2751,0.2694,0.2672,0.2609,0.2571,0.2508,0.2374,0.2247,0.2112,0.2063,0.1951,0.1781,0.1541,0.141,0.1321,0.1229,0.1185,0.1131,0.104,0.0941,0.0849,0.0751,0.0673,0.0598,0.0531,0.0476,0.0416,0.0365,0.0312,0.0269,0.0235,0.0212,0.0191,0.0173,0.0145,0.0119,0.0084,0.0047,0.0021,0.0008,0.0001,0.0,0.0,0.0,0.0,0.0,0.0,0.0,0.0,0.0,0.0,0.0,0.0,0.0,0.0,0.0,0.0,0.0,0.0,0.0,0.0,0.0,0.0,0.0,0.0,0.0,0.0,0.0,0.0,0.0,0.0,0.0,0.0,0.0,0.0,0.0,0.0,0.0,0.0,0.0,0.0,0.0,0.0
0.3286,0.3118,0.3016,0.2872,0.2717,0.2513,0.2308,0.2122,0.194,0.1811,0.1631,0.1509,0.1321,0.1115,0.0998,0.0859,0.0787,0.0741,0.0674,0.0602,0.052,0.0455,0.0409,0.0357,0.0332,0.03,0.0265,0.0219,0.019,0.016,0.0135,0.0112,0.0095,0.0079,0.0064,0.0048,0.0035,0.0023,0.0016,0.0012,0.0009,0.0007,0.0006,0.0004,0.0003,0.0001,0.0,0.0,0.0,0.0,0.0,0.0,0.0,0.0,0.0,0.0,0.0,0.0,0.0,0.0,0.0,0.0,0.0,0.0,0.0,0.0,0.0,0.0,0.0,0.0,0.0,0.0,0.0,0.0,0.0,0.0,0.0,0.0,0.0,0.0,0.0,0.0,0.0,0.0,0.0,0.0,0.0,0.0,0.0,0.0
0.4949,0.4826,0.4719,0.4657,0.458,0.4482,0.4366,0.4272,0.4147,0.4043,0.3958,0.3878,0.3856,0.3674,0.3558,0.3418,0.3235,0.3065,0.289,0.2659,0.2447,0.2316,0.2184,0.2068,0.1966,0.1871,0.1769,0.1652,0.1563,0.1498,0.1395,0.1287,0.1174,0.1066,0.0965,0.0867,0.0785,0.0693,0.0601,0.0515,0.0453,0.0391,0.0342,0.0283,0.0227,0.0179,0.0133,0.0114,0.0089,0.0067,0.0051,0.0037,0.0028,0.0017,0.0008,0.0004,0.0001,0.0,0.0,0.0,0.0,0.0,0.0,0.0,0.0,0.0,0.0,0.0,0.0,0.0,0.0,0.0,0.0,0.0,0.0,0.0,0.0,0.0,0.0,0.0,0.0,0.0,0.0,0.0,0.0,0.0,0.0,0.0,0.0,0.0
0.3715,0.3626,0.3536,0.3478,0.3423,0.3364,0.331,0.3262,0.3204,0.3129,0.3051,0.2947,0.2904,0.2838,0.2779,0.2711,0.2611,0.258,0.2591,0.2525,0.2414,0.2296,0.2188,0.209,0.1998,0.1893,0.1751,0.1624,0.1488,0.1357,0.1216,0.1089,0.0978,0.0867,0.0783,0.0715,0.0647,0.0585,0.0523,0.0465,0.0408,0.0364,0.0326,0.0283,0.0242,0.0206,0.0173,0.0149,0.0117,0.009,0.0071,0.0056,0.0041,0.0033,0.0027,0.0021,0.0014,0.0007,0.0004,0.0001,0.0,0.0,0.0,0.0,0.0,0.0,0.0,0.0,0.0,0.0,0.0,0.0,0.0,0.0,0.0,0.0,0.0,0.0,0.0,0.0,0.0,0.0,0.0,0.0,0.0,0.0,0.0,0.0,0.0,0.0
0.2117,0.2045,0.1906,0.175,0.1649,0.1607,0.1551,0.1486,0.1444,0.14,0.134,0.1279,0.123,0.1165,0.1082,0.0981,0.0903,0.0848,0.0784,0.0722,0.0667,0.0595,0.0519,0.0445,0.0383,0.0298,0.0238,0.0185,0.0145,0.0115,0.0087,0.0066,0.0043,0.0027,0.002,0.0014,0.0009,0.0004,0.0002,0.0,0.0,0.0,0.0,0.0,0.0,0.0,0.0,0.0,0.0004,0.0004,0.0005,0.0005,0.0006,0.0009,0.0014,0.002,0.0021,0.002,0.0017,0.0017,0.0017,0.0016,0.0013,0.0011,0.0011,0.0012,0.0011,0.0008,0.0006,0.0004,0.0007,0.0007,0.001,0.0014,0.0014,0.0014,0.0013,0.0012,0.0012,0.0011,0.0009,0.0007,0.0007,0.0008,0.0007,0.0013,0.0018,0.002,0.0021,0.0024
0.0738,0.0729,0.0692,0.0676,0.0681,0.0647,0.0627,0.059,0.0554,0.0529,0.0499,0.0482,0.0468,0.0447,0.0432,0.041,0.039,0.0374,0.036,0.0359,0.0352,0.0316,0.0278,0.0256,0.0224,0.0177,0.0138,0.0129,0.0124,0.0122,0.0137,0.0151,0.0165,0.0175,0.0185,0.0191,0.0197,0.0216,0.0225,0.0229,0.0237,0.0239,0.0238,0.0238,0.0236,0.0232,0.0228,0.024,0.0232,0.0231,0.0231,0.0227,0.0225,0.0221,0.0211,0.0202,0.0195,0.0191,0.0191,0.0183,0.0177,0.0176,0.0175,0.0172,0.0169,0.0166,0.0161,0.0162,0.016,0.0159,0.0157,0.0161,0.0155,0.0151,0.0152,0.0153,0.015,0.0147,0.0135,0.0118,0.0107,0.0095,0.0084,0.0074,0.0066,0.0061,0.0054,0.0047,0.004,0.0033
0.1391,0.1383,0.1358,0.1305,0.1266,0.1212,0.1172,0.1133,0.1083,0.1061,0.1026,0.1026,0.1066,0.111,0.1127,0.1116,0.1079,0.1061,0.1069,0.1073,0.1039,0.1006,0.0982,0.094,0.0915,0.0862,0.0823,0.0791,0.0753,0.0712,0.0661,0.0605,0.0568,0.0531,0.0504,0.0478,0.0461,0.043,0.0407,0.0384,0.0364,0.0351,0.0336,0.0331,0.0326,0.0322,0.0311,0.0292,0.0281,0.0277,0.0264,0.0258,0.0249,0.0235,0.0227,0.0221,0.0213,0.0212,0.0208,0.0201,0.0184,0.0184,0.0173,0.0167,0.0157,0.0148,0.0143,0.0128,0.0118,0.0104,0.0079,0.0064,0.0054,0.0048,0.0042,0.0036,0.003,0.002,0.0008,0.0003,0.0001,0.0,0.0,0.0,0.0,0.0002,0.0,0.0,0.0,0.0
0.188,0.1859,0.186,0.1788,0.168,0.1628,0.1591,0.1568,0.1546,0.1517,0.1504,0.1462,0.1433,0.1392,0.1307,0.1231,0.1187,0.1124,0.1037,0.0942,0.0888,0.0863,0.0835,0.0794,0.0755,0.0716,0.0691,0.067,0.0638,0.0613,0.0593,0.0582,0.0591,0.0591,0.0586,0.057,0.0525,0.0496,0.0487,0.0481,0.0475,0.047,0.0465,0.0454,0.0444,0.0433,0.0417,0.04,0.0383,0.0333,0.0309,0.03,0.0288,0.0273,0.025,0.0222,0.0204,0.0195,0.0185,0.018,0.0168,0.0172,0.0167,0.016,0.0149,0.0139,0.0135,0.0128,0.0125,0.0118,0.011,0.0102,0.0094,0.0092,0.0086,0.0084,0.0087,0.0069,0.005,0.0041,0.0033,0.0029,0.0026,0.0023,0.0018,0.0007,0.0002,0.0001,0.0001,0.0
0.1368,0.1337,0.1286,0.126,0.119,0.1157,0.1116,0.1083,0.1052,0.1007,0.0977,0.0934,0.0865,0.0726,0.064,0.0606,0.0594,0.0581,0.0546,0.0494,0.0472,0.0455,0.0443,0.0435,0.0425,0.0431,0.0435,0.0425,0.0399,0.0369,0.0343,0.0323,0.0308,0.029,0.0285,0.0285,0.0282,0.0282,0.0287,0.0288,0.0287,0.0284,0.0273,0.0262,0.0258,0.0257,0.0253,0.0245,0.0234,0.0218,0.0206,0.0198,0.0191,0.0183,0.0177,0.0167,0.0161,0.0158,0.0156,0.0155,0.0145,0.0125,0.0114,0.011,0.0106,0.0102,0.0097,0.0088,0.0083,0.007,0.0064,0.0062,0.0063,0.0061,0.0056,0.0052,0.0049,0.0039,0.0029,0.0025,0.002,0.0018,0.0015,0.0012,0.0009,0.0007,0.0006,0.0005,0.0003,0.0003
0.1065,0.1019,0.0978,0.0937,0.0904,0.0878,0.0835,0.0781,0.0745,0.069,0.0642,0.0609,0.0593,0.0592,0.0581,0.0565,0.0547,0.0514,0.0477,0.0505,0.0553,0.0562,0.057,0.0579,0.0572,0.0555,0.0549,0.0561,0.0554,0.0552,0.0549,0.0541,0.0531,0.0518,0.0501,0.0482,0.0467,0.0451,0.0433,0.0422,0.0414,0.0403,0.038,0.0339,0.0319,0.0319,0.0303,0.0278,0.0257,0.0257,0.026,0.025,0.0235,0.0218,0.02,0.0191,0.017,0.0152,0.014,0.0128,0.0117,0.0101,0.0086,0.0074,0.0063,0.0055,0.005,0.0043,0.0033,0.0023,0.0018,0.0014,0.0011,0.0008,0.0006,0.0004,0.0002,0.0,0.0,0.0,0.0,0.0,0.0,0.0,0.0,0.0,0.0,0.0,0.0,0.0
0.1358,0.1332,0.1281,0.1259,0.1239,0.1217,0.1182,0.1158,0.1121,0.1095,0.1052,0.1027,0.1001,0.101,0.104,0.1022,0.1002,0.0953,0.0907,0.0865,0.0832,0.0784,0.0744,0.0689,0.0661,0.0638,0.0611,0.058,0.0552,0.0512,0.0486,0.0463,0.0427,0.0421,0.039,0.0381,0.0361,0.0335,0.03,0.0287,0.027,0.0254,0.0239,0.0202,0.0165,0.0141,0.0137,0.0127,0.0114,0.0095,0.0099,0.0102,0.0096,0.0089,0.0074,0.0064,0.0058,0.0053,0.0048,0.0038,0.0031,0.0024,0.002,0.0012,0.0006,0.0004,0.0002,0.0001,0.0,0.0,0.0,0.0,0.0,0.0,0.0,0.0,0.0,0.0,0.0,0.0,0.0,0.0,0.0,0.0,0.0,0.0,0.0,0.0,0.0,0.0
0.1261,0.1249,0.1221,0.1213,0.1193,0.1164,0.1155,0.1123,0.1077,0.1097,0.1042,0.0999,0.0968,0.0957,0.0963,0.0968,0.0958,0.0961,0.0943,0.0918,0.0898,0.0904,0.0914,0.0903,0.0896,0.0885,0.0876,0.0854,0.0821,0.0781,0.0751,0.0732,0.0699,0.0695,0.0668,0.0651,0.0632,0.061,0.0571,0.0529,0.0497,0.046,0.0435,0.0408,0.0384,0.0345,0.0309,0.0283,0.0248,0.0211,0.0184,0.0154,0.0108,0.0067,0.0046,0.0036,0.0028,0.0021,0.0016,0.0012,0.0008,0.0005,0.0003,0.0002,0.0,0.0,0.0,0.0,0.0,0.0,0.0,0.0,0.0,0.0,0.0,0.0,0.0,0.0,0.0,0.0,0.0,0.0,0.0,0.0,0.0,0.0,0.0,0.0,0.0,0.0
0.1197,0.1172,0.1131,0.1082,0.1054,0.1046,0.1051,0.1043,0.1032,0.103,0.1043,0.1014,0.0981,0.0935,0.0889,0.087,0.0843,0.084,0.083,0.0799,0.0729,0.0668,0.0614,0.057,0.0525,0.0489,0.0462,0.0441,0.0428,0.0426,0.0411,0.0401,0.0383,0.0349,0.0312,0.0275,0.0248,0.0233,0.0219,0.0183,0.0154,0.0128,0.0107,0.0096,0.0088,0.0081,0.007,0.0061,0.0053,0.0047,0.0037,0.002,0.0007,0.0002,0.0001,0.0001,0.0,0.0,0.0,0.0,0.0,0.0,0.0,0.0,0.0,0.0,0.0,0.0,0.0,0.0,0.0,0.0,0.0,0.0,0.0,0.0,0.0,0.0,0.0,0.0,0.0,0.0,0.0,0.0,0.0,0.0,0.0,0.0,0.0,0.0
0.0685,0.0659,0.0647,0.0618,0.0598,0.058,0.0559,0.0548,0.0541,0.0501,0.0493,0.0474,0.0452,0.0415,0.0376,0.0331,0.0318,0.0291,0.0263,0.0231,0.0202,0.0161,0.0123,0.0096,0.0072,0.0055,0.0038,0.003,0.0026,0.0025,0.0022,0.0018,0.0015,0.0009,0.0005,0.0002,0.0001,0.0,0.0,0.0,0.0,0.0,0.0,0.0,0.0,0.0,0.0,0.0,0.0,0.0,0.0,0.0,0.0,0.0,0.0,0.0,0.0,0.0,0.0,0.0,0.0,0.0,0.0,0.0,0.0,0.0,0.0,0.0,0.0,0.0,0.0,0.0,0.0,0.0,0.0,0.0,0.0,0.0,0.0,0.0,0.0,0.0,0.0,0.0,0.0,0.0,0.0,0.0,0.0,0.0
0.0413,0.0352,0.035,0.0292,0.0249,0.023,0.022,0.0211,0.0205,0.0207,0.0233,0.0231,0.0221,0.0204,0.021,0.021,0.0202,0.0192,0.0208,0.0217,0.0224,0.0212,0.0203,0.0199,0.02,0.0217,0.022,0.0222,0.0222,0.0225,0.0236,0.0245,0.0231,0.0217,0.0205,0.0182,0.0188,0.0205,0.0212,0.0207,0.0187,0.0187,0.0202,0.0216,0.0229,0.0227,0.0208,0.0191,0.0186,0.0185,0.0185,0.0178,0.0188,0.0196,0.0197,0.02,0.0191,0.0183,0.0193,0.0198,0.0199,0.0203,0.0196,0.0185,0.0176,0.0174,0.0199,0.0209,0.02,0.0197,0.0186,0.0186,0.0176,0.0176,0.0178,0.0183,0.0185,0.0182,0.0173,0.0148,0.0143,0.0165,0.0165,0.0172,0.017,0.0164,0.0173,0.0179,0.0187,0.019
0.1334,0.1279,0.1243,0.1222,0.1164,0.1123,0.109,0.1063,0.1043,0.1022,0.0999,0.1012,0.1017,0.0996,0.0976,0.0959,0.0939,0.0915,0.0898,0.0878,0.0894,0.091,0.0915,0.0909,0.0883,0.089,0.0913,0.0929,0.0949,0.0979,0.099,0.1009,0.1023,0.1006,0.0984,0.0926,0.0892,0.0897,0.0894,0.0882,0.0846,0.0813,0.0822,0.0819,0.0808,0.0788,0.0776,0.0759,0.074,0.0744,0.0747,0.0732,0.0705,0.07,0.0701,0.0698,0.0673,0.0644,0.063,0.0626,0.0614,0.059,0.0579,0.0567,0.0565,0.0548,0.0487,0.0422,0.0409,0.0399,0.0397,0.0383,0.0381,0.0376,0.0376,0.0376,0.0363,0.0342,0.0326,0.0324,0.0304,0.0272,0.0244,0.0216,0.0207,0.0203,0.0187,0.0161,0.0143,0.0121
0.2268,0.2208,0.2096,0.2039,0.1981,0.1905,0.1855,0.18,0.1771,0.1758,0.1666,0.1598,0.1596,0.1632,0.1613,0.1618,0.1588,0.1529,0.1454,0.139,0.1427,0.1465,0.1501,0.1498,0.1519,0.1516,0.1511,0.1481,0.1414,0.1352,0.1286,0.1227,0.1224,0.1237,0.1206,0.1173,0.1128,0.1063,0.1017,0.0973,0.0956,0.0919,0.0859,0.0802,0.0746,0.0706,0.0671,0.0654,0.0622,0.0573,0.0532,0.0502,0.0467,0.0422,0.0371,0.0331,0.0317,0.0299,0.0254,0.0222,0.019,0.0164,0.0142,0.013,0.0115,0.01,0.0081,0.0069,0.0055,0.0044,0.0035,0.0024,0.0018,0.0008,0.0003,0.0002,0.0001,0.0,0.0001,0.0001,0.0,0.0,0.0,0.0,0.0,0.0,0.0,0.0,0.0,0.0
0.3171,0.308,0.3003,0.2842,0.277,0.2667,0.2544,0.247,0.2434,0.2413,0.2365,0.2289,0.2204,0.2159,0.2137,0.21,0.2047,0.2022,0.1967,0.1882,0.1814,0.1706,0.1605,0.157,0.153,0.146,0.1393,0.1335,0.1257,0.1178,0.111,0.104,0.097,0.0922,0.0896,0.0861,0.0817,0.0771,0.0718,0.0675,0.0647,0.0614,0.0574,0.0553,0.0516,0.0491,0.0467,0.0437,0.0416,0.0389,0.0367,0.0347,0.0326,0.0301,0.0263,0.0231,0.0207,0.0196,0.0176,0.0156,0.0134,0.0115,0.0099,0.0086,0.0074,0.006,0.0047,0.0037,0.003,0.0024,0.0018,0.0014,0.0009,0.0006,0.0003,0.0001,0.0,0.0,0.0,0.0,0.0,0.0,0.0,0.0,0.0,0.0,0.0,0.0,0.0,0.0
0.3612,0.3534,0.3432,0.3333,0.3218,0.3119,0.2969,0.2848,0.2762,0.2668,0.2637,0.2574,0.2519,0.2477,0.2473,0.2465,0.2433,0.2391,0.2347,0.2245,0.2196,0.2137,0.2082,0.2115,0.211,0.2081,0.2074,0.2077,0.2048,0.1984,0.1945,0.1901,0.1829,0.1769,0.1753,0.172,0.1619,0.1589,0.1571,0.1515,0.1467,0.1358,0.1269,0.1246,0.1206,0.1126,0.1054,0.0995,0.0973,0.0913,0.0876,0.0861,0.0792,0.0732,0.0687,0.0667,0.0648,0.0622,0.0573,0.0502,0.0462,0.0409,0.0385,0.039,0.0386,0.0395,0.0394,0.0394,0.0369,0.031,0.0244,0.0209,0.0177,0.0163,0.0165,0.0156,0.0153,0.0158,0.015,0.0149,0.0144,0.0141,0.016,0.0167,0.0185,0.0214,0.0222,0.0211,0.0233,0.0208
0.4171,0.4151,0.4075,0.4016,0.3968,0.3952,0.3886,0.38,0.37,0.364,0.3605,0.3561,0.3493,0.3413,0.3363,0.3321,0.3289,0.3237,0.3219,0.3164,0.3067,0.301,0.2908,0.2814,0.2692,0.2577,0.2491,0.245,0.2429,0.2383,0.2307,0.2228,0.2175,0.211,0.2047,0.2053,0.2046,0.1998,0.1925,0.1912,0.1935,0.1934,0.1893,0.1843,0.1869,0.1857,0.185,0.1826,0.1794,0.1778,0.1732,0.1708,0.1682,0.1642,0.1627,0.1628,0.1594,0.1556,0.1534,0.1505,0.1463,0.1402,0.1348,0.1329,0.1322,0.13,0.1273,0.1242,0.1238,0.1226,0.1181,0.1133,0.1105,0.1088,0.1071,0.1078,0.1085,0.1101,0.1114,0.1106,0.1095,0.1083,0.1072,0.1069,0.1057,0.1042,0.104,0.1047,0.1031,0.1025
0.4492,0.4474,0.4439,0.4373,0.4266,0.4222,0.4095,0.3972,0.3861,0.3765,0.3664,0.3602,0.3529,0.3449,0.3342,0.32,0.3118,0.3088,0.2975,0.2895,0.2826,0.2746,0.2697,0.2559,0.2453,0.2413,0.2374,0.2326,0.2268,0.2202,0.2146,0.2079,0.2018,0.1954,0.1867,0.1789,0.1762,0.1711,0.1611,0.1549,0.1516,0.1525,0.1498,0.1442,0.1399,0.1392,0.1381,0.1373,0.1332,0.1311,0.129,0.1248,0.1233,0.1217,0.1192,0.1173,0.1156,0.1137,0.1125,0.1134,0.1128,0.1123,0.1094,0.1048,0.0992,0.0941,0.0907,0.0873,0.0846,0.0857,0.0877,0.0875,0.0871,0.0851,0.0829,0.0806,0.0794,0.075,0.0695,0.0645,0.0614,0.0592,0.0576,0.0558,0.0545,0.0514,0.0481,0.0475,0.0478,0.0489
0.3527,0.348,0.347,0.3464,0.344,0.3426,0.3431,0.3391,0.3335,0.3236,0.3129,0.3021,0.2963,0.2898,0.2831,0.2755,0.2654,0.2628,0.255,0.2501,0.2406,0.2355,0.2296,0.2203,0.212,0.2029,0.1939,0.1827,0.1747,0.166,0.1548,0.1467,0.1433,0.1378,0.1326,0.1255,0.119,0.1129,0.1105,0.1032,0.0934,0.0894,0.088,0.0845,0.0784,0.076,0.0734,0.0721,0.0685,0.0647,0.0625,0.0631,0.06,0.0571,0.0533,0.0492,0.0484,0.0457,0.0427,0.0408,0.0385,0.0371,0.035,0.0326,0.0305,0.0284,0.0262,0.0247,0.0228,0.0217,0.0215,0.0201,0.0196,0.0184,0.0179,0.0171,0.0153,0.0129,0.0102,0.0083,0.007,0.0058,0.0047,0.0038,0.0032,0.0024,0.0016,0.0012,0.0009,0.0007
0.2458,0.2409,0.2373,0.2346,0.228,0.2225,0.222,0.2194,0.2157,0.2103,0.2069,0.2,0.1903,0.1848,0.1813,0.1778,0.1704,0.165,0.1597,0.1546,0.1455,0.1398,0.1364,0.1333,0.1315,0.1243,0.1151,0.1085,0.104,0.0997,0.0922,0.084,0.0786,0.0747,0.0702,0.0649,0.0591,0.0521,0.0469,0.0404,0.0346,0.0297,0.0272,0.0248,0.0232,0.0214,0.0193,0.0156,0.0129,0.0109,0.0098,0.0094,0.0097,0.0097,0.0096,0.0071,0.0062,0.0065,0.0061,0.006,0.0071,0.0086,0.0092,0.009,0.0088,0.008,0.0075,0.007,0.0061,0.0052,0.0054,0.0052,0.0049,0.0044,0.0042,0.0041,0.0035,0.0027,0.0019,0.0013,0.0009,0.0008,0.0006,0.0005,0.0004,0.0003,0.0002,0.0001,0.0,0.0
0.2587,0.2519,0.2475,0.2451,0.2409,0.2343,0.2326,0.2267,0.2207,0.2147,0.207,0.2002,0.1938,0.1878,0.1792,0.1666,0.1597,0.1538,0.1489,0.1433,0.1374,0.1307,0.1267,0.1211,0.1169,0.1116,0.1061,0.1014,0.0967,0.0922,0.0889,0.0844,0.08,0.0772,0.0755,0.0743,0.0718,0.0691,0.0677,0.0647,0.061,0.0559,0.0523,0.0479,0.0443,0.0419,0.0394,0.0402,0.038,0.0341,0.0299,0.0275,0.0249,0.0212,0.0179,0.0153,0.0135,0.0116,0.0099,0.0078,0.0064,0.0049,0.0033,0.0024,0.0019,0.0015,0.0009,0.0004,0.0001,0.0,0.0,0.0,0.0,0.0,0.0,0.0,0.0,0.0,0.0,0.0,0.0,0.0,0.0,0.0001,0.0001,0.0001,0.0002,0.0003,0.0005,0.0007
0.1742,0.169,0.1686,0.1655,0.1618,0.1567,0.1551,0.1514,0.148,0.1436,0.1401,0.1366,0.1343,0.1314,0.1295,0.1291,0.1253,0.1224,0.1203,0.1189,0.1181,0.1165,0.1145,0.1109,0.1077,0.1049,0.103,0.0998,0.0964,0.0908,0.0921,0.0925,0.092,0.0912,0.0899,0.087,0.0866,0.0874,0.0859,0.0833,0.0809,0.0761,0.0709,0.0658,0.0622,0.0596,0.0587,0.0588,0.0554,0.0525,0.0476,0.0438,0.0439,0.042,0.0416,0.0395,0.0374,0.0362,0.035,0.0338,0.0321,0.0327,0.0317,0.0303,0.0289,0.0283,0.0257,0.0208,0.0179,0.0142,0.0128,0.0122,0.0116,0.0109,0.0105,0.0096,0.0087,0.0092,0.01,0.0109,0.0113,0.012,0.013,0.0138,0.0143,0.0161,0.0177,0.0205,0.0232,0.0266
0.1791,0.1749,0.1735,0.1726,0.1714,0.1687,0.1678,0.1659,0.1628,0.162,0.1603,0.1586,0.1563,0.1525,0.1512,0.1537,0.1551,0.1517,0.1503,0.1488,0.1492,0.1465,0.1454,0.1459,0.1461,0.1462,0.1435,0.1418,0.1385,0.1359,0.1303,0.1266,0.1223,0.1199,0.1197,0.1193,0.1173,0.112,0.1106,0.1106,0.1116,0.1118,0.1117,0.1103,0.1079,0.1047,0.1011,0.0972,0.0926,0.0906,0.0901,0.0892,0.0885,0.0825,0.0797,0.0775,0.0753,0.0726,0.0706,0.0686,0.0667,0.0649,0.0643,0.061,0.059,0.0584,0.0587,0.0578,0.0583,0.0555,0.054,0.0529,0.052,0.05,0.048,0.0461,0.0443,0.043,0.0424,0.0417,0.0405,0.041,0.0409,0.0407,0.0392,0.0387,0.0394,0.039,0.038,0.0386
0.1441,0.1444,0.1447,0.1455,0.1465,0.1452,0.1445,0.1434,0.142,0.1404,0.1406,0.1402,0.1423,0.1405,0.1392,0.1399,0.139,0.1336,0.1294,0.1261,0.1237,0.1222,0.1222,0.1225,0.1212,0.1204,0.119,0.1194,0.1184,0.116,0.1134,0.1105,0.1068,0.1052,0.1039,0.1022,0.0995,0.0978,0.0973,0.096,0.0946,0.0951,0.0945,0.0928,0.0906,0.0889,0.0863,0.0823,0.0805,0.0802,0.0785,0.0764,0.0746,0.0738,0.0726,0.0727,0.0718,0.0699,0.0686,0.068,0.0667,0.0651,0.0642,0.0622,0.0611,0.06,0.0594,0.0562,0.0548,0.0526,0.0521,0.052,0.0515,0.0506,0.0498,0.0495,0.0489,0.0479,0.0471,0.0461,0.0468,0.0445,0.0418,0.0394,0.0386,0.0375,0.0342,0.0306,0.0296,0.0275
0.1192,0.1164,0.1139,0.1108,0.1082,0.1066,0.1053,0.1045,0.1032,0.1015,0.0994,0.0967,0.0932,0.0931,0.0919,0.0896,0.0902,0.0924,0.0936,0.094,0.093,0.0895,0.0854,0.0811,0.0785,0.0789,0.0791,0.0771,0.077,0.078,0.0781,0.0764,0.0752,0.0729,0.0704,0.0706,0.0714,0.0701,0.0665,0.0655,0.0631,0.0612,0.0592,0.059,0.0581,0.0567,0.0555,0.055,0.0551,0.0537,0.0531,0.0526,0.0523,0.0508,0.0459,0.0419,0.0412,0.0419,0.0407,0.0382,0.0364,0.0349,0.0325,0.0303,0.0276,0.0263,0.0262,0.0267,0.0248,0.0243,0.0225,0.0213,0.0202,0.0198,0.0181,0.0168,0.016,0.0149,0.0139,0.0116,0.0088,0.0069,0.0059,0.0049,0.0045,0.0042,0.0029,0.001,0.0006,0.0004
0.0374,0.0337,0.0318,0.0301,0.0289,0.0285,0.0265,0.0247,0.0244,0.024,0.023,0.0221,0.0194,0.0177,0.0174,0.017,0.0167,0.0155,0.016,0.0138,0.0121,0.0107,0.0095,0.0082,0.0073,0.006,0.0049,0.0043,0.0036,0.0032,0.0029,0.0028,0.0024,0.0021,0.0019,0.0017,0.0014,0.0011,0.001,0.0008,0.0007,0.0007,0.0006,0.0005,0.0004,0.0004,0.0003,0.0003,0.0002,0.0002,0.0002,0.0002,0.0001,0.0001,0.0001,0.0001,0.0001,0.0001,0.0001,0.0001,0.0001,0.0001,0.0001,0.0001,0.0001,0.0001,0.0001,0.0001,0.0001,0.0001,0.0001,0.0001,0.0001,0.0,0.0,0.0,0.0,0.0,0.0,0.0,0.0,0.0,0.0,0.0,0.0,0.0,0.0,0.0,0.0,0.0
0.0453,0.0443,0.0426,0.0415,0.0403,0.0381,0.0369,0.0363,0.0366,0.0372,0.0377,0.0375,0.0377,0.0393,0.0398,0.0398,0.0397,0.0395,0.0386,0.0377,0.0373,0.0366,0.0362,0.0361,0.0364,0.036,0.0356,0.0358,0.0355,0.035,0.0341,0.034,0.0304,0.0272,0.0265,0.0292,0.031,0.0302,0.0291,0.0294,0.031,0.0316,0.0316,0.031,0.0311,0.0318,0.0313,0.0306,0.029,0.0282,0.0255,0.0235,0.0237,0.0244,0.0251,0.0264,0.0269,0.0263,0.0245,0.0241,0.0239,0.0221,0.0207,0.0219,0.0235,0.0246,0.0257,0.027,0.0277,0.028,0.0281,0.0291,0.0302,0.0293,0.0295,0.0306,0.0304,0.0297,0.0292,0.0294,0.0303,0.0306,0.031,0.031,0.0308,0.0306,0.0301,0.0299,0.0297,0.03
0.464,0.4549,0.4457,0.4394,0.4358,0.4348,0.4315,0.4263,0.4229,0.4275,0.4341,0.4375,0.4374,0.4441,0.4503,0.4512,0.4481,0.4409,0.4278,0.4196,0.418,0.4173,0.4133,0.4134,0.4168,0.417,0.4176,0.4216,0.4223,0.4178,0.4126,0.4052,0.3883,0.3773,0.369,0.3616,0.3647,0.3648,0.3599,0.3571,0.3639,0.3732,0.3767,0.3782,0.3782,0.3764,0.3762,0.3742,0.3683,0.3629,0.3523,0.343,0.3378,0.3353,0.3305,0.3257,0.3177,0.3152,0.3099,0.3065,0.3043,0.303,0.2991,0.3011,0.3081,0.3161,0.3247,0.3315,0.3305,0.3266,0.3204,0.3187,0.3178,0.3148,0.3111,0.3106,0.3122,0.3122,0.3104,0.3102,0.313,0.3126,0.313,0.3158,0.323,0.3269,0.328,0.3283,0.3248,0.3304
0.5179,0.5164,0.5079,0.5032,0.4964,0.4943,0.4896,0.4894,0.4805,0.4722,0.4649,0.4542,0.4486,0.4461,0.4458,0.4434,0.4374,0.4392,0.4412,0.4412,0.4401,0.4376,0.434,0.4292,0.4248,0.4227,0.4196,0.4156,0.4105,0.4085,0.409,0.4095,0.411,0.4058,0.4048,0.4004,0.3888,0.382,0.3796,0.3779,0.3719,0.3692,0.367,0.3647,0.3615,0.3573,0.3529,0.3497,0.3479,0.3424,0.3419,0.3377,0.3331,0.3274,0.3188,0.3079,0.298,0.2891,0.2819,0.2729,0.2644,0.2589,0.254,0.2453,0.2338,0.2243,0.2135,0.2025,0.1967,0.1958,0.1917,0.1805,0.1676,0.1554,0.1442,0.1352,0.124,0.1148,0.1069,0.1006,0.094,0.0846,0.0764,0.0714,0.0725,0.0756,0.074,0.0738,0.0699,0.0665
0.5462,0.5434,0.5361,0.5293,0.5182,0.5098,0.5029,0.4939,0.4817,0.4627,0.4473,0.4376,0.4371,0.4328,0.4252,0.4194,0.4054,0.4024,0.4002,0.3982,0.3897,0.3865,0.3857,0.3819,0.3767,0.3732,0.3726,0.3703,0.3719,0.374,0.3707,0.3659,0.3673,0.365,0.3574,0.3471,0.334,0.3217,0.317,0.3098,0.2975,0.2841,0.2712,0.2593,0.2464,0.2346,0.2213,0.2109,0.2046,0.1968,0.1922,0.1859,0.1799,0.1734,0.1655,0.159,0.1528,0.1485,0.1417,0.1359,0.1277,0.1197,0.1133,0.1071,0.0988,0.0881,0.0805,0.0703,0.0647,0.0612,0.058,0.0541,0.0496,0.0462,0.0437,0.0405,0.0367,0.034,0.0315,0.0287,0.0257,0.0229,0.0202,0.0181,0.0177,0.0186,0.0173,0.016,0.0144,0.0138
0.4481,0.4437,0.4314,0.4203,0.4064,0.3969,0.3915,0.3819,0.373,0.3651,0.3538,0.3454,0.3364,0.3322,0.3262,0.3174,0.3105,0.3082,0.3063,0.3008,0.2931,0.2804,0.2723,0.2641,0.2544,0.2439,0.2321,0.2176,0.206,0.1962,0.185,0.1714,0.161,0.1567,0.1503,0.1451,0.1418,0.1389,0.1329,0.1281,0.1214,0.1116,0.1053,0.0997,0.0927,0.0874,0.082,0.0744,0.0675,0.0629,0.06,0.059,0.0565,0.0546,0.0553,0.0536,0.0521,0.0494,0.0472,0.0441,0.0407,0.0364,0.0328,0.0291,0.0253,0.0214,0.0171,0.013,0.0102,0.0075,0.0064,0.0051,0.0041,0.0032,0.0024,0.0017,0.0008,0.0004,0.0002,0.0001,0.0,0.0,0.0,0.0,0.0,0.0,0.0,0.0,0.0,0.0
0.4136,0.4161,0.4081,0.3996,0.3914,0.3791,0.37,0.3617,0.3528,0.3402,0.3293,0.3187,0.3057,0.2924,0.2781,0.2639,0.2478,0.2356,0.2236,0.213,0.201,0.1865,0.1695,0.1581,0.1503,0.1397,0.1258,0.1117,0.0985,0.0858,0.0736,0.063,0.0526,0.047,0.0403,0.036,0.0329,0.0314,0.0299,0.0256,0.0225,0.0184,0.014,0.0113,0.0094,0.0082,0.0074,0.0068,0.0056,0.0049,0.0038,0.0031,0.0025,0.0017,0.0015,0.0009,0.0004,0.0003,0.0002,0.0,0.0,0.0,0.0,0.0,0.0,0.0,0.0,0.0,0.0,0.0,0.0,0.0,0.0,0.0,0.0,0.0,0.0,0.0,0.0,0.0,0.0,0.0,0.0,0.0,0.0,0.0,0.0,0.0,0.0,0.0
0.3887,0.3867,0.3861,0.3789,0.3728,0.3611,0.3496,0.3384,0.3328,0.3201,0.3081,0.2994,0.2842,0.2722,0.2588,0.2486,0.2371,0.2236,0.2073,0.2006,0.1924,0.1859,0.1782,0.1687,0.1627,0.1575,0.1494,0.1408,0.1334,0.1258,0.1179,0.1126,0.1039,0.0939,0.0887,0.0825,0.0762,0.0699,0.0599,0.0531,0.0451,0.0381,0.0308,0.0254,0.0183,0.0131,0.0088,0.0046,0.0025,0.0011,0.0005,0.0003,0.0002,0.0001,0.0001,0.0001,0.0,0.0,0.0,0.0,0.0,0.0,0.0,0.0,0.0,0.0,0.0,0.0,0.0,0.0,0.0,0.0,0.0,0.0,0.0,0.0,0.0,0.0,0.0,0.0,0.0,0.0,0.0,0.0,0.0,0.0,0.0,0.0,0.0,0.0
