0.3208,0.3071,0.3059,0.3025,0.2982,0.2912,0.285,0.2778,0.2733,0.2679,0.2624,0.2559,0.2428,0.2328,0.2238,0.2153,0.2119,0.2051,0.1934,0.1873,0.1771,0.1634,0.151,0.1397,0.1297,0.1198,0.1113,0.1069,0.104,0.0963,0.0905,0.0852,0.0792,0.0729,0.0657,0.0569,0.0485,0.0429,0.0385,0.0352,0.0325,0.0291,0.0266,0.0233,0.0193,0.0166,0.0144,0.0115,0.0101,0.0093,0.0076,0.0059,0.0039,0.0027,0.0015,0.0011,0.0009,0.0005,0.0002,0.0,0.0,0.0,0.0,0.0,0.0,0.0,0.0,0.0,0.0,0.0,0.0,0.0,0.0,0.0,0.0,0.0,0.0,0.0,0.0,0.0,0.0,0.0,0.0,0.0,0.0,0.0,0.0,0.0,0.0,0.0
0.3888,0.3714,0.3635,0.3514,0.3345,0.3176,0.3017,0.2889,0.2793,0.2684,0.2577,0.2493,0.2358,0.2226,0.2089,0.1951,0.1852,0.1693,0.1582,0.1452,0.1282,0.1107,0.0957,0.0862,0.0785,0.0738,0.0681,0.0587,0.0495,0.0393,0.0306,0.0235,0.0178,0.0133,0.0115,0.0099,0.0087,0.0079,0.0064,0.0047,0.0029,0.0022,0.0009,0.0003,0.0001,0.0,0.0,0.0,0.0,0.0,0.0,0.0,0.0,0.0,0.0,0.0,0.0,0.0,0.0,0.0,0.0,0.0,0.0,0.0,0.0,0.0,0.0,0.0,0.0,0.0,0.0,0.0,0.0,0.0,0.0,0.0,0.0,0.0,0.0,0.0,0.0,0.0,0.0,0.0,0.0,0.0,0.0,0.0,0.0,0.0
0.5476,0.5342,0.5229,0.5166,0.5091,0.4984,0.4876,0.4758,0.4703,0.4624,0.4514,0.4439,0.4333,0.4149,0.3993,0.381,0.3649,0.3474,0.3298,0.3148,0.2969,0.2814,0.2662,0.2505,0.2346,0.2233,0.2148,0.201,0.1841,0.1677,0.1482,0.1289,0.1116,0.0964,0.0852,0.0762,0.067,0.0594,0.0505,0.04,0.0297,0.0217,0.0122,0.0069,0.0044,0.0021,0.0006,0.0001,0.0,0.0,0.0,0.0,0.0,0.0,0.0,0.0,0.0,0.0,0.0,0.0,0.0,0.0,0.0,0.0,0.0,0.0,0.0,0.0,0.0,0.0,0.0,0.0,0.0,0.0,0.0,0.0,0.0,0.0,0.0,0.0,0.0,0.0,0.0,0.0,0.0,0.0,0.0,0.0,0.0,0.0
0.4244,0.4172,0.4114,0.4099,0.4101,0.4072,0.4043,0.4021,0.3936,0.3909,0.3872,0.3813,0.3814,0.3785,0.3732,0.3644,0.355,0.3532,0.346,0.3407,0.3311,0.3236,0.3162,0.3002,0.2823,0.2656,0.2509,0.2416,0.2328,0.2251,0.2149,0.2043,0.1915,0.1778,0.1609,0.1426,0.1281,0.112,0.0973,0.0821,0.0674,0.051,0.038,0.0268,0.0203,0.0155,0.0102,0.0061,0.0043,0.0028,0.0015,0.0013,0.0013,0.0013,0.0012,0.0012,0.0011,0.001,0.0007,0.0006,0.0004,0.0002,0.0001,0.0,0.0,0.0,0.0,0.0,0.0,0.0,0.0,0.0,0.0,0.0,0.0,0.0,0.0,0.0,0.0,0.0,0.0,0.0,0.0,0.0,0.0,0.0,0.0,0.0,0.0,0.0
0.2343,0.2295,0.2169,0.202,0.1923,0.187,0.1795,0.173,0.1652,0.157,0.1525,0.1461,0.1348,0.127,0.121,0.1157,0.1105,0.1088,0.1041,0.0983,0.093,0.0833,0.0731,0.064,0.0557,0.0463,0.0386,0.0361,0.0335,0.0286,0.0243,0.02,0.0153,0.011,0.0078,0.0053,0.0043,0.0043,0.0042,0.0025,0.0018,0.0013,0.0008,0.0004,0.0001,0.0,0.0,0.0,0.0,0.0,0.0,0.0,0.0,0.0,0.0,0.0,0.0,0.0,0.0,0.0,0.0,0.0,0.0,0.0,0.0,0.0,0.0,0.0,0.0,0.0,0.0,0.0,0.0,0.0,0.0,0.0,0.0,0.0,0.0,0.0,0.0,0.0,0.0,0.0,0.0,0.0,0.0,0.0,0.0,0.0
0.0765,0.0756,0.0722,0.0715,0.0736,0.0757,0.074,0.0702,0.0669,0.064,0.0631,0.0604,0.0559,0.0542,0.0517,0.0496,0.0462,0.0427,0.0403,0.0369,0.0348,0.0331,0.0305,0.0281,0.0239,0.0203,0.017,0.0152,0.0135,0.0111,0.0096,0.0079,0.0066,0.0056,0.0047,0.0041,0.0036,0.0024,0.0014,0.0016,0.0022,0.0029,0.0041,0.0045,0.004,0.0039,0.0038,0.0041,0.0048,0.005,0.005,0.0045,0.0041,0.0041,0.0041,0.004,0.0038,0.0036,0.0036,0.0032,0.003,0.003,0.0028,0.0025,0.0021,0.0018,0.0017,0.0013,0.0011,0.0011,0.001,0.0009,0.0005,0.0002,0.0001,0.0,0.0,0.0,0.0,0.0,0.0,0.0,0.0,0.0,0.0,0.0,0.0,0.0,0.0,0.0
0.123,0.1214,0.1187,0.1139,0.1135,0.1059,0.1023,0.0994,0.0968,0.0931,0.09,0.0877,0.0816,0.0778,0.0751,0.0736,0.0697,0.0653,0.0609,0.0566,0.0502,0.0513,0.0534,0.0519,0.0476,0.0456,0.0443,0.0425,0.0391,0.0382,0.0371,0.0376,0.037,0.0358,0.0356,0.0339,0.0324,0.0301,0.03,0.0305,0.0307,0.0295,0.0276,0.0268,0.0255,0.0235,0.0222,0.0215,0.0217,0.0211,0.0196,0.0178,0.0156,0.0138,0.0124,0.0113,0.0099,0.0086,0.0073,0.0063,0.0051,0.0039,0.0033,0.0026,0.002,0.0014,0.001,0.0008,0.0006,0.0002,0.0,0.0,0.0,0.0,0.0,0.0,0.0,0.0,0.0,0.0,0.0,0.0,0.0,0.0001,0.0004,0.0007,0.001,0.0012,0.002,0.003
0.1905,0.1886,0.1889,0.1818,0.1691,0.156,0.1494,0.145,0.1438,0.1417,0.1382,0.1369,0.136,0.1312,0.1282,0.1247,0.1244,0.1216,0.1186,0.1171,0.1151,0.1099,0.1049,0.0979,0.0939,0.0901,0.086,0.0836,0.083,0.0802,0.0768,0.0723,0.0701,0.0666,0.0637,0.0607,0.0587,0.0568,0.0533,0.0503,0.0498,0.0462,0.0422,0.0402,0.0387,0.0359,0.0324,0.0296,0.029,0.0293,0.0272,0.0254,0.0239,0.0248,0.0252,0.0251,0.0243,0.024,0.0232,0.0243,0.0235,0.023,0.0241,0.0245,0.0246,0.0248,0.0257,0.0255,0.0249,0.0245,0.0248,0.0245,0.0239,0.0234,0.0229,0.0228,0.0223,0.0214,0.0203,0.0201,0.0197,0.0196,0.0208,0.0212,0.0208,0.0195,0.019,0.0194,0.0206,0.0222
0.142,0.1394,0.1401,0.1415,0.1355,0.1299,0.1243,0.1207,0.1192,0.1185,0.1161,0.1119,0.1085,0.102,0.1,0.0967,0.0963,0.0952,0.0948,0.0931,0.0914,0.0885,0.0855,0.0829,0.0793,0.079,0.0767,0.0771,0.0759,0.076,0.0751,0.0759,0.0747,0.0738,0.0719,0.0699,0.0683,0.0672,0.0655,0.0632,0.0635,0.0651,0.0636,0.062,0.0602,0.0581,0.0554,0.0534,0.051,0.0489,0.0459,0.0434,0.0409,0.0387,0.0364,0.0348,0.0326,0.0312,0.0294,0.0272,0.0259,0.024,0.022,0.0204,0.0183,0.0153,0.0124,0.0109,0.0098,0.0093,0.0084,0.0069,0.0055,0.0041,0.0028,0.0017,0.0014,0.0012,0.0009,0.0008,0.0007,0.0008,0.001,0.0011,0.0008,0.0005,0.0005,0.0005,0.0003,0.0003
0.1115,0.1088,0.1039,0.1014,0.0994,0.0985,0.0958,0.0945,0.0894,0.0839,0.0825,0.0812,0.08,0.0771,0.0749,0.074,0.0742,0.0748,0.0736,0.072,0.0719,0.0715,0.0696,0.068,0.0657,0.065,0.0651,0.0608,0.0571,0.0538,0.0513,0.0484,0.0462,0.0445,0.0425,0.0403,0.0386,0.0377,0.0369,0.0351,0.0326,0.0334,0.0325,0.0309,0.0282,0.0251,0.0231,0.0213,0.0195,0.0174,0.0155,0.0143,0.0136,0.0132,0.0121,0.0106,0.0084,0.007,0.0061,0.005,0.0041,0.0036,0.0029,0.0023,0.0015,0.0008,0.0003,0.0002,0.0001,0.0,0.0,0.0,0.0,0.0,0.0,0.0,0.0,0.0,0.0,0.0,0.0,0.0,0.0,0.0,0.0,0.0,0.0,0.0,0.0,0.0
0.1107,0.1088,0.1034,0.098,0.0946,0.0929,0.0893,0.0866,0.0797,0.0783,0.0747,0.0717,0.0691,0.0659,0.0622,0.0595,0.0556,0.054,0.0499,0.0457,0.0423,0.0389,0.0355,0.0328,0.0303,0.0272,0.0274,0.0244,0.0227,0.0206,0.0187,0.0161,0.0151,0.0136,0.0123,0.0112,0.0099,0.008,0.0058,0.0045,0.0037,0.0027,0.0022,0.0017,0.0014,0.0015,0.0015,0.0013,0.0012,0.0012,0.001,0.0009,0.0008,0.001,0.001,0.0011,0.0014,0.0014,0.0017,0.0019,0.0023,0.0028,0.0028,0.0029,0.0036,0.004,0.0043,0.0043,0.0041,0.004,0.0038,0.0036,0.0037,0.003,0.0025,0.002,0.0014,0.0015,0.0018,0.0015,0.0013,0.0011,0.0008,0.0006,0.0003,0.0003,0.0003,0.0002,0.0001,0.0
0.0862,0.0846,0.0808,0.0804,0.0765,0.0731,0.0716,0.0695,0.0642,0.063,0.0616,0.0591,0.057,0.0558,0.0545,0.0525,0.0496,0.0504,0.0494,0.0474,0.0455,0.0442,0.0431,0.0404,0.0367,0.0326,0.0325,0.0298,0.0314,0.0314,0.0306,0.0312,0.0309,0.0311,0.0316,0.0314,0.0312,0.0315,0.0314,0.0313,0.0311,0.0306,0.0302,0.0293,0.0291,0.0284,0.0273,0.0262,0.025,0.0232,0.0222,0.0212,0.0199,0.0189,0.0174,0.0165,0.0158,0.0147,0.0136,0.0123,0.0103,0.0086,0.0078,0.0068,0.0051,0.004,0.0031,0.0025,0.002,0.0016,0.0012,0.0007,0.0002,0.0,0.0,0.0,0.0,0.0,0.0,0.0,0.0,0.0,0.0,0.0,0.0,0.0,0.0,0.0,0.0,0.0
0.0804,0.0787,0.0761,0.0717,0.0682,0.0652,0.0633,0.0619,0.0595,0.0566,0.0567,0.0553,0.0534,0.0511,0.0491,0.0468,0.0459,0.0428,0.0399,0.039,0.0372,0.0355,0.0333,0.032,0.0312,0.0297,0.0286,0.0291,0.0272,0.0272,0.0265,0.0242,0.0235,0.0219,0.0197,0.0176,0.0155,0.0134,0.0116,0.0098,0.0084,0.0073,0.0062,0.0051,0.004,0.0027,0.0017,0.0011,0.0006,0.0003,0.0001,0.0,0.0,0.0,0.0,0.0,0.0,0.0,0.0,0.0,0.0,0.0,0.0,0.0,0.0,0.0,0.0,0.0,0.0,0.0,0.0,0.0,0.0,0.0,0.0,0.0,0.0,0.0,0.0,0.0,0.0,0.0,0.0,0.0,0.0,0.0,0.0,0.0,0.0,0.0
0.042,0.039,0.0375,0.0345,0.0335,0.0322,0.0306,0.0293,0.0284,0.0265,0.0249,0.0239,0.0221,0.0205,0.019,0.0166,0.0146,0.0122,0.0119,0.0094,0.0078,0.0064,0.0052,0.0042,0.003,0.0015,0.0008,0.0006,0.0004,0.0002,0.0001,0.0,0.0,0.0,0.0,0.0,0.0,0.0,0.0,0.0,0.0,0.0,0.0,0.0,0.0,0.0,0.0,0.0,0.0,0.0,0.0,0.0,0.0,0.0,0.0,0.0,0.0,0.0,0.0,0.0,0.0,0.0,0.0,0.0,0.0,0.0,0.0,0.0,0.0,0.0,0.0,0.0,0.0,0.0,0.0,0.0,0.0,0.0,0.0,0.0,0.0,0.0,0.0,0.0,0.0,0.0,0.0,0.0,0.0,0.0
0.0465,0.0421,0.0428,0.0368,0.0318,0.0265,0.0251,0.0235,0.0225,0.0227,0.0208,0.018,0.0171,0.0137,0.0155,0.0144,0.0116,0.0087,0.0088,0.0086,0.009,0.0085,0.0075,0.0078,0.007,0.0071,0.007,0.0068,0.0064,0.0055,0.0042,0.003,0.0024,0.0019,0.0018,0.0019,0.0018,0.0014,0.0009,0.0006,0.0005,0.0004,0.0003,0.0002,0.0001,0.0,0.0,0.0,0.0,0.0,0.0,0.0,0.0,0.0,0.0,0.0,0.0,0.0,0.0,0.0,0.0,0.0,0.0,0.0,0.0,0.0,0.0,0.0,0.0,0.0,0.0,0.0,0.0,0.0,0.0,0.0,0.0,0.0,0.0,0.0,0.0,0.0,0.0,0.0,0.0,0.0,0.0,0.0,0.0,0.0
0.1525,0.1468,0.1414,0.1391,0.1325,0.1267,0.1257,0.1239,0.1191,0.118,0.1183,0.1131,0.1071,0.1009,0.0984,0.0922,0.0853,0.0779,0.0727,0.0688,0.0666,0.0673,0.0627,0.059,0.0559,0.0531,0.0522,0.0495,0.049,0.0465,0.0416,0.035,0.0299,0.0252,0.0213,0.0197,0.0182,0.0153,0.0127,0.0101,0.0082,0.0068,0.0057,0.0048,0.0041,0.0032,0.0024,0.0015,0.0009,0.0005,0.0003,0.0001,0.0001,0.0,0.0,0.0,0.0,0.0,0.0,0.0,0.0,0.0,0.0,0.0,0.0,0.0,0.0,0.0,0.0,0.0,0.0,0.0,0.0,0.0,0.0,0.0,0.0,0.0,0.0,0.0,0.0,0.0,0.0,0.0,0.0,0.0,0.0,0.0,0.0,0.0
0.2608,0.2572,0.2472,0.2413,0.235,0.2287,0.2294,0.227,0.2207,0.2175,0.2186,0.2145,0.2082,0.2036,0.1935,0.1886,0.1771,0.1709,0.1638,0.1546,0.144,0.1412,0.1374,0.1298,0.1232,0.1176,0.1135,0.1079,0.103,0.0977,0.0927,0.0854,0.078,0.0693,0.059,0.0524,0.0491,0.043,0.0392,0.035,0.0293,0.0244,0.0226,0.0205,0.0173,0.015,0.0116,0.0099,0.0079,0.0076,0.0069,0.0057,0.0044,0.0035,0.0028,0.002,0.0016,0.0013,0.0009,0.0006,0.0003,0.0,0.0,0.0,0.0,0.0,0.0,0.0,0.0,0.0,0.0,0.0,0.0,0.0,0.0,0.0,0.0,0.0,0.0,0.0,0.0,0.0,0.0,0.0,0.0,0.0,0.0,0.0,0.0,0.0
0.3115,0.304,0.2961,0.2816,0.2746,0.2668,0.257,0.25,0.2436,0.2332,0.2282,0.2243,0.2188,0.2126,0.2059,0.1979,0.1921,0.1846,0.178,0.1731,0.167,0.1592,0.1536,0.1497,0.1431,0.1368,0.1303,0.1263,0.1188,0.1155,0.1093,0.1045,0.0976,0.0901,0.082,0.0749,0.0682,0.0596,0.0525,0.0481,0.0441,0.0405,0.0368,0.0347,0.0325,0.0291,0.0254,0.0237,0.02,0.0171,0.0139,0.011,0.0083,0.0054,0.0034,0.002,0.001,0.0004,0.0002,0.0,0.0,0.0,0.0,0.0,0.0,0.0,0.0,0.0,0.0,0.0,0.0,0.0,0.0,0.0,0.0,0.0,0.0,0.0,0.0,0.0,0.0,0.0,0.0,0.0,0.0,0.0,0.0,0.0,0.0,0.0
0.3352,0.3243,0.3159,0.3057,0.293,0.2798,0.2637,0.2525,0.2407,0.2244,0.2109,0.2038,0.199,0.1924,0.1821,0.1735,0.1617,0.1529,0.1428,0.1381,0.132,0.1245,0.117,0.1122,0.1091,0.1037,0.0985,0.0944,0.0893,0.084,0.0803,0.0771,0.0733,0.07,0.0673,0.0649,0.0631,0.0614,0.0591,0.0564,0.0524,0.0496,0.0462,0.0437,0.042,0.0396,0.0377,0.0358,0.0335,0.0317,0.0289,0.0266,0.025,0.0232,0.0215,0.0202,0.0183,0.0165,0.0144,0.0126,0.0097,0.0069,0.0053,0.0036,0.0025,0.0017,0.001,0.0004,0.0001,0.0001,0.0,0.0,0.0,0.0,0.0,0.0,0.0,0.0,0.0,0.0,0.0,0.0,0.0,0.0,0.0,0.0,0.0,0.0,0.0,0.0
0.4222,0.4202,0.4158,0.4102,0.3998,0.3946,0.3861,0.3754,0.3687,0.3577,0.3441,0.3314,0.3261,0.3216,0.3143,0.31,0.2985,0.2857,0.2774,0.2719,0.2608,0.252,0.2419,0.2306,0.2208,0.2105,0.1965,0.1859,0.1826,0.179,0.1746,0.168,0.1619,0.1554,0.1502,0.1444,0.1448,0.1494,0.1474,0.1468,0.1479,0.1476,0.1426,0.1373,0.132,0.1248,0.1177,0.1144,0.1152,0.1106,0.1053,0.1001,0.0944,0.0903,0.085,0.0821,0.0796,0.0734,0.0665,0.0627,0.056,0.0476,0.0394,0.0345,0.0303,0.0258,0.0223,0.019,0.0187,0.0174,0.0175,0.0171,0.0166,0.0159,0.0153,0.0143,0.0138,0.0137,0.0133,0.0126,0.0113,0.0102,0.009,0.0081,0.007,0.006,0.0052,0.0043,0.0037,0.0034
0.4204,0.4169,0.4117,0.4092,0.41,0.4131,0.41,0.4037,0.3949,0.3911,0.3817,0.369,0.3564,0.353,0.3486,0.3441,0.3403,0.3341,0.3286,0.3233,0.3191,0.3108,0.3011,0.2915,0.2856,0.2781,0.2705,0.2634,0.2601,0.2529,0.2468,0.2407,0.2351,0.2292,0.2241,0.2191,0.2117,0.2049,0.199,0.1934,0.1861,0.1815,0.1768,0.1709,0.1652,0.1638,0.1584,0.1537,0.1494,0.1422,0.1349,0.1264,0.1185,0.1105,0.1034,0.0955,0.0893,0.0831,0.0745,0.0645,0.0619,0.0576,0.0532,0.0484,0.0425,0.0377,0.0332,0.0295,0.0255,0.0224,0.0189,0.0154,0.0121,0.0091,0.0063,0.0048,0.0041,0.0028,0.0016,0.0011,0.0009,0.0006,0.0005,0.0005,0.0006,0.0006,0.0005,0.0005,0.0004,0.0002
0.3496,0.3443,0.3425,0.3439,0.3407,0.3361,0.3316,0.3275,0.317,0.311,0.3026,0.2958,0.2859,0.2798,0.272,0.2648,0.2621,0.2587,0.2513,0.244,0.2427,0.2392,0.2371,0.2339,0.2298,0.2276,0.2239,0.216,0.203,0.1914,0.1795,0.1705,0.1642,0.1578,0.1497,0.1433,0.1352,0.1262,0.1165,0.1082,0.098,0.0886,0.0821,0.077,0.0723,0.0701,0.068,0.0653,0.0592,0.0544,0.0505,0.0459,0.0416,0.038,0.0357,0.0323,0.029,0.0265,0.0243,0.0199,0.018,0.0155,0.0121,0.0096,0.0077,0.0062,0.0047,0.0034,0.0024,0.0016,0.0012,0.0008,0.0003,0.0001,0.0,0.0,0.0,0.0,0.0,0.0,0.0,0.0,0.0,0.0,0.0,0.0,0.0,0.0,0.0,0.0
0.1985,0.1912,0.1844,0.181,0.1742,0.1665,0.1605,0.1576,0.1509,0.1437,0.1387,0.1386,0.1349,0.1278,0.1257,0.1216,0.1189,0.1143,0.11,0.104,0.1008,0.0969,0.0959,0.0918,0.0887,0.0869,0.0838,0.0794,0.0731,0.0685,0.0629,0.0587,0.055,0.0512,0.0459,0.0408,0.037,0.0324,0.0278,0.0237,0.0198,0.0155,0.0125,0.0106,0.009,0.0079,0.0074,0.0066,0.0056,0.0045,0.0042,0.004,0.0033,0.0027,0.0024,0.002,0.0015,0.0007,0.0001,0.0,0.0,0.0,0.0,0.0,0.0,0.0,0.0,0.0,0.0,0.0,0.0,0.0,0.0,0.0,0.0,0.0,0.0,0.0,0.0,0.0,0.0,0.0,0.0,0.0,0.0,0.0,0.0,0.0,0.0,0.0
0.2186,0.2116,0.2064,0.1999,0.1958,0.189,0.1833,0.1822,0.1751,0.1653,0.1581,0.1523,0.1411,0.1347,0.1289,0.1214,0.1176,0.113,0.1068,0.1008,0.0976,0.094,0.0908,0.0864,0.0789,0.0749,0.0722,0.0676,0.0625,0.0576,0.0529,0.049,0.0453,0.0405,0.0357,0.0298,0.0256,0.0215,0.0179,0.0145,0.0117,0.0094,0.0076,0.0062,0.005,0.004,0.0031,0.0025,0.0021,0.0018,0.0012,0.0007,0.0005,0.0002,0.0002,0.0001,0.0001,0.0001,0.0,0.0,0.0,0.0,0.0,0.0,0.0,0.0,0.0,0.0,0.0,0.0,0.0,0.0,0.0,0.0,0.0,0.0,0.0,0.0,0.0,0.0,0.0,0.0,0.0,0.0,0.0,0.0,0.0,0.0,0.0,0.0
0.1488,0.1451,0.1429,0.1379,0.1342,0.131,0.1293,0.1272,0.1259,0.1225,0.1208,0.1192,0.1147,0.1098,0.1072,0.1034,0.0994,0.0949,0.0897,0.0848,0.0829,0.082,0.0803,0.0811,0.0806,0.0794,0.0773,0.0754,0.072,0.0684,0.0682,0.0703,0.0709,0.0701,0.0672,0.0624,0.0584,0.0557,0.0526,0.048,0.0443,0.0413,0.0388,0.0365,0.0335,0.0303,0.0273,0.024,0.0221,0.0198,0.0172,0.0145,0.0123,0.0096,0.0074,0.0055,0.0036,0.003,0.0017,0.0009,0.0006,0.0002,0.0001,0.0001,0.0002,0.0003,0.0005,0.0005,0.0005,0.0005,0.0005,0.0004,0.0003,0.0003,0.0003,0.0001,0.0,0.0,0.0,0.0,0.0,0.0,0.0,0.0,0.0,0.0,0.0,0.0,0.0,0.0
0.1675,0.1617,0.1608,0.1595,0.1554,0.1515,0.1468,0.1429,0.142,0.1391,0.1338,0.1303,0.1268,0.1219,0.1195,0.1132,0.1081,0.1069,0.105,0.1011,0.0992,0.0984,0.0963,0.0951,0.092,0.0893,0.0886,0.0879,0.0878,0.0853,0.0834,0.0816,0.0775,0.0731,0.0697,0.067,0.0634,0.0616,0.058,0.0559,0.0545,0.0534,0.0512,0.0499,0.048,0.0464,0.0443,0.042,0.0406,0.0385,0.0367,0.0347,0.0339,0.0331,0.0324,0.0311,0.0297,0.0279,0.0263,0.0249,0.0242,0.0229,0.0218,0.0208,0.0197,0.0189,0.0181,0.0169,0.0154,0.0146,0.0136,0.0129,0.0122,0.0117,0.011,0.0095,0.0063,0.0045,0.0038,0.0038,0.0036,0.0029,0.0022,0.0018,0.0013,0.001,0.0007,0.0007,0.001,0.001
0.1453,0.146,0.1455,0.1452,0.1441,0.1413,0.1392,0.1372,0.1381,0.1376,0.1348,0.1333,0.1309,0.1305,0.1293,0.1277,0.1247,0.1256,0.1235,0.1179,0.1167,0.1154,0.1161,0.1171,0.1157,0.113,0.1096,0.105,0.1006,0.0976,0.0941,0.0889,0.0813,0.073,0.0671,0.0591,0.0516,0.0442,0.0372,0.0328,0.0282,0.0238,0.0207,0.0172,0.0146,0.0125,0.0107,0.0096,0.0089,0.0091,0.009,0.0086,0.0072,0.0049,0.003,0.002,0.0015,0.001,0.0008,0.0007,0.0005,0.0004,0.0004,0.0004,0.0003,0.0003,0.0002,0.0001,0.0001,0.0001,0.0001,0.0,0.0,0.0,0.0,0.0,0.0,0.0,0.0,0.0,0.0,0.0,0.0,0.0,0.0,0.0,0.0,0.0,0.0,0.0
0.1042,0.1009,0.0988,0.0961,0.0958,0.0952,0.0932,0.0933,0.0913,0.0893,0.0884,0.0878,0.0885,0.0865,0.0823,0.0794,0.0776,0.0728,0.0701,0.0707,0.0655,0.0577,0.0481,0.0387,0.0322,0.0234,0.016,0.0131,0.0119,0.0119,0.0121,0.0103,0.009,0.0063,0.0035,0.0019,0.0009,0.0001,0.0,0.0,0.0,0.0,0.0,0.0,0.0,0.0,0.0,0.0,0.0,0.0,0.0,0.0,0.0,0.0,0.0,0.0,0.0,0.0,0.0,0.0,0.0,0.0,0.0,0.0,0.0,0.0,0.0,0.0,0.0,0.0,0.0,0.0,0.0,0.0,0.0,0.0,0.0,0.0,0.0,0.0,0.0,0.0,0.0,0.0,0.0,0.0,0.0,0.0,0.0,0.0
0.0326,0.0292,0.0273,0.0261,0.0254,0.0258,0.0239,0.0213,0.0186,0.0172,0.0171,0.0163,0.0138,0.0128,0.0115,0.0105,0.0098,0.0091,0.0078,0.0069,0.0063,0.0056,0.0051,0.0047,0.0045,0.0043,0.0041,0.0039,0.0036,0.0034,0.0032,0.0033,0.0032,0.0031,0.003,0.0028,0.0027,0.0024,0.0021,0.0018,0.0017,0.0017,0.0016,0.0014,0.0014,0.0012,0.0011,0.001,0.0008,0.0006,0.0004,0.0003,0.0003,0.0003,0.0003,0.0003,0.0003,0.0003,0.0002,0.0002,0.0002,0.0002,0.0002,0.0002,0.0002,0.0002,0.0002,0.0002,0.0002,0.0002,0.0002,0.0002,0.0002,0.0002,0.0002,0.0002,0.0001,0.0001,0.0001,0.0001,0.0001,0.0001,0.0001,0.0001,0.0001,0.0001,0.0001,0.0001,0.0001,0.0001
0.0398,0.0385,0.0369,0.0372,0.0364,0.0349,0.0335,0.0309,0.0299,0.033,0.0322,0.0301,0.0267,0.0238,0.0243,0.0254,0.0239,0.0223,0.0191,0.0176,0.0174,0.017,0.0175,0.0187,0.0182,0.0187,0.0208,0.0245,0.0253,0.0243,0.0233,0.0225,0.0229,0.0252,0.0267,0.0276,0.0292,0.0294,0.0298,0.0298,0.03,0.0299,0.0302,0.0303,0.0299,0.0305,0.0308,0.0309,0.0307,0.0305,0.0296,0.0288,0.0281,0.027,0.0265,0.0265,0.0272,0.0264,0.0266,0.0265,0.0278,0.0275,0.0276,0.0288,0.0291,0.0296,0.0297,0.0298,0.0307,0.0308,0.031,0.0318,0.0322,0.0321,0.032,0.0314,0.0289,0.0268,0.0264,0.025,0.0269,0.0285,0.029,0.0299,0.0303,0.0301,0.0318,0.032,0.0315,0.0329
0.4146,0.4045,0.396,0.3929,0.392,0.391,0.3851,0.3752,0.3694,0.3734,0.3714,0.3638,0.3519,0.3401,0.3311,0.3266,0.3189,0.3076,0.2925,0.2812,0.2776,0.2745,0.2729,0.2759,0.2755,0.2734,0.2815,0.2858,0.2898,0.2859,0.2793,0.2766,0.2749,0.2744,0.2756,0.2776,0.2809,0.2824,0.2817,0.2803,0.2786,0.2775,0.278,0.2738,0.2681,0.2666,0.2639,0.2596,0.2538,0.2487,0.2448,0.2422,0.2395,0.2343,0.2305,0.2271,0.2238,0.219,0.2158,0.2127,0.2123,0.2128,0.2122,0.2122,0.2148,0.2169,0.2188,0.221,0.2196,0.2188,0.2176,0.217,0.215,0.2131,0.2113,0.2094,0.2066,0.209,0.2098,0.2104,0.2139,0.2167,0.2198,0.2228,0.2248,0.2263,0.228,0.2309,0.2316,0.2288
0.4504,0.4475,0.4415,0.4345,0.4279,0.4198,0.4066,0.415,0.4152,0.411,0.409,0.403,0.4078,0.405,0.4019,0.3967,0.3946,0.3923,0.3887,0.3824,0.3761,0.3722,0.3682,0.3624,0.3597,0.3536,0.3452,0.3349,0.321,0.3015,0.2936,0.2824,0.2764,0.2681,0.2587,0.2546,0.2462,0.23,0.2202,0.2133,0.1977,0.1808,0.1681,0.1542,0.1442,0.1333,0.1207,0.1102,0.1025,0.0972,0.0954,0.0935,0.0901,0.0885,0.0867,0.0856,0.0853,0.0845,0.0836,0.0836,0.0827,0.0833,0.083,0.0826,0.0813,0.0768,0.0737,0.072,0.0723,0.0671,0.0634,0.064,0.0653,0.0657,0.0641,0.0627,0.0664,0.0664,0.0706,0.0725,0.0751,0.0758,0.0778,0.0788,0.0801,0.0826,0.0849,0.0862,0.092,0.0919
0.4483,0.4438,0.4337,0.4232,0.4124,0.4029,0.3943,0.3899,0.3841,0.3719,0.3651,0.3608,0.3578,0.3523,0.343,0.3363,0.3284,0.3231,0.3171,0.3096,0.3026,0.2958,0.2902,0.2825,0.2761,0.2686,0.2616,0.2518,0.236,0.2199,0.2107,0.1991,0.1897,0.1822,0.1763,0.1692,0.1564,0.141,0.1274,0.1253,0.1206,0.115,0.1095,0.1049,0.1018,0.0961,0.084,0.0718,0.0667,0.0647,0.0634,0.0617,0.0575,0.0557,0.0556,0.0559,0.054,0.0546,0.0543,0.0499,0.0521,0.0588,0.0613,0.0621,0.0605,0.0562,0.0581,0.0586,0.0553,0.0471,0.0476,0.0509,0.0483,0.0455,0.0431,0.042,0.0435,0.0443,0.0474,0.0496,0.0505,0.0512,0.0513,0.0495,0.0507,0.0533,0.0555,0.0576,0.0626,0.066
0.414,0.408,0.3934,0.3802,0.3666,0.3561,0.3486,0.341,0.3343,0.3246,0.3119,0.3096,0.3074,0.303,0.2937,0.2823,0.2711,0.262,0.2562,0.2499,0.2448,0.2386,0.2324,0.2244,0.2166,0.2095,0.2036,0.1958,0.184,0.1707,0.16,0.147,0.1343,0.1232,0.1137,0.1033,0.0935,0.086,0.0816,0.0783,0.0726,0.0676,0.0645,0.063,0.0636,0.0635,0.0628,0.063,0.0628,0.0631,0.0638,0.0612,0.0595,0.0584,0.0586,0.0567,0.0557,0.0552,0.0551,0.0554,0.0536,0.0483,0.0438,0.0395,0.0358,0.0332,0.0315,0.0301,0.0293,0.0283,0.0265,0.0249,0.024,0.0246,0.0246,0.0254,0.026,0.0259,0.025,0.0249,0.024,0.0215,0.0192,0.0196,0.0195,0.019,0.0195,0.0188,0.0184,0.0195
0.3963,0.3999,0.3914,0.382,0.3736,0.3625,0.3535,0.347,0.3399,0.3307,0.3189,0.3079,0.3016,0.2926,0.2815,0.2672,0.2503,0.2348,0.2236,0.2109,0.199,0.1916,0.1848,0.1746,0.1637,0.1505,0.1363,0.1277,0.1153,0.1033,0.0957,0.0869,0.079,0.071,0.0633,0.055,0.0496,0.0455,0.042,0.0394,0.0365,0.0331,0.0307,0.0292,0.0281,0.0272,0.0259,0.0244,0.0243,0.0227,0.0201,0.016,0.0141,0.0121,0.0107,0.0093,0.0079,0.0071,0.0059,0.0048,0.004,0.0019,0.001,0.0006,0.0005,0.0004,0.0002,0.0001,0.0,0.0,0.0,0.0,0.0,0.0,0.0,0.0,0.0,0.0,0.0,0.0,0.0,0.0,0.0,0.0,0.0,0.0,0.0,0.0,0.0,0.0
0.3723,0.372,0.3719,0.3659,0.3601,0.351,0.3417,0.3329,0.3245,0.3154,0.3084,0.298,0.2874,0.2776,0.2706,0.2611,0.2479,0.2359,0.2226,0.2131,0.203,0.1923,0.1826,0.1719,0.1633,0.1547,0.1439,0.1334,0.1222,0.1087,0.0952,0.0847,0.077,0.0717,0.0699,0.0685,0.0675,0.0651,0.0615,0.0574,0.0537,0.0497,0.0469,0.0445,0.0416,0.037,0.036,0.0329,0.0277,0.0211,0.0164,0.0135,0.0109,0.0081,0.0063,0.0057,0.0051,0.004,0.0029,0.0023,0.002,0.0016,0.0012,0.0009,0.0006,0.0004,0.0002,0.0001,0.0,0.0,0.0,0.0,0.0,0.0,0.0,0.0,0.0,0.0,0.0,0.0,0.0,0.0,0.0,0.0,0.0,0.0,0.0,0.0,0.0,0.0
