0.3228,0.3118,0.3106,0.3047,0.2981,0.2936,0.2872,0.2811,0.2748,0.2714,0.261,0.2578,0.2552,0.2479,0.2398,0.23,0.2233,0.2202,0.2123,0.2032,0.1935,0.1822,0.1688,0.1561,0.1436,0.1292,0.1074,0.0889,0.0784,0.0696,0.0634,0.057,0.0516,0.0454,0.0396,0.0327,0.0258,0.0205,0.0167,0.0133,0.0109,0.009,0.0074,0.0057,0.0037,0.0026,0.0016,0.0008,0.0003,0.0001,0.0,0.0,0.0,0.0,0.0,0.0,0.0,0.0,0.0,0.0,0.0,0.0,0.0,0.0,0.0,0.0,0.0,0.0,0.0,0.0,0.0,0.0,0.0,0.0,0.0,0.0,0.0,0.0,0.0,0.0,0.0,0.0,0.0,0.0,0.0,0.0,0.0,0.0,0.0,0.0
0.3898,0.3724,0.363,0.3504,0.3382,0.3223,0.3045,0.2911,0.2783,0.2709,0.2629,0.2567,0.2476,0.2327,0.223,0.2207,0.2146,0.2008,0.1873,0.1719,0.1605,0.1503,0.1345,0.1234,0.1097,0.0998,0.081,0.0667,0.0587,0.0507,0.0419,0.0334,0.026,0.0215,0.0184,0.0147,0.013,0.0125,0.0122,0.0113,0.0086,0.0071,0.0058,0.0049,0.0041,0.0031,0.0022,0.0019,0.0017,0.001,0.0005,0.0,0.0,0.0,0.0,0.0,0.0,0.0,0.0,0.0,0.0,0.0,0.0,0.0,0.0,0.0,0.0,0.0,0.0,0.0,0.0,0.0,0.0,0.0,0.0,0.0,0.0,0.0,0.0,0.0,0.0,0.0,0.0,0.0,0.0,0.0,0.0,0.0,0.0,0.0
0.5494,0.538,0.5261,0.5196,0.5096,0.5029,0.4916,0.4813,0.4711,0.456,0.4492,0.437,0.4281,0.414,0.3981,0.3771,0.3636,0.3506,0.3392,0.3239,0.3079,0.2935,0.2787,0.2662,0.2507,0.2356,0.2257,0.2071,0.1929,0.1813,0.168,0.1582,0.1474,0.1412,0.1363,0.1302,0.1206,0.1155,0.1078,0.0996,0.0894,0.077,0.0666,0.0557,0.046,0.0376,0.0289,0.0198,0.0147,0.0097,0.006,0.0033,0.0016,0.0003,0.0,0.0,0.0,0.0,0.0,0.0,0.0,0.0,0.0,0.0,0.0,0.0,0.0,0.0,0.0,0.0,0.0,0.0,0.0,0.0,0.0,0.0,0.0,0.0,0.0,0.0,0.0,0.0,0.0,0.0,0.0,0.0,0.0,0.0,0.0,0.0
0.4265,0.4219,0.4177,0.4178,0.4149,0.412,0.4101,0.4058,0.4024,0.3969,0.3913,0.386,0.3782,0.3735,0.3665,0.3566,0.3464,0.3378,0.3315,0.3259,0.3169,0.3117,0.3042,0.2961,0.2846,0.2717,0.2678,0.2558,0.24,0.2258,0.213,0.2001,0.1868,0.174,0.1614,0.145,0.1261,0.1072,0.0872,0.0704,0.0554,0.0444,0.0351,0.0277,0.0218,0.0179,0.0143,0.0111,0.0094,0.008,0.007,0.0063,0.0056,0.005,0.0043,0.0035,0.0029,0.0028,0.0026,0.0024,0.0023,0.0021,0.002,0.0018,0.0016,0.0012,0.0009,0.0006,0.0004,0.0002,0.0,0.0,0.0,0.0,0.0,0.0,0.0,0.0,0.0,0.0,0.0,0.0,0.0,0.0,0.0,0.0,0.0,0.0,0.0,0.0
0.2346,0.2312,0.2204,0.2074,0.199,0.1934,0.1904,0.1849,0.1803,0.1759,0.1642,0.1525,0.1448,0.1372,0.1318,0.1266,0.1204,0.1106,0.0998,0.0929,0.0894,0.082,0.075,0.0673,0.062,0.0562,0.0522,0.0482,0.0421,0.037,0.0328,0.0287,0.0248,0.021,0.0161,0.0105,0.0044,0.0012,0.0006,0.0005,0.0004,0.0001,0.0,0.0,0.0,0.0,0.0,0.0,0.0,0.0,0.0,0.0,0.0,0.0,0.0,0.0,0.0,0.0,0.0,0.0,0.0,0.0,0.0,0.0,0.0,0.0,0.0,0.0,0.0,0.0,0.0,0.0,0.0,0.0,0.0,0.0,0.0,0.0,0.0,0.0,0.0,0.0,0.0,0.0,0.0,0.0,0.0,0.0,0.0,0.0
0.0768,0.0767,0.0739,0.0732,0.0717,0.0684,0.0682,0.0656,0.0609,0.0589,0.0541,0.0534,0.0513,0.0491,0.0477,0.0435,0.0396,0.0388,0.0366,0.0351,0.0318,0.0275,0.0261,0.0234,0.021,0.019,0.0168,0.0154,0.0138,0.0124,0.0115,0.0101,0.0081,0.0067,0.0054,0.0044,0.003,0.0018,0.001,0.0005,0.0001,0.0,0.0,0.0,0.0,0.0,0.0,0.0,0.0,0.0,0.0,0.0,0.0,0.0,0.0,0.0,0.0,0.0,0.0,0.0,0.0,0.0,0.0,0.0,0.0,0.0,0.0,0.0,0.0,0.0,0.0,0.0,0.0,0.0,0.0,0.0,0.0,0.0,0.0,0.0,0.0,0.0,0.0,0.0,0.0,0.0,0.0,0.0,0.0,0.0
0.1231,0.1219,0.1195,0.1154,0.1127,0.1065,0.1043,0.1024,0.0952,0.0917,0.0854,0.0806,0.0789,0.0727,0.0695,0.065,0.0582,0.0554,0.0534,0.0535,0.0479,0.0416,0.0377,0.0332,0.0282,0.025,0.0198,0.0148,0.0108,0.0084,0.0095,0.0083,0.0069,0.0046,0.0035,0.0034,0.003,0.0022,0.0017,0.0013,0.0009,0.0008,0.0009,0.0008,0.0008,0.0005,0.0004,0.0003,0.0002,0.0002,0.0001,0.0003,0.0003,0.0002,0.0001,0.0002,0.0002,0.0,0.0,0.0,0.0,0.0,0.0,0.0,0.0,0.0,0.0,0.0,0.0,0.0,0.0,0.0,0.0,0.0,0.0,0.0,0.0,0.0,0.0,0.0,0.0,0.0,0.0,0.0,0.0,0.0,0.0,0.0,0.0,0.0
0.1908,0.1895,0.19,0.1826,0.1752,0.1686,0.1618,0.1619,0.1615,0.1581,0.1583,0.1544,0.1527,0.151,0.1494,0.1489,0.1478,0.1454,0.1419,0.1347,0.1292,0.1263,0.1221,0.1197,0.117,0.1126,0.1089,0.1047,0.1003,0.0956,0.0913,0.0887,0.0855,0.0832,0.0785,0.0739,0.07,0.0663,0.0642,0.0625,0.0596,0.0558,0.0547,0.0514,0.048,0.0454,0.0414,0.0373,0.0327,0.0289,0.0253,0.0238,0.0206,0.0182,0.015,0.0145,0.0118,0.0096,0.0078,0.0061,0.005,0.0043,0.0031,0.0019,0.0014,0.0009,0.0003,0.0,0.0,0.0,0.0,0.0,0.0,0.0,0.0,0.0,0.0,0.0,0.0,0.0,0.0,0.0,0.0,0.0,0.0,0.0,0.0,0.0,0.0,0.0
0.1421,0.141,0.1408,0.1409,0.1364,0.1327,0.1271,0.1243,0.1205,0.1148,0.1112,0.1043,0.1017,0.0974,0.0955,0.094,0.0921,0.0888,0.0852,0.0817,0.0808,0.0781,0.0741,0.0705,0.0699,0.0683,0.0648,0.0626,0.0613,0.0602,0.0585,0.0563,0.0554,0.0544,0.0527,0.0513,0.0497,0.0483,0.0465,0.0436,0.042,0.0401,0.0378,0.0355,0.0335,0.0335,0.0324,0.0304,0.0289,0.0277,0.0254,0.0231,0.0218,0.0203,0.0175,0.0167,0.0151,0.014,0.013,0.0118,0.0114,0.0108,0.01,0.0091,0.0081,0.0072,0.0064,0.0055,0.0047,0.0036,0.0027,0.0022,0.0016,0.0012,0.001,0.0006,0.0004,0.0002,0.0001,0.0,0.0,0.0,0.0,0.0,0.0,0.0,0.0,0.0,0.0,0.0
0.1115,0.1086,0.1029,0.0994,0.0971,0.0969,0.0936,0.0891,0.0877,0.0847,0.0826,0.0804,0.0776,0.0771,0.0751,0.0759,0.075,0.074,0.072,0.0704,0.0697,0.0685,0.0679,0.0668,0.0665,0.0658,0.0652,0.0643,0.0629,0.0621,0.0618,0.0602,0.0573,0.0557,0.0536,0.0508,0.0483,0.0458,0.0438,0.0426,0.041,0.0397,0.0376,0.0368,0.0354,0.0312,0.0279,0.0265,0.0248,0.0231,0.0223,0.0207,0.0197,0.0185,0.0165,0.0143,0.0135,0.0107,0.0093,0.0086,0.0074,0.0064,0.0056,0.0045,0.0037,0.003,0.0024,0.0017,0.001,0.001,0.001,0.0009,0.0008,0.0005,0.0003,0.0001,0.0,0.0,0.0,0.0,0.0,0.0,0.0,0.0,0.0,0.0,0.0,0.0,0.0,0.0
0.1109,0.1091,0.1026,0.0995,0.097,0.0956,0.0933,0.0887,0.0866,0.0836,0.0811,0.0789,0.0741,0.0722,0.0679,0.0662,0.0631,0.0596,0.0549,0.0507,0.0463,0.0428,0.0378,0.033,0.0305,0.027,0.0252,0.0236,0.0221,0.0198,0.0183,0.0168,0.0158,0.0147,0.0135,0.012,0.011,0.0102,0.0096,0.009,0.0082,0.0083,0.0075,0.0072,0.0064,0.0055,0.0044,0.003,0.002,0.0015,0.0011,0.0007,0.0004,0.0002,0.0001,0.0002,0.0,0.0,0.0,0.0,0.0,0.0,0.0,0.0,0.0,0.0,0.0,0.0,0.0,0.0,0.0,0.0,0.0,0.0,0.0,0.0,0.0,0.0,0.0,0.0,0.0,0.0,0.0,0.0,0.0,0.0,0.0,0.0,0.0,0.0
0.0861,0.0843,0.0809,0.0807,0.0776,0.0736,0.0737,0.0686,0.0661,0.065,0.0626,0.0617,0.0599,0.0571,0.055,0.0536,0.053,0.051,0.0494,0.0479,0.044,0.0438,0.0401,0.0374,0.0352,0.0331,0.0306,0.0281,0.026,0.0233,0.0209,0.0191,0.0171,0.0165,0.0168,0.0173,0.0167,0.0168,0.0169,0.017,0.0161,0.0141,0.013,0.0118,0.0105,0.0095,0.0086,0.0072,0.006,0.0048,0.0039,0.0032,0.0022,0.0013,0.0005,0.0003,0.0,0.0,0.0,0.0,0.0,0.0,0.0,0.0,0.0,0.0,0.0,0.0,0.0,0.0,0.0,0.0,0.0,0.0,0.0,0.0,0.0,0.0,0.0,0.0,0.0,0.0,0.0,0.0,0.0,0.0,0.0,0.0,0.0,0.0
0.0808,0.0792,0.0766,0.0723,0.0712,0.0692,0.0675,0.0658,0.0645,0.0632,0.062,0.0602,0.0582,0.0559,0.0544,0.0526,0.0502,0.0478,0.0456,0.0435,0.0407,0.0396,0.0394,0.0368,0.0344,0.0325,0.0302,0.0276,0.0253,0.0226,0.0207,0.0195,0.0176,0.0171,0.0166,0.0139,0.0113,0.0081,0.0056,0.0035,0.0018,0.0004,0.0001,0.0,0.0,0.0,0.0,0.0,0.0,0.0,0.0,0.0,0.0,0.0,0.0,0.0,0.0,0.0,0.0,0.0,0.0,0.0,0.0,0.0,0.0,0.0,0.0,0.0,0.0,0.0,0.0,0.0,0.0,0.0,0.0,0.0,0.0,0.0,0.0,0.0,0.0,0.0,0.0,0.0,0.0,0.0,0.0,0.0,0.0,0.0
0.0422,0.0393,0.038,0.0348,0.0334,0.032,0.0299,0.0288,0.0275,0.0257,0.0238,0.022,0.0212,0.0189,0.0177,0.0164,0.0141,0.0129,0.0112,0.01,0.0088,0.0073,0.0064,0.0046,0.0033,0.0023,0.0015,0.001,0.0005,0.0002,0.0001,0.0,0.0,0.0,0.0,0.0,0.0,0.0,0.0,0.0,0.0,0.0,0.0,0.0,0.0,0.0,0.0,0.0,0.0,0.0,0.0,0.0,0.0,0.0,0.0,0.0,0.0,0.0,0.0,0.0,0.0,0.0,0.0,0.0,0.0,0.0,0.0,0.0,0.0,0.0,0.0,0.0,0.0,0.0,0.0,0.0,0.0,0.0,0.0,0.0,0.0,0.0,0.0,0.0,0.0,0.0,0.0,0.0,0.0,0.0
0.0471,0.043,0.0442,0.0396,0.0373,0.0335,0.0289,0.0282,0.0287,0.0302,0.0305,0.0271,0.0269,0.0235,0.0214,0.0202,0.0213,0.0226,0.0231,0.0224,0.0208,0.0197,0.0189,0.0179,0.0161,0.0158,0.0155,0.015,0.0152,0.016,0.0155,0.0154,0.0151,0.0147,0.0157,0.0165,0.0165,0.0163,0.0158,0.0157,0.0155,0.0147,0.0133,0.0112,0.0102,0.0086,0.0079,0.0076,0.0078,0.0079,0.0063,0.0054,0.0045,0.0045,0.0047,0.0045,0.0039,0.0035,0.0022,0.0015,0.0014,0.0014,0.0015,0.0019,0.0021,0.0022,0.0025,0.0021,0.0018,0.0016,0.0014,0.001,0.0006,0.0002,0.0,0.0,0.0,0.0,0.0,0.0,0.0,0.0,0.0,0.0,0.0,0.0,0.0,0.0,0.0,0.0
0.1525,0.146,0.1421,0.1411,0.1351,0.1314,0.127,0.1225,0.1235,0.1248,0.1239,0.1232,0.1163,0.1098,0.1031,0.0976,0.0976,0.0962,0.0924,0.0864,0.0836,0.083,0.0846,0.0823,0.0783,0.0733,0.0684,0.0655,0.0651,0.0612,0.0585,0.0553,0.0521,0.0489,0.0464,0.0454,0.0442,0.0421,0.0389,0.0366,0.0352,0.0327,0.0307,0.0283,0.0267,0.0245,0.0226,0.02,0.0191,0.0174,0.0145,0.012,0.0102,0.0085,0.006,0.0044,0.003,0.0028,0.0023,0.0021,0.002,0.0018,0.0017,0.0016,0.0013,0.0009,0.0005,0.0003,0.0001,0.0,0.0,0.0,0.0,0.0,0.0,0.0,0.0,0.0,0.0,0.0,0.0,0.0,0.0,0.0,0.0,0.0,0.0,0.0,0.0,0.0
0.2606,0.2565,0.2468,0.2405,0.2369,0.2332,0.2307,0.2247,0.2244,0.2208,0.2159,0.2129,0.205,0.1956,0.1854,0.177,0.1668,0.1587,0.1537,0.1459,0.1396,0.1329,0.1322,0.1309,0.1254,0.1189,0.1134,0.1074,0.1011,0.0966,0.0912,0.0855,0.0812,0.0774,0.0731,0.0694,0.0653,0.0613,0.0582,0.0543,0.0516,0.0492,0.0457,0.0435,0.0412,0.0388,0.0356,0.0313,0.0282,0.0267,0.0229,0.018,0.016,0.0133,0.01,0.0067,0.0035,0.0019,0.001,0.0006,0.0003,0.0001,0.0,0.0,0.0,0.0,0.0,0.0,0.0,0.0,0.0,0.0,0.0,0.0,0.0,0.0,0.0,0.0,0.0,0.0,0.0,0.0,0.0,0.0,0.0,0.0,0.0,0.0,0.0,0.0
0.3132,0.3072,0.2989,0.2835,0.2737,0.261,0.2509,0.2447,0.2366,0.2288,0.2244,0.2209,0.2178,0.2091,0.2013,0.1951,0.1867,0.1749,0.1615,0.1551,0.147,0.1403,0.1335,0.1254,0.119,0.1112,0.1028,0.095,0.0889,0.0839,0.0791,0.0717,0.0656,0.0605,0.0563,0.0526,0.0486,0.0445,0.0396,0.0335,0.0294,0.0266,0.0235,0.0209,0.0183,0.0164,0.0142,0.0125,0.0106,0.0101,0.009,0.0075,0.0064,0.0049,0.0039,0.0027,0.0016,0.0009,0.0002,0.0,0.0,0.0,0.0,0.0,0.0,0.0,0.0,0.0,0.0,0.0,0.0,0.0,0.0,0.0,0.0,0.0,0.0,0.0,0.0,0.0,0.0,0.0,0.0,0.0,0.0,0.0,0.0,0.0,0.0,0.0
0.3355,0.3266,0.3165,0.3083,0.2936,0.2811,0.2668,0.2562,0.2418,0.2323,0.223,0.212,0.2033,0.1891,0.1749,0.1642,0.1548,0.1459,0.1384,0.1302,0.1254,0.1173,0.1099,0.1016,0.0962,0.0923,0.0886,0.0849,0.0811,0.0779,0.0747,0.0708,0.0658,0.0597,0.054,0.0495,0.0455,0.0406,0.036,0.0315,0.0277,0.0253,0.0228,0.0208,0.0192,0.0177,0.0156,0.0127,0.0101,0.0083,0.0057,0.0033,0.0025,0.0021,0.0015,0.0006,0.0001,0.0,0.0,0.0,0.0,0.0,0.0,0.0,0.0,0.0,0.0,0.0,0.0,0.0,0.0,0.0,0.0,0.0,0.0,0.0,0.0,0.0,0.0,0.0,0.0,0.0,0.0,0.0,0.0,0.0,0.0,0.0,0.0,0.0
0.4226,0.4205,0.4173,0.4126,0.4043,0.3985,0.3902,0.3852,0.3733,0.3596,0.3523,0.3402,0.3321,0.3255,0.3132,0.3029,0.294,0.2844,0.2745,0.2641,0.2564,0.2434,0.2333,0.2182,0.2018,0.1883,0.1769,0.1633,0.1497,0.1392,0.1289,0.1155,0.1025,0.0936,0.0856,0.0784,0.074,0.0684,0.065,0.0629,0.0599,0.055,0.0508,0.047,0.0435,0.0398,0.0362,0.0319,0.0287,0.0262,0.0244,0.0199,0.0173,0.0151,0.0125,0.0099,0.0076,0.0058,0.0042,0.0031,0.0023,0.0018,0.0014,0.0012,0.0008,0.0004,0.0002,0.0,0.0,0.0,0.0,0.0,0.0,0.0,0.0,0.0,0.0,0.0,0.0,0.0,0.0,0.0,0.0,0.0,0.0,0.0,0.0,0.0,0.0,0.0
0.4209,0.4167,0.4112,0.4081,0.4036,0.4015,0.3991,0.3949,0.3888,0.3773,0.366,0.3578,0.3512,0.3486,0.3454,0.3386,0.3346,0.3282,0.3202,0.3134,0.3066,0.3015,0.2953,0.2886,0.2804,0.2766,0.2759,0.2737,0.2712,0.27,0.2677,0.2635,0.2571,0.2519,0.2446,0.2373,0.2323,0.2285,0.2241,0.2224,0.2195,0.2144,0.2083,0.2028,0.1982,0.1949,0.1906,0.1844,0.1786,0.1763,0.1746,0.1718,0.1707,0.1712,0.1675,0.1597,0.1505,0.1431,0.1368,0.124,0.1138,0.1054,0.0978,0.0928,0.0908,0.0934,0.0914,0.0869,0.0778,0.0677,0.0595,0.0555,0.0547,0.0537,0.0522,0.0479,0.0438,0.0416,0.0379,0.0353,0.0326,0.0267,0.024,0.0253,0.0237,0.0219,0.0194,0.0188,0.0169,0.0164
0.3498,0.3441,0.3416,0.3399,0.3363,0.3328,0.3319,0.3259,0.3198,0.3129,0.3041,0.2977,0.2893,0.2837,0.2799,0.2733,0.2684,0.2647,0.2637,0.2625,0.2576,0.257,0.255,0.2523,0.2493,0.2422,0.2352,0.231,0.2278,0.2226,0.2181,0.2161,0.2132,0.2095,0.2036,0.1965,0.1896,0.1832,0.1744,0.1652,0.1564,0.1486,0.1412,0.1334,0.1266,0.1231,0.1207,0.1175,0.1138,0.1085,0.106,0.1025,0.095,0.0865,0.0803,0.0788,0.0783,0.077,0.0753,0.0771,0.0769,0.0777,0.0784,0.0768,0.074,0.0666,0.063,0.0638,0.0654,0.0667,0.0668,0.0644,0.0605,0.0547,0.0524,0.0523,0.0505,0.0482,0.0478,0.0469,0.047,0.0477,0.0456,0.0422,0.0411,0.0411,0.0399,0.0356,0.0341,0.033
0.1992,0.1921,0.1855,0.1816,0.1746,0.1677,0.1651,0.1601,0.1535,0.1532,0.152,0.1504,0.1499,0.1464,0.1452,0.1418,0.1374,0.1323,0.1293,0.1259,0.1212,0.1166,0.1122,0.1122,0.111,0.1058,0.1005,0.0964,0.0931,0.0861,0.0807,0.0787,0.0771,0.0738,0.0726,0.067,0.0612,0.0551,0.0498,0.0448,0.0376,0.0325,0.0287,0.0258,0.0236,0.0204,0.017,0.0155,0.0133,0.0101,0.0078,0.0063,0.004,0.0018,0.0006,0.0003,0.0002,0.0003,0.0003,0.0004,0.0004,0.0005,0.0005,0.0004,0.0003,0.0001,0.0001,0.0,0.0,0.0,0.0001,0.0001,0.0,0.0,0.0,0.0,0.0,0.0,0.0,0.0,0.0,0.0,0.0,0.0,0.0,0.0,0.0,0.0,0.0,0.0
0.218,0.2109,0.206,0.1999,0.1957,0.1886,0.1836,0.1769,0.1697,0.1642,0.1542,0.1424,0.1327,0.1263,0.1211,0.1132,0.1062,0.1018,0.0988,0.0938,0.0875,0.0832,0.0799,0.0779,0.0737,0.0678,0.062,0.0569,0.0505,0.0437,0.0375,0.033,0.028,0.0235,0.0215,0.0187,0.0153,0.0124,0.0102,0.0076,0.0055,0.0038,0.0028,0.002,0.0012,0.0009,0.0004,0.0001,0.0,0.0,0.0,0.0,0.0,0.0,0.0,0.0,0.0,0.0,0.0,0.0,0.0,0.0,0.0,0.0,0.0,0.0,0.0,0.0,0.0,0.0,0.0,0.0,0.0,0.0,0.0,0.0,0.0,0.0,0.0,0.0,0.0,0.0,0.0,0.0,0.0,0.0,0.0,0.0,0.0,0.0
0.1492,0.1463,0.1447,0.1417,0.139,0.1338,0.1302,0.1285,0.1253,0.1227,0.1203,0.1173,0.1141,0.1132,0.11,0.1051,0.1025,0.0985,0.0951,0.0924,0.0904,0.0877,0.0844,0.0816,0.0779,0.0742,0.0704,0.0658,0.0608,0.0557,0.0494,0.0439,0.0385,0.0333,0.0289,0.0262,0.0219,0.0179,0.0152,0.0118,0.0096,0.0073,0.0056,0.0047,0.0039,0.0031,0.0027,0.0021,0.0023,0.0027,0.0027,0.0024,0.0019,0.0017,0.0026,0.0039,0.0051,0.0055,0.0061,0.0061,0.0066,0.0076,0.0073,0.0069,0.0071,0.0075,0.0079,0.0083,0.009,0.0093,0.0095,0.0094,0.0098,0.0096,0.0084,0.0074,0.0068,0.0066,0.0064,0.0056,0.0048,0.0045,0.0047,0.0048,0.0045,0.004,0.0035,0.0028,0.0019,0.0015
0.1678,0.162,0.1606,0.1579,0.155,0.1515,0.1469,0.1426,0.1373,0.1373,0.1353,0.132,0.1269,0.1206,0.115,0.1111,0.1064,0.1018,0.0997,0.1,0.0966,0.0916,0.0879,0.084,0.0834,0.0798,0.0771,0.0736,0.0705,0.0671,0.0645,0.0615,0.0594,0.0576,0.055,0.0524,0.0508,0.0499,0.0493,0.05,0.0516,0.0524,0.0554,0.057,0.0572,0.0554,0.0545,0.0559,0.0568,0.0571,0.0564,0.0553,0.0536,0.0514,0.0512,0.0506,0.0482,0.0465,0.0441,0.0423,0.0402,0.038,0.0355,0.0331,0.0314,0.0297,0.028,0.0257,0.0232,0.0213,0.0191,0.0165,0.0135,0.0119,0.0102,0.0092,0.0076,0.0062,0.005,0.0045,0.0042,0.0036,0.0027,0.0017,0.001,0.0006,0.0003,0.0001,0.0,0.0
0.1458,0.1458,0.1454,0.1457,0.1454,0.144,0.1428,0.1449,0.1437,0.1435,0.1422,0.1404,0.1392,0.1402,0.1373,0.1348,0.133,0.1316,0.1311,0.1297,0.1289,0.1247,0.1238,0.1214,0.1223,0.1207,0.1176,0.1149,0.1136,0.111,0.1068,0.1027,0.0992,0.0946,0.0897,0.0843,0.0783,0.0724,0.0647,0.0568,0.0483,0.0433,0.0376,0.0332,0.0302,0.0292,0.0278,0.0248,0.0205,0.0169,0.0145,0.0131,0.0126,0.0124,0.0102,0.0072,0.0052,0.0043,0.0036,0.0032,0.0027,0.0018,0.0011,0.0007,0.0005,0.0004,0.0003,0.0003,0.0002,0.0002,0.0001,0.0,0.0,0.0,0.0,0.0,0.0,0.0,0.0,0.0,0.0,0.0,0.0,0.0,0.0,0.0,0.0,0.0,0.0,0.0
0.1046,0.1022,0.0992,0.0959,0.0936,0.0937,0.093,0.0913,0.0906,0.0899,0.089,0.0892,0.089,0.085,0.085,0.0869,0.0848,0.08,0.076,0.0758,0.0731,0.0689,0.0636,0.0584,0.0565,0.05,0.0414,0.0343,0.0275,0.0211,0.0158,0.0123,0.0098,0.007,0.005,0.0038,0.0024,0.0011,0.0002,0.0,0.0,0.0,0.0,0.0,0.0,0.0,0.0,0.0,0.0,0.0,0.0,0.0,0.0,0.0,0.0,0.0,0.0,0.0,0.0,0.0,0.0,0.0,0.0,0.0,0.0,0.0,0.0,0.0,0.0,0.0,0.0,0.0,0.0,0.0,0.0,0.0,0.0,0.0,0.0,0.0,0.0,0.0,0.0,0.0,0.0,0.0,0.0,0.0,0.0,0.0
0.0328,0.0292,0.0277,0.0263,0.0263,0.0261,0.026,0.0221,0.0212,0.019,0.0174,0.017,0.0157,0.0134,0.0115,0.011,0.0104,0.009,0.0079,0.007,0.0062,0.0058,0.0053,0.0047,0.0043,0.0044,0.0042,0.0041,0.004,0.0038,0.0036,0.0034,0.0032,0.003,0.0027,0.0024,0.0023,0.0021,0.0019,0.0017,0.0015,0.0013,0.0011,0.001,0.0008,0.0007,0.0006,0.0005,0.0004,0.0004,0.0004,0.0004,0.0003,0.0003,0.0003,0.0003,0.0003,0.0003,0.0002,0.0002,0.0002,0.0002,0.0002,0.0002,0.0002,0.0002,0.0002,0.0002,0.0002,0.0002,0.0001,0.0002,0.0002,0.0001,0.0001,0.0001,0.0001,0.0001,0.0001,0.0001,0.0001,0.0001,0.0001,0.0001,0.0001,0.0001,0.0001,0.0001,0.0001,0.0001
0.0398,0.0388,0.0375,0.0371,0.0367,0.0358,0.0349,0.0344,0.0319,0.0293,0.0283,0.028,0.0276,0.0271,0.0255,0.0237,0.0226,0.0214,0.0222,0.0219,0.0218,0.0218,0.023,0.0236,0.0249,0.0258,0.0262,0.0272,0.029,0.0295,0.0295,0.0294,0.0297,0.0302,0.0299,0.03,0.0303,0.0303,0.0303,0.0303,0.03,0.0298,0.0298,0.03,0.0302,0.0304,0.0305,0.0305,0.0305,0.0303,0.0301,0.0295,0.0288,0.0281,0.0279,0.0291,0.0301,0.0307,0.0313,0.0311,0.0305,0.0309,0.0303,0.028,0.0292,0.0285,0.0291,0.0291,0.0282,0.0275,0.0266,0.0257,0.0272,0.0275,0.0276,0.0275,0.0276,0.0277,0.0273,0.0268,0.0275,0.0269,0.0264,0.028,0.0287,0.0288,0.0284,0.0297,0.0309,0.0302
0.4145,0.4043,0.3961,0.3933,0.3926,0.3905,0.3846,0.3775,0.3688,0.3559,0.3421,0.3295,0.3217,0.3162,0.303,0.2923,0.2846,0.2756,0.2698,0.265,0.2601,0.2585,0.2556,0.2532,0.254,0.2555,0.2553,0.2588,0.2594,0.2576,0.256,0.2558,0.2565,0.2596,0.2593,0.2586,0.2588,0.2598,0.2578,0.2563,0.2533,0.2505,0.2524,0.2575,0.2572,0.2575,0.2552,0.253,0.2504,0.2465,0.2425,0.2379,0.2335,0.2299,0.2258,0.225,0.222,0.2192,0.216,0.2141,0.2141,0.2144,0.2112,0.2114,0.2157,0.2197,0.2217,0.2207,0.2185,0.2164,0.215,0.2156,0.2182,0.2189,0.2193,0.2185,0.2184,0.2173,0.2161,0.2146,0.2139,0.2127,0.214,0.2164,0.2184,0.2197,0.2194,0.2193,0.2174,0.2154
0.4497,0.4481,0.4422,0.4385,0.4319,0.4246,0.4134,0.4144,0.4185,0.4153,0.4093,0.4027,0.3939,0.3894,0.3907,0.3852,0.38,0.3769,0.3712,0.3701,0.3662,0.3616,0.3587,0.3502,0.3439,0.3376,0.3282,0.3217,0.3155,0.3071,0.296,0.2864,0.2802,0.2733,0.2686,0.2592,0.2499,0.2399,0.2251,0.2138,0.2052,0.203,0.1998,0.1929,0.1822,0.1703,0.1571,0.1454,0.1366,0.1291,0.1223,0.1164,0.1124,0.1087,0.1059,0.1017,0.0925,0.0799,0.0759,0.0747,0.0724,0.0725,0.0699,0.0665,0.0699,0.0727,0.0661,0.0656,0.0646,0.0624,0.0646,0.0734,0.0668,0.0671,0.0666,0.0661,0.0646,0.0655,0.0664,0.067,0.0673,0.0667,0.0648,0.0658,0.0669,0.0699,0.0735,0.0758,0.0773,0.079
0.4481,0.4443,0.4354,0.4273,0.4154,0.4037,0.3947,0.3985,0.3942,0.3874,0.3805,0.3664,0.3565,0.3487,0.3449,0.3405,0.334,0.3306,0.3238,0.3179,0.3126,0.3072,0.3032,0.2941,0.2859,0.2775,0.2698,0.259,0.2495,0.2403,0.2284,0.2163,0.2042,0.1927,0.1822,0.1752,0.1678,0.1601,0.1528,0.149,0.144,0.141,0.1386,0.1349,0.1284,0.1191,0.1123,0.1079,0.1049,0.1025,0.1014,0.0998,0.0987,0.098,0.0972,0.0966,0.097,0.0936,0.0929,0.0916,0.09,0.0886,0.0869,0.0887,0.0942,0.0952,0.0917,0.088,0.0847,0.0835,0.0835,0.0934,0.0894,0.0865,0.0846,0.0787,0.0766,0.0724,0.0728,0.0753,0.0761,0.0754,0.0748,0.0797,0.0825,0.0841,0.0862,0.0894,0.0909,0.0924
0.4142,0.4086,0.3958,0.3843,0.3726,0.3601,0.3539,0.3475,0.3425,0.3313,0.3222,0.3119,0.3022,0.2932,0.2871,0.2778,0.2741,0.2646,0.2593,0.2515,0.2467,0.2432,0.2384,0.2314,0.2244,0.2195,0.2139,0.2042,0.1959,0.182,0.1688,0.1544,0.147,0.1297,0.1144,0.1044,0.0968,0.0901,0.0871,0.0863,0.0865,0.085,0.0822,0.0776,0.0719,0.0688,0.0673,0.0657,0.0634,0.0621,0.0609,0.0596,0.059,0.0582,0.0591,0.06,0.0606,0.0596,0.0589,0.0578,0.057,0.0552,0.0546,0.0502,0.0441,0.04,0.0382,0.0374,0.0376,0.0389,0.0388,0.0353,0.0354,0.0352,0.0348,0.0344,0.0347,0.0363,0.0381,0.0373,0.0369,0.0378,0.0391,0.0351,0.0305,0.0288,0.0279,0.028,0.0279,0.0275
0.3967,0.4012,0.3932,0.3851,0.3764,0.3639,0.3569,0.3505,0.3461,0.3389,0.3307,0.3276,0.3179,0.3095,0.3017,0.2938,0.2833,0.2669,0.2554,0.2431,0.2289,0.2162,0.206,0.1972,0.1875,0.179,0.1685,0.154,0.143,0.1333,0.1232,0.1118,0.1032,0.0911,0.0792,0.07,0.064,0.0595,0.0557,0.052,0.0495,0.0464,0.0435,0.0379,0.0349,0.0326,0.0293,0.0277,0.026,0.0249,0.0226,0.0203,0.0181,0.0158,0.0142,0.0126,0.0106,0.0085,0.0066,0.0049,0.004,0.0034,0.003,0.0024,0.002,0.0017,0.0011,0.0005,0.0001,0.0,0.0,0.0,0.0,0.0,0.0,0.0,0.0,0.0,0.0,0.0,0.0,0.0,0.0,0.0,0.0,0.0,0.0,0.0,0.0,0.0
0.3727,0.374,0.3736,0.3668,0.3632,0.3535,0.3428,0.3358,0.3298,0.3232,0.3188,0.3147,0.3026,0.2941,0.2846,0.2757,0.2663,0.2578,0.2449,0.2348,0.2244,0.2141,0.2071,0.1977,0.1856,0.1819,0.1762,0.1676,0.1571,0.15,0.1427,0.1345,0.1279,0.12,0.1137,0.1075,0.1011,0.094,0.088,0.0802,0.0744,0.0688,0.0629,0.0584,0.0554,0.0505,0.0454,0.0388,0.0322,0.0273,0.0203,0.0159,0.012,0.0076,0.0048,0.0027,0.0015,0.0005,0.0002,0.0,0.0,0.0,0.0,0.0,0.0,0.0,0.0,0.0,0.0,0.0,0.0,0.0,0.0,0.0,0.0,0.0,0.0,0.0,0.0,0.0,0.0,0.0,0.0,0.0,0.0,0.0,0.0,0.0,0.0,0.0
