0.3225,0.3105,0.3105,0.3073,0.3035,0.301,0.2942,0.2886,0.2834,0.2812,0.2729,0.2629,0.2537,0.2426,0.2312,0.2162,0.2014,0.1931,0.1772,0.1667,0.1553,0.1435,0.1304,0.1166,0.1069,0.0966,0.0845,0.0755,0.0662,0.0551,0.0449,0.0375,0.0297,0.0234,0.0182,0.0145,0.0119,0.0093,0.0064,0.0043,0.0034,0.0026,0.0019,0.0012,0.0007,0.0002,0.0,0.0,0.0,0.0,0.0,0.0,0.0,0.0,0.0,0.0,0.0,0.0,0.0,0.0,0.0,0.0,0.0,0.0,0.0,0.0,0.0,0.0,0.0,0.0,0.0,0.0,0.0,0.0,0.0,0.0,0.0,0.0,0.0,0.0,0.0,0.0,0.0,0.0,0.0,0.0,0.0,0.0,0.0,0.0
0.3896,0.3727,0.3648,0.3526,0.3397,0.3232,0.3064,0.2883,0.2725,0.2579,0.2446,0.2366,0.2268,0.2173,0.2069,0.1987,0.1835,0.1723,0.1536,0.1351,0.1172,0.1015,0.0875,0.0818,0.0717,0.0607,0.0581,0.053,0.0429,0.0345,0.0261,0.0202,0.0148,0.0106,0.0078,0.006,0.0043,0.0035,0.0028,0.0022,0.0016,0.001,0.0006,0.0003,0.0003,0.0002,0.0002,0.0004,0.0004,0.0004,0.0005,0.0005,0.0003,0.0002,0.0002,0.0002,0.0002,0.0003,0.0008,0.0009,0.001,0.0011,0.0009,0.0004,0.0002,0.0,0.0,0.0,0.0,0.0,0.0,0.0,0.0,0.0,0.0,0.0,0.0,0.0,0.0,0.0,0.0,0.0,0.0,0.0,0.0,0.0,0.0,0.0,0.0,0.0
0.5494,0.5368,0.5253,0.5178,0.5083,0.4992,0.4873,0.4763,0.463,0.4489,0.4385,0.4343,0.4293,0.4199,0.408,0.3917,0.3764,0.3576,0.3444,0.3327,0.3173,0.3025,0.2867,0.2735,0.2601,0.2462,0.2367,0.2224,0.2045,0.1875,0.173,0.1621,0.1498,0.1343,0.1209,0.1108,0.0962,0.0887,0.0755,0.0616,0.0493,0.0423,0.0369,0.0332,0.0257,0.022,0.0194,0.0187,0.0171,0.0151,0.0134,0.0119,0.011,0.0099,0.0089,0.0078,0.0068,0.006,0.0052,0.0041,0.0034,0.0026,0.0016,0.0008,0.0002,0.0,0.0,0.0,0.0,0.0,0.0,0.0,0.0,0.0,0.0,0.0,0.0,0.0,0.0,0.0,0.0,0.0,0.0,0.0,0.0,0.0,0.0,0.0,0.0,0.0
0.4268,0.4232,0.4185,0.4181,0.4159,0.413,0.4123,0.4128,0.4101,0.406,0.3983,0.3835,0.3782,0.3764,0.3746,0.3717,0.3698,0.3641,0.3608,0.3531,0.3439,0.3364,0.3308,0.3184,0.3057,0.2953,0.2817,0.2778,0.2642,0.2517,0.2384,0.2223,0.2088,0.1957,0.1851,0.1769,0.1641,0.152,0.1475,0.1344,0.1167,0.0995,0.083,0.0703,0.0573,0.0466,0.0383,0.0312,0.025,0.0182,0.0134,0.01,0.008,0.0066,0.0058,0.005,0.0041,0.004,0.0035,0.0032,0.003,0.0029,0.0027,0.0026,0.0025,0.0023,0.0022,0.0021,0.0019,0.0019,0.0018,0.0016,0.0015,0.0016,0.0017,0.0018,0.0016,0.0014,0.0011,0.0009,0.0006,0.0004,0.0002,0.0001,0.0,0.0,0.0,0.0,0.0,0.0
0.2347,0.2311,0.2201,0.2063,0.1982,0.1946,0.1911,0.1872,0.1862,0.1858,0.1829,0.177,0.1639,0.1533,0.1407,0.1309,0.123,0.1175,0.1105,0.1035,0.0966,0.0883,0.0745,0.0621,0.055,0.0492,0.0447,0.042,0.0365,0.0318,0.0262,0.0205,0.0158,0.0115,0.0085,0.0061,0.0045,0.002,0.0019,0.0006,0.0002,0.0001,0.0001,0.0001,0.0001,0.0,0.0,0.0,0.0,0.0,0.0,0.0,0.0,0.0,0.0,0.0,0.0,0.0,0.0,0.0,0.0,0.0,0.0,0.0,0.0,0.0,0.0,0.0,0.0,0.0,0.0,0.0,0.0,0.0,0.0,0.0,0.0,0.0,0.0,0.0,0.0,0.0,0.0,0.0,0.0,0.0,0.0,0.0,0.0,0.0
0.0768,0.0765,0.0736,0.0728,0.0732,0.0711,0.0695,0.0648,0.061,0.0565,0.0508,0.0457,0.0425,0.0415,0.0395,0.0388,0.0362,0.0328,0.0309,0.0278,0.0258,0.0254,0.0232,0.0208,0.0178,0.0149,0.0121,0.0096,0.0074,0.0065,0.0048,0.003,0.0014,0.0008,0.0002,0.0,0.0,0.0,0.0,0.0,0.0,0.0,0.0,0.0,0.0,0.0,0.0,0.0,0.0,0.0,0.0,0.0,0.0,0.0,0.0,0.0,0.0,0.0,0.0,0.0,0.0,0.0,0.0,0.0,0.0,0.0,0.0,0.0,0.0,0.0,0.0,0.0,0.0,0.0,0.0,0.0,0.0,0.0,0.0,0.0,0.0,0.0,0.0,0.0,0.0,0.0,0.0,0.0,0.0,0.0
0.1229,0.1214,0.1186,0.1146,0.1107,0.105,0.1013,0.0964,0.0922,0.0882,0.0838,0.081,0.0754,0.0756,0.0743,0.0762,0.0764,0.0733,0.0733,0.0701,0.0637,0.0613,0.0615,0.0599,0.0617,0.0637,0.0641,0.0628,0.0602,0.0567,0.0543,0.0502,0.048,0.0433,0.0403,0.0362,0.0336,0.0319,0.032,0.0333,0.0309,0.0275,0.0242,0.0223,0.0207,0.0184,0.0186,0.0173,0.0163,0.0158,0.0147,0.0138,0.0124,0.0112,0.0107,0.0102,0.0095,0.0087,0.0077,0.0073,0.0066,0.0062,0.0052,0.004,0.0033,0.0023,0.0018,0.0021,0.0015,0.0007,0.0001,0.0,0.0,0.0,0.0,0.0,0.0,0.0,0.0,0.0,0.0,0.0,0.0,0.0,0.0,0.0,0.0,0.0,0.0,0.0
0.1911,0.19,0.1912,0.1849,0.1726,0.1655,0.1614,0.161,0.1591,0.1576,0.157,0.1539,0.1515,0.1463,0.1432,0.1351,0.1273,0.1231,0.1175,0.1152,0.1152,0.1118,0.1058,0.1003,0.0929,0.0868,0.0843,0.0837,0.0823,0.0801,0.0788,0.0766,0.0746,0.0723,0.0693,0.0653,0.0615,0.0578,0.0534,0.0526,0.0494,0.0446,0.0406,0.0372,0.0347,0.0325,0.0299,0.0263,0.0231,0.0215,0.0193,0.0173,0.0167,0.0155,0.0138,0.0125,0.0117,0.0115,0.0107,0.0105,0.0114,0.0119,0.0114,0.01,0.0087,0.0076,0.0073,0.0083,0.0083,0.0081,0.009,0.0085,0.0078,0.0081,0.0076,0.0074,0.0073,0.0071,0.0072,0.007,0.0068,0.0064,0.0064,0.0062,0.0061,0.0058,0.0058,0.006,0.0061,0.0062
0.1423,0.1411,0.1419,0.1421,0.1382,0.1351,0.1305,0.1272,0.122,0.1182,0.1147,0.1103,0.1058,0.1014,0.096,0.0911,0.0843,0.0817,0.0814,0.0819,0.0832,0.0823,0.0814,0.0805,0.0784,0.0761,0.0759,0.0741,0.0733,0.0733,0.0722,0.0723,0.0719,0.0718,0.0709,0.0696,0.0682,0.0671,0.0654,0.0643,0.0637,0.0631,0.0626,0.0609,0.0593,0.0583,0.0569,0.056,0.0544,0.0528,0.0508,0.049,0.0474,0.0459,0.0439,0.0424,0.0408,0.0392,0.0369,0.0359,0.0334,0.0293,0.0279,0.0257,0.0239,0.0226,0.0214,0.0201,0.0193,0.0181,0.0163,0.0154,0.0141,0.0141,0.013,0.0119,0.011,0.0107,0.0094,0.0084,0.0074,0.0065,0.0063,0.006,0.0056,0.0052,0.0051,0.005,0.0046,0.0043
0.1116,0.1086,0.1017,0.0983,0.0964,0.0965,0.0926,0.0916,0.0897,0.0883,0.0872,0.0855,0.0842,0.0819,0.0801,0.0785,0.0774,0.0763,0.0761,0.0753,0.0749,0.0739,0.0724,0.0716,0.0695,0.0658,0.0617,0.0568,0.0541,0.0522,0.0502,0.0493,0.0476,0.0458,0.044,0.0422,0.0402,0.0381,0.0361,0.0339,0.0329,0.0316,0.0309,0.0296,0.0288,0.0277,0.0256,0.0245,0.0231,0.0217,0.0205,0.0193,0.018,0.0171,0.0157,0.0142,0.0124,0.0115,0.0109,0.0104,0.0095,0.0086,0.008,0.0073,0.0065,0.0057,0.0051,0.0041,0.0035,0.003,0.0024,0.0026,0.0024,0.0024,0.0019,0.0014,0.0011,0.0009,0.0006,0.0004,0.0002,0.0001,0.0,0.0,0.0,0.0,0.0,0.0,0.0,0.0
0.111,0.1093,0.1019,0.0989,0.0967,0.0942,0.0921,0.0886,0.0853,0.082,0.0793,0.076,0.0718,0.068,0.0651,0.0631,0.0611,0.059,0.0571,0.0541,0.049,0.0433,0.0391,0.0347,0.0299,0.0275,0.023,0.0201,0.0179,0.0154,0.0122,0.0102,0.009,0.0081,0.0069,0.0062,0.0053,0.0045,0.0043,0.004,0.0041,0.0039,0.0038,0.0038,0.0038,0.0035,0.003,0.0023,0.0018,0.0015,0.001,0.0006,0.0002,0.0001,0.0,0.0,0.0,0.0,0.0,0.0,0.0,0.0,0.0,0.0,0.0,0.0,0.0,0.0,0.0,0.0,0.0,0.0,0.0,0.0,0.0,0.0,0.0,0.0,0.0,0.0,0.0,0.0,0.0,0.0,0.0,0.0,0.0,0.0,0.0,0.0
0.086,0.0841,0.0797,0.0762,0.0735,0.0709,0.0714,0.0668,0.0632,0.0594,0.056,0.0533,0.0489,0.0477,0.0445,0.043,0.0423,0.0421,0.0411,0.039,0.0361,0.0337,0.0329,0.0317,0.0301,0.0287,0.0285,0.0273,0.0266,0.0252,0.0231,0.0219,0.0203,0.0196,0.0183,0.0163,0.0151,0.0129,0.011,0.009,0.007,0.0053,0.0042,0.0034,0.0026,0.0018,0.0014,0.001,0.0006,0.0004,0.0002,0.0001,0.0,0.0,0.0,0.0,0.0,0.0,0.0,0.0,0.0,0.0,0.0,0.0,0.0,0.0,0.0,0.0,0.0,0.0,0.0,0.0,0.0,0.0,0.0,0.0,0.0,0.0,0.0,0.0,0.0,0.0,0.0,0.0,0.0,0.0,0.0,0.0,0.0,0.0
0.0809,0.0793,0.0773,0.0737,0.0722,0.0702,0.0694,0.0673,0.0656,0.0639,0.0626,0.0607,0.0579,0.0556,0.0527,0.048,0.0457,0.0439,0.0413,0.0375,0.0339,0.0306,0.0274,0.0244,0.0214,0.0186,0.0156,0.013,0.0116,0.0105,0.0101,0.009,0.0077,0.0066,0.0052,0.004,0.0029,0.0021,0.0015,0.0011,0.0006,0.0002,0.0001,0.0,0.0,0.0,0.0,0.0,0.0,0.0,0.0,0.0,0.0,0.0,0.0,0.0,0.0,0.0,0.0,0.0,0.0,0.0,0.0,0.0,0.0,0.0,0.0,0.0,0.0,0.0,0.0,0.0,0.0,0.0,0.0,0.0,0.0,0.0,0.0,0.0,0.0,0.0,0.0,0.0,0.0,0.0,0.0,0.0,0.0,0.0
0.0423,0.0393,0.0379,0.0359,0.0344,0.033,0.0311,0.0302,0.0291,0.0282,0.0271,0.026,0.0245,0.0218,0.0201,0.0179,0.0159,0.013,0.0104,0.0086,0.0075,0.0063,0.0053,0.0044,0.0037,0.0028,0.0022,0.0016,0.0011,0.0008,0.0004,0.0001,0.0,0.0,0.0,0.0,0.0,0.0,0.0,0.0,0.0,0.0,0.0,0.0,0.0,0.0,0.0,0.0,0.0,0.0,0.0,0.0,0.0,0.0,0.0,0.0,0.0,0.0,0.0,0.0,0.0,0.0,0.0,0.0,0.0,0.0,0.0,0.0,0.0,0.0,0.0,0.0,0.0,0.0,0.0,0.0,0.0,0.0,0.0,0.0,0.0,0.0,0.0,0.0,0.0,0.0,0.0,0.0,0.0,0.0
0.0469,0.0427,0.0455,0.0418,0.0374,0.0352,0.0326,0.0288,0.0261,0.0265,0.0261,0.025,0.0234,0.0215,0.0214,0.02,0.0187,0.0179,0.0166,0.0163,0.0156,0.0142,0.012,0.0127,0.0109,0.0093,0.0084,0.0074,0.0064,0.0059,0.0048,0.0032,0.0023,0.0012,0.0005,0.0004,0.0004,0.0006,0.0004,0.0004,0.0004,0.0004,0.0004,0.0007,0.001,0.0011,0.0014,0.0015,0.0018,0.002,0.0018,0.0016,0.0015,0.0013,0.0011,0.0008,0.0006,0.0004,0.0003,0.0001,0.0,0.0,0.0,0.0,0.0,0.0,0.0,0.0,0.0,0.0,0.0,0.0,0.0,0.0,0.0,0.0,0.0,0.0,0.0,0.0,0.0,0.0,0.0,0.0,0.0,0.0,0.0,0.0,0.0,0.0
0.1525,0.1478,0.1411,0.1378,0.136,0.1323,0.1302,0.127,0.1218,0.1227,0.1212,0.1189,0.1154,0.1133,0.1121,0.1117,0.1081,0.107,0.102,0.1002,0.0992,0.0971,0.0922,0.0903,0.0864,0.0813,0.0816,0.0808,0.0771,0.0725,0.07,0.0642,0.0611,0.0559,0.0506,0.0465,0.0429,0.0411,0.0369,0.0323,0.0277,0.0237,0.0206,0.0188,0.0164,0.0141,0.0122,0.011,0.0095,0.0078,0.0067,0.0058,0.0049,0.004,0.0031,0.0024,0.0016,0.001,0.0005,0.0,0.0,0.0,0.0,0.0,0.0,0.0,0.0,0.0,0.0,0.0,0.0,0.0,0.0,0.0,0.0,0.0,0.0,0.0,0.0,0.0,0.0,0.0,0.0,0.0,0.0,0.0,0.0,0.0,0.0,0.0
0.2617,0.2583,0.2465,0.2398,0.2364,0.2313,0.2282,0.224,0.2168,0.2081,0.2027,0.1954,0.1897,0.1851,0.1812,0.1772,0.1745,0.1713,0.1659,0.1584,0.1573,0.1527,0.1494,0.1453,0.14,0.1345,0.1296,0.1297,0.1257,0.12,0.1193,0.1136,0.1081,0.1025,0.0949,0.088,0.0806,0.0731,0.066,0.0594,0.0527,0.045,0.0372,0.0338,0.0313,0.0278,0.0243,0.021,0.0191,0.0177,0.016,0.014,0.0125,0.0109,0.0094,0.008,0.0064,0.0053,0.0045,0.0037,0.0026,0.002,0.0015,0.0012,0.0011,0.0008,0.0007,0.0007,0.0005,0.0003,0.0001,0.0,0.0,0.0,0.0,0.0,0.0,0.0,0.0,0.0,0.0,0.0,0.0,0.0,0.0,0.0,0.0,0.0,0.0,0.0
0.3134,0.3065,0.2993,0.2835,0.2735,0.2633,0.2538,0.2485,0.2402,0.2311,0.2247,0.2189,0.2117,0.2029,0.1951,0.1899,0.1868,0.1793,0.1761,0.17,0.1616,0.1587,0.1562,0.1485,0.1436,0.1374,0.1327,0.1226,0.1173,0.112,0.1048,0.1002,0.0936,0.0881,0.0823,0.0763,0.0704,0.0644,0.0599,0.0552,0.051,0.0472,0.0434,0.0385,0.0338,0.0297,0.0257,0.0212,0.0165,0.012,0.0086,0.006,0.0039,0.0024,0.0015,0.0014,0.0011,0.0009,0.0007,0.0005,0.0001,0.0,0.0,0.0,0.0,0.0,0.0,0.0,0.0,0.0,0.0,0.0,0.0,0.0,0.0,0.0,0.0,0.0,0.0,0.0,0.0,0.0,0.0,0.0,0.0,0.0,0.0,0.0,0.0,0.0
0.3355,0.3245,0.3178,0.3079,0.2964,0.287,0.2764,0.2636,0.254,0.2371,0.228,0.2187,0.209,0.1984,0.1892,0.1804,0.1758,0.1691,0.1643,0.1552,0.1478,0.1394,0.1321,0.1248,0.12,0.1152,0.1111,0.1022,0.0954,0.0899,0.0845,0.081,0.0757,0.0729,0.0687,0.0655,0.0628,0.0599,0.058,0.054,0.0487,0.044,0.0403,0.0369,0.0354,0.0332,0.0304,0.0273,0.0246,0.0229,0.0208,0.0179,0.0157,0.0139,0.0117,0.0094,0.0073,0.0056,0.0041,0.0029,0.0019,0.0013,0.0009,0.0007,0.0005,0.0003,0.0001,0.0,0.0,0.0,0.0,0.0,0.0,0.0,0.0,0.0,0.0,0.0,0.0,0.0,0.0,0.0,0.0,0.0,0.0,0.0,0.0,0.0,0.0,0.0
0.4223,0.4207,0.4177,0.4117,0.4024,0.3988,0.3916,0.382,0.3789,0.3698,0.3596,0.3503,0.3452,0.3349,0.3261,0.3194,0.3157,0.3135,0.3098,0.3052,0.2956,0.2905,0.2833,0.2808,0.2756,0.2706,0.2638,0.2579,0.2512,0.2465,0.2415,0.2394,0.2343,0.2311,0.2254,0.2155,0.207,0.1995,0.2017,0.1961,0.1845,0.1703,0.1564,0.1438,0.139,0.1369,0.134,0.1279,0.1198,0.1138,0.1119,0.1084,0.1033,0.1002,0.1009,0.0938,0.0859,0.0788,0.0695,0.0643,0.0623,0.0571,0.0528,0.0501,0.0463,0.0415,0.0385,0.0334,0.0291,0.0264,0.0208,0.017,0.0133,0.0109,0.008,0.0047,0.0027,0.0015,0.0012,0.0009,0.0004,0.0,0.0,0.0,0.0,0.0,0.0,0.0,0.0,0.0
0.4212,0.4178,0.4125,0.4103,0.4076,0.4065,0.403,0.3966,0.3918,0.3875,0.3797,0.3744,0.3711,0.3656,0.3615,0.3562,0.3463,0.3385,0.3313,0.3274,0.3202,0.3128,0.3059,0.3007,0.2975,0.2929,0.2871,0.2831,0.2768,0.2708,0.2671,0.2633,0.2612,0.255,0.2511,0.2459,0.2402,0.2361,0.2294,0.2252,0.2207,0.2169,0.2127,0.2085,0.1996,0.1907,0.1826,0.1775,0.1754,0.1697,0.1624,0.1575,0.1512,0.142,0.1338,0.1297,0.1247,0.1203,0.1174,0.1108,0.1069,0.1038,0.0966,0.0867,0.0784,0.0717,0.0651,0.0589,0.0502,0.0485,0.0441,0.0373,0.0314,0.0278,0.0243,0.0195,0.0137,0.0095,0.0077,0.0056,0.0037,0.0012,0.0002,0.0,0.0,0.0,0.0,0.0,0.0,0.0
0.3497,0.3446,0.3426,0.3416,0.3376,0.3344,0.3313,0.3263,0.3205,0.3172,0.3104,0.3035,0.2962,0.2933,0.2856,0.2797,0.2697,0.2542,0.2422,0.2349,0.2315,0.2243,0.2173,0.2083,0.2014,0.1942,0.1891,0.1862,0.1816,0.1751,0.1656,0.1519,0.1398,0.1288,0.1205,0.1133,0.1076,0.1015,0.0956,0.0897,0.083,0.0783,0.0751,0.0715,0.0659,0.0586,0.0526,0.0478,0.0436,0.042,0.0357,0.0286,0.0232,0.0196,0.0147,0.012,0.0105,0.0091,0.0082,0.0074,0.0061,0.005,0.0037,0.0021,0.0013,0.001,0.0008,0.0007,0.0006,0.0004,0.0003,0.0001,0.0,0.0,0.0,0.0,0.0,0.0,0.0,0.0,0.0,0.0,0.0,0.0,0.0,0.0,0.0,0.0,0.0,0.0
0.1987,0.1916,0.185,0.1811,0.1727,0.1658,0.1597,0.1543,0.1486,0.1451,0.1441,0.146,0.1414,0.1386,0.1316,0.1257,0.1234,0.123,0.1164,0.1101,0.1054,0.1006,0.0962,0.0916,0.083,0.0743,0.067,0.0623,0.0597,0.0553,0.0506,0.0451,0.0387,0.0348,0.0307,0.0271,0.0232,0.0198,0.0183,0.0155,0.0119,0.0094,0.0075,0.006,0.0052,0.0042,0.0034,0.0029,0.0024,0.0019,0.0015,0.0011,0.0006,0.0002,0.0001,0.0,0.0,0.0,0.0,0.0,0.0,0.0,0.0,0.0,0.0,0.0,0.0,0.0,0.0,0.0,0.0,0.0,0.0,0.0,0.0,0.0,0.0,0.0,0.0,0.0,0.0,0.0,0.0,0.0,0.0,0.0,0.0,0.0,0.0,0.0
0.2183,0.2116,0.2067,0.2016,0.196,0.1885,0.1837,0.1779,0.1695,0.1628,0.1565,0.1454,0.1346,0.1261,0.1197,0.1144,0.1083,0.1013,0.0962,0.0934,0.0902,0.0855,0.0787,0.0718,0.0659,0.0622,0.0576,0.0538,0.0505,0.0461,0.0417,0.035,0.0297,0.0259,0.0216,0.0174,0.0144,0.0121,0.0108,0.0099,0.0075,0.0049,0.003,0.0027,0.0027,0.0025,0.0031,0.0029,0.0025,0.0024,0.002,0.0013,0.0007,0.0005,0.0003,0.0001,0.0001,0.0,0.0,0.0,0.0,0.0,0.0,0.0,0.0,0.0,0.0,0.0,0.0,0.0,0.0,0.0,0.0,0.0,0.0,0.0,0.0,0.0,0.0,0.0,0.0,0.0,0.0,0.0,0.0,0.0,0.0,0.0,0.0,0.0
0.1497,0.1465,0.1451,0.1409,0.1382,0.1341,0.1313,0.129,0.1262,0.1245,0.123,0.1211,0.1192,0.1142,0.11,0.106,0.1039,0.1032,0.0957,0.0935,0.0888,0.0828,0.08,0.0808,0.079,0.0774,0.0749,0.0733,0.0707,0.0671,0.063,0.0596,0.0559,0.0542,0.0484,0.0444,0.0435,0.0406,0.0366,0.035,0.0303,0.0257,0.0221,0.0203,0.0162,0.0131,0.0103,0.0078,0.0058,0.0044,0.0035,0.0033,0.004,0.0044,0.0047,0.0054,0.0061,0.0065,0.0064,0.0063,0.0062,0.0063,0.0063,0.0061,0.006,0.0059,0.0058,0.0056,0.0054,0.0056,0.0052,0.0043,0.0039,0.0038,0.0028,0.0022,0.0016,0.001,0.0006,0.0004,0.0004,0.0004,0.0006,0.0007,0.001,0.0012,0.0012,0.0014,0.0018,0.0017
0.1684,0.1633,0.1622,0.1609,0.1583,0.1545,0.1501,0.1463,0.1433,0.1416,0.1405,0.1386,0.1347,0.1301,0.1259,0.1218,0.1205,0.1191,0.1182,0.1126,0.1097,0.1064,0.1036,0.1017,0.0982,0.0938,0.0887,0.085,0.0811,0.0761,0.0729,0.0712,0.0689,0.0667,0.0631,0.0605,0.0588,0.0573,0.0548,0.0543,0.0534,0.0502,0.0474,0.0473,0.0465,0.0457,0.0464,0.0466,0.0462,0.0455,0.0444,0.0433,0.0431,0.0418,0.0407,0.0399,0.0392,0.0387,0.0377,0.0369,0.036,0.0351,0.0343,0.0339,0.0336,0.0331,0.0327,0.0313,0.0303,0.0291,0.0277,0.027,0.0264,0.0253,0.024,0.0231,0.0227,0.0218,0.0206,0.0196,0.0191,0.0177,0.0158,0.0153,0.0151,0.0141,0.0124,0.0126,0.0124,0.0118
0.146,0.1471,0.1476,0.1475,0.1459,0.1451,0.1439,0.1436,0.1414,0.1413,0.1427,0.1398,0.14,0.1394,0.1372,0.1356,0.1334,0.1329,0.1308,0.126,0.119,0.1155,0.1131,0.1114,0.1105,0.1083,0.1055,0.1029,0.0996,0.0965,0.0955,0.0939,0.0916,0.0874,0.085,0.0809,0.0736,0.0702,0.0654,0.0618,0.0593,0.0573,0.0549,0.0513,0.0464,0.0427,0.0381,0.0341,0.0308,0.0287,0.0275,0.0262,0.0249,0.0242,0.0231,0.0216,0.0195,0.0177,0.0165,0.0157,0.0146,0.0135,0.0124,0.0113,0.0104,0.0094,0.0082,0.0073,0.0071,0.0061,0.0044,0.0035,0.003,0.0024,0.002,0.0016,0.0012,0.0009,0.0007,0.0005,0.0004,0.0003,0.0001,0.0,0.0,0.0,0.0,0.0,0.0,0.0
0.1043,0.1008,0.098,0.0945,0.0929,0.092,0.0921,0.092,0.0916,0.0867,0.0829,0.0829,0.0754,0.0736,0.0733,0.0723,0.067,0.0634,0.0654,0.066,0.0687,0.0698,0.0675,0.0585,0.0498,0.043,0.0394,0.0368,0.0359,0.0343,0.0314,0.0277,0.025,0.0248,0.0237,0.022,0.0186,0.0151,0.0128,0.0107,0.009,0.0082,0.007,0.0062,0.0052,0.0036,0.0014,0.0003,0.0,0.0,0.0,0.0,0.0,0.0,0.0,0.0,0.0,0.0,0.0,0.0,0.0,0.0,0.0,0.0,0.0,0.0,0.0,0.0,0.0,0.0,0.0,0.0,0.0,0.0,0.0,0.0,0.0,0.0,0.0,0.0,0.0,0.0,0.0,0.0,0.0,0.0,0.0,0.0,0.0,0.0
0.0329,0.0292,0.0273,0.0253,0.0252,0.0248,0.0225,0.0205,0.021,0.0184,0.0151,0.014,0.0126,0.0113,0.0108,0.0103,0.0095,0.0085,0.008,0.0078,0.0073,0.0062,0.0053,0.0049,0.0046,0.0045,0.0044,0.0043,0.004,0.0039,0.0038,0.0037,0.0037,0.0036,0.0038,0.0037,0.0037,0.0036,0.0035,0.0034,0.0033,0.0031,0.0029,0.0027,0.0027,0.0026,0.0025,0.0024,0.0023,0.0022,0.0019,0.0016,0.0014,0.0012,0.0011,0.001,0.0009,0.0008,0.0006,0.0005,0.0004,0.0004,0.0004,0.0003,0.0003,0.0003,0.0003,0.0003,0.0003,0.0003,0.0003,0.0003,0.0003,0.0003,0.0003,0.0003,0.0003,0.0002,0.0002,0.0002,0.0002,0.0002,0.0002,0.0002,0.0002,0.0002,0.0002,0.0002,0.0002,0.0002
0.04,0.039,0.0379,0.0375,0.0377,0.0367,0.0353,0.0343,0.0329,0.0315,0.0305,0.0299,0.0286,0.0285,0.0281,0.0283,0.0281,0.0269,0.0262,0.026,0.0243,0.0232,0.0232,0.0245,0.0246,0.0238,0.0232,0.0231,0.0228,0.0232,0.0237,0.0239,0.0241,0.0241,0.024,0.0247,0.0249,0.0247,0.0248,0.0247,0.0246,0.0254,0.0272,0.0281,0.028,0.0266,0.0257,0.0247,0.0234,0.0237,0.0246,0.0285,0.0294,0.0298,0.0301,0.0301,0.03,0.0296,0.0297,0.0299,0.0297,0.0302,0.0304,0.0303,0.0304,0.0302,0.0306,0.031,0.031,0.0306,0.0296,0.0285,0.0284,0.0292,0.0294,0.0298,0.0299,0.0305,0.0303,0.0302,0.0302,0.0299,0.0306,0.0308,0.0295,0.0281,0.03,0.0316,0.032,0.0322
0.4149,0.4055,0.3994,0.3966,0.3971,0.3925,0.3855,0.3787,0.3753,0.3705,0.3655,0.3564,0.3454,0.3379,0.3315,0.3248,0.3185,0.3111,0.3031,0.3015,0.296,0.2925,0.2896,0.2903,0.2886,0.2809,0.2733,0.2715,0.2659,0.2663,0.2687,0.2681,0.2698,0.2694,0.2658,0.2669,0.269,0.2651,0.2624,0.2596,0.2528,0.252,0.257,0.2628,0.2638,0.2619,0.2577,0.2522,0.2459,0.2394,0.2382,0.2377,0.2368,0.2373,0.2362,0.2345,0.2343,0.2343,0.2343,0.2337,0.2338,0.2323,0.2313,0.2308,0.2281,0.2252,0.2248,0.225,0.2229,0.2199,0.2183,0.2177,0.2203,0.2218,0.222,0.2221,0.2217,0.2218,0.2244,0.2267,0.227,0.2243,0.2254,0.23,0.2297,0.2306,0.2325,0.2323,0.2344,0.2376
0.45,0.4479,0.44,0.4358,0.4269,0.4197,0.4123,0.4144,0.4146,0.4142,0.4123,0.4124,0.4036,0.4051,0.4016,0.3994,0.3937,0.3888,0.3808,0.3737,0.371,0.3659,0.3698,0.3622,0.3565,0.3523,0.347,0.3425,0.3387,0.329,0.3191,0.3086,0.2962,0.2821,0.2758,0.2731,0.2658,0.2492,0.236,0.2263,0.2178,0.2094,0.199,0.1909,0.1769,0.167,0.1588,0.1517,0.1446,0.1405,0.1325,0.1246,0.1168,0.1096,0.1026,0.0983,0.0944,0.0898,0.0855,0.082,0.0775,0.0747,0.0716,0.0692,0.0707,0.0712,0.071,0.0713,0.073,0.0748,0.0745,0.0737,0.0702,0.0681,0.0689,0.0693,0.0694,0.07,0.0711,0.0711,0.0727,0.0744,0.0754,0.0789,0.0831,0.085,0.0845,0.0835,0.0834,0.0835
0.4478,0.4436,0.4338,0.4256,0.4121,0.4059,0.4007,0.3981,0.3878,0.3761,0.3675,0.3601,0.3481,0.3383,0.3297,0.3216,0.3117,0.3047,0.299,0.2894,0.2844,0.2752,0.2716,0.261,0.2513,0.2421,0.2367,0.2273,0.2202,0.2027,0.1806,0.1637,0.1511,0.1357,0.1322,0.131,0.1258,0.1127,0.1062,0.0976,0.0948,0.0896,0.0841,0.0803,0.077,0.0736,0.0704,0.0682,0.0664,0.064,0.0626,0.0612,0.0601,0.0591,0.0577,0.0575,0.0563,0.0547,0.0545,0.053,0.0507,0.0488,0.0475,0.0461,0.0453,0.0449,0.0439,0.0427,0.0424,0.0448,0.0443,0.0453,0.0432,0.0419,0.041,0.0414,0.0419,0.0405,0.0375,0.0345,0.0331,0.0343,0.0337,0.0322,0.0339,0.034,0.032,0.029,0.026,0.0231
0.414,0.4077,0.3949,0.3826,0.3673,0.3555,0.3512,0.3441,0.3306,0.3136,0.3048,0.2967,0.2889,0.279,0.2681,0.2592,0.2512,0.2458,0.2393,0.2299,0.2219,0.2178,0.2115,0.2019,0.1912,0.1845,0.1743,0.1625,0.1528,0.1364,0.1212,0.1114,0.1028,0.0947,0.087,0.0817,0.0813,0.0802,0.0764,0.0758,0.0746,0.0739,0.0705,0.0648,0.0627,0.0621,0.0618,0.0607,0.0595,0.0578,0.0561,0.0527,0.0486,0.0436,0.04,0.0372,0.0339,0.0303,0.0263,0.0232,0.0199,0.0177,0.0156,0.0139,0.0131,0.0127,0.011,0.0097,0.009,0.0087,0.0082,0.0081,0.0073,0.0068,0.0059,0.0053,0.0052,0.004,0.003,0.0023,0.0017,0.0017,0.0015,0.0009,0.0005,0.0003,0.0002,0.0,0.0,0.0
0.3969,0.4014,0.3917,0.384,0.3773,0.3628,0.3551,0.3474,0.3383,0.3268,0.3177,0.3106,0.3025,0.2949,0.288,0.2759,0.2657,0.2508,0.2421,0.2283,0.2129,0.2,0.1916,0.1793,0.1655,0.1555,0.1489,0.1386,0.1284,0.1176,0.1075,0.1009,0.0924,0.0845,0.0771,0.071,0.0702,0.0654,0.0608,0.056,0.0511,0.0459,0.0421,0.0368,0.0297,0.0243,0.0223,0.0211,0.02,0.0189,0.0181,0.0165,0.0146,0.0131,0.012,0.0092,0.0068,0.0047,0.0022,0.0011,0.0007,0.0004,0.0001,0.0,0.0,0.0,0.0,0.0,0.0,0.0,0.0,0.0,0.0,0.0,0.0,0.0,0.0,0.0,0.0,0.0,0.0,0.0,0.0,0.0,0.0,0.0,0.0,0.0,0.0,0.0
0.3736,0.3753,0.3756,0.3698,0.3651,0.3561,0.3461,0.3388,0.3292,0.3211,0.3091,0.2988,0.2948,0.2875,0.2816,0.2788,0.2735,0.2621,0.254,0.2445,0.2335,0.2174,0.2093,0.2029,0.1912,0.179,0.171,0.1611,0.1499,0.1379,0.1246,0.1127,0.1013,0.092,0.0828,0.0753,0.0673,0.0577,0.0489,0.0413,0.0323,0.0244,0.0178,0.0166,0.0119,0.0083,0.0061,0.0045,0.003,0.0018,0.0008,0.0004,0.0001,0.0,0.0,0.0,0.0,0.0,0.0,0.0,0.0,0.0,0.0,0.0,0.0,0.0,0.0,0.0,0.0,0.0,0.0,0.0,0.0,0.0,0.0,0.0,0.0,0.0,0.0,0.0,0.0,0.0,0.0,0.0,0.0,0.0,0.0,0.0,0.0,0.0
