0.2993,0.2827,0.2757,0.2648,0.2532,0.2408,0.2298,0.2208,0.2127,0.2016,0.1889,0.1773,0.1675,0.156,0.1488,0.1371,0.1255,0.1149,0.106,0.0962,0.0843,0.0746,0.0663,0.0561,0.0467,0.0416,0.0396,0.0354,0.032,0.0273,0.0239,0.0194,0.0162,0.0133,0.0113,0.0098,0.0085,0.0071,0.0059,0.0045,0.0033,0.0021,0.0012,0.0007,0.0004,0.0002,0.0,0.0,0.0,0.0,0.0,0.0,0.0,0.0,0.0,0.0,0.0,0.0,0.0,0.0,0.0,0.0,0.0,0.0,0.0,0.0,0.0,0.0,0.0,0.0,0.0,0.0,0.0,0.0,0.0,0.0,0.0,0.0,0.0,0.0,0.0,0.0,0.0,0.0,0.0,0.0,0.0,0.0,0.0,0.0
0.4335,0.4158,0.407,0.3942,0.3814,0.3683,0.3555,0.3479,0.3436,0.3353,0.3267,0.3147,0.3019,0.2951,0.2893,0.2765,0.2661,0.257,0.2464,0.2355,0.2198,0.2076,0.1918,0.1757,0.1598,0.1458,0.1324,0.1173,0.1064,0.099,0.0918,0.083,0.0722,0.0638,0.0538,0.0445,0.0357,0.0286,0.0221,0.0157,0.0103,0.0059,0.0032,0.0013,0.0006,0.0,0.0,0.0,0.0,0.0,0.0,0.0,0.0,0.0,0.0,0.0,0.0,0.0,0.0,0.0,0.0,0.0,0.0,0.0,0.0,0.0,0.0,0.0,0.0,0.0,0.0,0.0,0.0,0.0,0.0,0.0,0.0,0.0,0.0,0.0,0.0,0.0,0.0,0.0,0.0,0.0,0.0,0.0,0.0,0.0
0.5358,0.5215,0.5062,0.4966,0.4864,0.4747,0.4626,0.4509,0.4427,0.4341,0.4246,0.4166,0.4055,0.3919,0.3776,0.3713,0.3613,0.3494,0.3316,0.3187,0.3045,0.2877,0.2706,0.2504,0.2254,0.2061,0.1929,0.1731,0.151,0.1318,0.1115,0.0926,0.0783,0.0709,0.0637,0.0569,0.051,0.0462,0.0424,0.0369,0.032,0.0274,0.0239,0.0204,0.0187,0.0183,0.0169,0.0147,0.0136,0.012,0.0098,0.0082,0.0066,0.0052,0.004,0.0029,0.0021,0.0012,0.0004,0.0001,0.0,0.0,0.0,0.0,0.0,0.0,0.0,0.0,0.0,0.0,0.0,0.0,0.0,0.0,0.0,0.0,0.0,0.0,0.0,0.0,0.0,0.0,0.0,0.0,0.0,0.0,0.0,0.0,0.0,0.0
0.3935,0.3811,0.3675,0.3608,0.3537,0.3472,0.3402,0.3286,0.3167,0.3041,0.2937,0.2835,0.2732,0.257,0.2423,0.2339,0.2244,0.2117,0.197,0.1856,0.1772,0.1665,0.156,0.144,0.1279,0.1161,0.1046,0.0915,0.078,0.0675,0.059,0.0542,0.0516,0.0474,0.0409,0.0355,0.031,0.0266,0.0224,0.019,0.0157,0.0139,0.0132,0.0126,0.0111,0.0093,0.0074,0.0067,0.005,0.0042,0.0036,0.0028,0.0022,0.0018,0.0012,0.0006,0.0003,0.0001,0.0,0.0,0.0,0.0,0.0,0.0,0.0,0.0,0.0,0.0,0.0,0.0,0.0,0.0,0.0,0.0,0.0,0.0,0.0,0.0,0.0,0.0,0.0,0.0,0.0,0.0,0.0,0.0,0.0,0.0,0.0,0.0
0.2207,0.2124,0.1964,0.1787,0.167,0.1567,0.1476,0.1372,0.123,0.108,0.0955,0.0857,0.0749,0.0641,0.0559,0.049,0.0436,0.0388,0.0347,0.0315,0.0287,0.0275,0.027,0.0273,0.0255,0.0236,0.0207,0.0188,0.0198,0.0194,0.0187,0.0181,0.0169,0.0155,0.0157,0.0154,0.0142,0.0132,0.0127,0.0117,0.0109,0.01,0.0091,0.0085,0.0077,0.0068,0.0058,0.005,0.0042,0.0037,0.003,0.0024,0.0021,0.0017,0.0012,0.0008,0.0005,0.0005,0.0006,0.0012,0.0018,0.0015,0.0014,0.001,0.0006,0.0003,0.0001,0.0,0.0,0.0,0.0,0.0,0.0,0.0,0.0,0.0,0.0,0.0,0.0,0.0,0.0,0.0,0.0,0.0,0.0,0.0,0.0,0.0,0.0,0.0
0.078,0.0767,0.073,0.072,0.0743,0.0725,0.0714,0.0698,0.0671,0.0649,0.0627,0.0602,0.0568,0.0538,0.0515,0.0499,0.0482,0.0465,0.0447,0.0434,0.0411,0.0394,0.0389,0.035,0.0337,0.0327,0.0313,0.0287,0.0254,0.0251,0.0235,0.0227,0.0218,0.0208,0.0171,0.015,0.0151,0.0142,0.0135,0.014,0.0151,0.0158,0.0157,0.0156,0.0157,0.015,0.0151,0.0158,0.0159,0.0157,0.0156,0.0154,0.0151,0.0154,0.015,0.015,0.0154,0.0154,0.0145,0.0132,0.0112,0.0085,0.0075,0.0067,0.0057,0.0052,0.0046,0.004,0.0037,0.0036,0.0033,0.0031,0.0029,0.0028,0.0025,0.0022,0.0018,0.0012,0.0009,0.0007,0.0005,0.0003,0.0002,0.0001,0.0001,0.0001,0.0,0.0,0.0,0.0
0.1308,0.1283,0.125,0.1195,0.114,0.1054,0.1007,0.0944,0.0908,0.0875,0.0842,0.0828,0.077,0.0723,0.0698,0.0683,0.0673,0.0662,0.0648,0.0621,0.0585,0.0555,0.0551,0.0517,0.0494,0.0474,0.0455,0.0435,0.0418,0.0412,0.0393,0.0369,0.0355,0.0349,0.034,0.0323,0.0311,0.0302,0.0275,0.0251,0.0224,0.0209,0.02,0.0192,0.0186,0.0178,0.0161,0.016,0.0152,0.0143,0.0137,0.0129,0.0118,0.0112,0.0103,0.0093,0.0074,0.0056,0.005,0.0043,0.0036,0.0037,0.0033,0.003,0.0027,0.0022,0.0016,0.0012,0.0012,0.0009,0.0008,0.0005,0.0003,0.0002,0.0001,0.0002,0.0001,0.0001,0.0001,0.0004,0.0002,0.0002,0.0003,0.0008,0.0007,0.0005,0.0002,0.0001,0.0004,0.0001
0.1794,0.1754,0.1735,0.1654,0.1499,0.1384,0.1288,0.1208,0.1162,0.1123,0.1073,0.1001,0.0915,0.0858,0.0843,0.0834,0.0816,0.0801,0.0778,0.076,0.0751,0.0735,0.0705,0.069,0.0658,0.0641,0.0641,0.0628,0.0605,0.059,0.056,0.0535,0.0519,0.0522,0.0522,0.051,0.0509,0.0511,0.0496,0.0485,0.0481,0.047,0.0466,0.0451,0.0459,0.0477,0.0477,0.0465,0.0459,0.0442,0.0434,0.0437,0.0429,0.0418,0.041,0.0404,0.0399,0.0404,0.0402,0.0388,0.0372,0.0348,0.0348,0.0338,0.0327,0.0336,0.0337,0.0336,0.0338,0.0337,0.0327,0.0319,0.0307,0.0298,0.0294,0.0288,0.0293,0.0296,0.031,0.0302,0.0292,0.0285,0.0285,0.0288,0.0288,0.026,0.0246,0.0227,0.0213,0.02
0.141,0.1373,0.1356,0.1349,0.1297,0.1252,0.1201,0.1167,0.1163,0.1149,0.1132,0.1094,0.1043,0.1013,0.0993,0.0967,0.0944,0.092,0.0897,0.0881,0.0869,0.084,0.0815,0.0773,0.0726,0.0701,0.0693,0.0697,0.0706,0.0677,0.0679,0.0672,0.0651,0.0628,0.0614,0.0604,0.059,0.0578,0.0565,0.0568,0.056,0.0548,0.0535,0.0528,0.0511,0.0482,0.0464,0.0448,0.0432,0.0418,0.0404,0.039,0.0376,0.0364,0.0356,0.0345,0.0317,0.0278,0.0261,0.0245,0.0236,0.0223,0.0217,0.0205,0.019,0.0162,0.0134,0.0123,0.0111,0.0098,0.0087,0.008,0.0075,0.0069,0.0063,0.0057,0.0054,0.005,0.0049,0.0044,0.0036,0.0034,0.0031,0.0026,0.0015,0.001,0.001,0.0007,0.0005,0.0002
0.108,0.1033,0.0974,0.0935,0.0911,0.0902,0.0879,0.0858,0.0837,0.0835,0.0833,0.0799,0.079,0.0764,0.0732,0.0702,0.0672,0.0654,0.0641,0.0629,0.0619,0.059,0.0574,0.0555,0.0535,0.0534,0.053,0.0521,0.0507,0.0495,0.0489,0.0477,0.0468,0.046,0.0443,0.0427,0.0412,0.0401,0.0387,0.0376,0.0363,0.0341,0.0318,0.0293,0.0267,0.0266,0.0255,0.0225,0.0204,0.0192,0.0175,0.0162,0.0149,0.0138,0.0127,0.0114,0.0105,0.0096,0.0074,0.0055,0.0046,0.004,0.0032,0.0026,0.0026,0.0028,0.0025,0.0016,0.0011,0.0011,0.0008,0.0006,0.0004,0.0002,0.0001,0.0,0.0,0.0,0.0,0.0,0.0,0.0,0.0,0.0,0.0,0.0,0.0,0.0,0.0,0.0
0.1039,0.1004,0.0936,0.09,0.0863,0.0824,0.08,0.0738,0.0669,0.0649,0.0606,0.0557,0.0509,0.0475,0.0435,0.0406,0.0375,0.0341,0.0301,0.0264,0.0223,0.0199,0.0175,0.0166,0.0163,0.015,0.0136,0.0121,0.0111,0.01,0.0093,0.0088,0.0083,0.0078,0.0078,0.0079,0.0072,0.0067,0.007,0.0067,0.0063,0.0059,0.0051,0.0046,0.0037,0.0025,0.002,0.0017,0.0012,0.0008,0.0005,0.0004,0.0004,0.0004,0.0004,0.0004,0.0003,0.0003,0.0002,0.0002,0.0001,0.0001,0.0001,0.0001,0.0,0.0,0.0,0.0,0.0,0.0,0.0,0.0,0.0,0.0,0.0,0.0,0.0,0.0,0.0,0.0,0.0,0.0,0.0,0.0,0.0,0.0,0.0,0.0,0.0,0.0
0.092,0.0893,0.0852,0.0839,0.0809,0.077,0.0749,0.0678,0.0605,0.0591,0.0593,0.0572,0.0538,0.0523,0.0505,0.0485,0.0487,0.0485,0.0464,0.0438,0.0416,0.0395,0.0376,0.0354,0.0332,0.0308,0.0292,0.0276,0.0256,0.0233,0.021,0.0204,0.0184,0.0164,0.0136,0.0111,0.0097,0.008,0.0065,0.0054,0.0044,0.0035,0.0025,0.0021,0.0017,0.0009,0.0005,0.0003,0.0002,0.0,0.0,0.0,0.0,0.0,0.0,0.0,0.0,0.0,0.0,0.0,0.0,0.0,0.0,0.0,0.0,0.0,0.0,0.0,0.0,0.0,0.0,0.0,0.0,0.0,0.0,0.0,0.0,0.0,0.0,0.0,0.0,0.0,0.0,0.0,0.0,0.0,0.0,0.0,0.0,0.0
0.0822,0.0795,0.0762,0.0722,0.0699,0.0674,0.065,0.0626,0.0588,0.0554,0.053,0.05,0.0473,0.0448,0.0423,0.0396,0.0365,0.0333,0.0297,0.0269,0.0244,0.022,0.0197,0.0178,0.0161,0.0144,0.0121,0.0102,0.009,0.0081,0.0071,0.0051,0.0032,0.0022,0.0014,0.0008,0.0006,0.0006,0.0004,0.0003,0.0002,0.0002,0.0001,0.0001,0.0001,0.0,0.0,0.0,0.0,0.0,0.0,0.0,0.0,0.0,0.0,0.0,0.0,0.0,0.0,0.0,0.0,0.0,0.0,0.0,0.0,0.0,0.0,0.0,0.0,0.0,0.0,0.0,0.0,0.0,0.0,0.0,0.0,0.0,0.0,0.0,0.0,0.0,0.0,0.0,0.0,0.0,0.0,0.0,0.0,0.0
0.0456,0.0419,0.0398,0.0364,0.0336,0.0325,0.0307,0.03,0.0286,0.0259,0.0229,0.0204,0.0187,0.0164,0.0143,0.0125,0.0106,0.0077,0.0046,0.0026,0.0015,0.0009,0.0006,0.0004,0.0003,0.0003,0.0002,0.0001,0.0001,0.0001,0.0001,0.0001,0.0,0.0,0.0,0.0,0.0,0.0,0.0,0.0,0.0,0.0,0.0,0.0,0.0,0.0,0.0,0.0,0.0,0.0,0.0,0.0,0.0,0.0,0.0,0.0,0.0,0.0,0.0,0.0,0.0,0.0,0.0,0.0,0.0,0.0,0.0,0.0,0.0,0.0,0.0,0.0,0.0,0.0,0.0,0.0,0.0,0.0,0.0,0.0,0.0,0.0,0.0,0.0,0.0,0.0,0.0,0.0,0.0,0.0
0.0358,0.0302,0.0302,0.0254,0.0226,0.021,0.0203,0.0196,0.0199,0.0196,0.0197,0.0206,0.0227,0.0218,0.0202,0.0207,0.0202,0.0197,0.0211,0.0253,0.0296,0.0324,0.031,0.0307,0.0292,0.0279,0.0271,0.0266,0.0273,0.0265,0.0246,0.0241,0.026,0.0295,0.0317,0.0318,0.0317,0.0309,0.0284,0.0254,0.0257,0.0276,0.0284,0.0275,0.027,0.0232,0.0227,0.0246,0.027,0.0248,0.0222,0.0207,0.019,0.0183,0.0173,0.0151,0.0132,0.0121,0.0123,0.0115,0.0108,0.01,0.0088,0.0076,0.0075,0.0084,0.0074,0.0059,0.0059,0.0052,0.0046,0.0041,0.0045,0.0044,0.0043,0.0044,0.0042,0.0036,0.0033,0.004,0.0042,0.0043,0.005,0.0046,0.004,0.0036,0.0037,0.003,0.0028,0.0024
0.1626,0.1557,0.1511,0.1477,0.1428,0.1408,0.1404,0.1363,0.1369,0.1401,0.1376,0.1352,0.1376,0.1397,0.1362,0.1362,0.1378,0.1394,0.1384,0.1399,0.1378,0.137,0.1326,0.1297,0.1308,0.1292,0.1286,0.1291,0.1269,0.1244,0.1233,0.1214,0.1181,0.1151,0.1151,0.1136,0.112,0.1101,0.108,0.1052,0.1005,0.0956,0.0911,0.0878,0.0846,0.08,0.0754,0.0745,0.0735,0.0693,0.0645,0.0618,0.0604,0.0586,0.0573,0.0562,0.0551,0.0538,0.0521,0.0507,0.0483,0.0464,0.0446,0.0436,0.0413,0.0406,0.0391,0.037,0.0348,0.0332,0.0313,0.0292,0.0273,0.0252,0.0229,0.0209,0.0197,0.018,0.0164,0.0145,0.0123,0.0108,0.0069,0.0051,0.0037,0.0029,0.0022,0.0016,0.0017,0.0013
0.2759,0.2695,0.2599,0.2559,0.2486,0.2452,0.2422,0.2418,0.2353,0.2318,0.2308,0.2257,0.2162,0.2131,0.2103,0.2037,0.2018,0.204,0.1994,0.1878,0.1847,0.1814,0.1786,0.1708,0.1687,0.1674,0.1629,0.163,0.1624,0.1595,0.1562,0.1533,0.1481,0.1419,0.1362,0.1312,0.1267,0.1261,0.1253,0.1218,0.1159,0.1076,0.0993,0.0924,0.0885,0.0838,0.0746,0.0701,0.0654,0.0603,0.0539,0.0496,0.0464,0.0433,0.0407,0.0381,0.0361,0.0342,0.0316,0.0289,0.0267,0.0247,0.0231,0.0222,0.0197,0.0182,0.018,0.0174,0.0149,0.0127,0.0115,0.0097,0.0086,0.0076,0.0067,0.0059,0.0052,0.0044,0.0039,0.0034,0.0043,0.0038,0.0038,0.0034,0.0031,0.0028,0.0021,0.0013,0.0011,0.0009
0.3212,0.3144,0.3042,0.2898,0.2814,0.2711,0.2579,0.251,0.2421,0.2362,0.2321,0.2261,0.2179,0.2109,0.2092,0.2053,0.1995,0.1943,0.1887,0.183,0.17,0.1586,0.156,0.154,0.1482,0.1439,0.1386,0.1303,0.1255,0.1227,0.1188,0.1149,0.1114,0.1066,0.1028,0.1003,0.0969,0.0896,0.0846,0.0826,0.0811,0.0768,0.0708,0.0684,0.0655,0.067,0.0664,0.0618,0.0561,0.0552,0.0538,0.0514,0.0491,0.0466,0.0449,0.0423,0.0401,0.0384,0.037,0.0349,0.0326,0.0313,0.0308,0.0304,0.0294,0.0274,0.0258,0.0223,0.02,0.017,0.0143,0.0128,0.011,0.0097,0.0088,0.0081,0.0077,0.0076,0.0073,0.007,0.0052,0.0046,0.0035,0.0029,0.0021,0.0016,0.001,0.0008,0.0006,0.0004
0.3486,0.3401,0.3315,0.3192,0.3075,0.2915,0.2803,0.2679,0.2528,0.2371,0.2272,0.2183,0.2092,0.2008,0.1962,0.1893,0.1823,0.1778,0.1752,0.171,0.1678,0.1638,0.1614,0.1539,0.1466,0.1444,0.1396,0.1348,0.1314,0.1304,0.1275,0.1244,0.1223,0.1176,0.1116,0.1082,0.1073,0.1047,0.1067,0.1073,0.1083,0.1068,0.1037,0.0949,0.0829,0.073,0.0629,0.0512,0.0376,0.0316,0.0227,0.0181,0.0151,0.0143,0.0126,0.0113,0.0099,0.0079,0.0063,0.0055,0.0061,0.006,0.0054,0.004,0.0039,0.0039,0.0036,0.0045,0.0039,0.0031,0.0024,0.0019,0.0016,0.0011,0.0007,0.0005,0.0005,0.0003,0.0002,0.0001,0.0001,0.0,0.0,0.0,0.0,0.0,0.0,0.0,0.0,0.0
0.4166,0.4127,0.4082,0.4028,0.3956,0.3886,0.3787,0.3702,0.363,0.3502,0.3394,0.3334,0.3297,0.3243,0.3163,0.3085,0.3017,0.2975,0.2954,0.2929,0.29,0.2847,0.2799,0.2801,0.2758,0.2707,0.2672,0.2606,0.2538,0.2492,0.2501,0.2508,0.2535,0.2515,0.2432,0.2328,0.2234,0.2168,0.2096,0.2039,0.202,0.1987,0.1944,0.1942,0.1906,0.1879,0.1852,0.182,0.1767,0.1718,0.1697,0.1653,0.1597,0.1553,0.1519,0.1477,0.1429,0.1373,0.1309,0.1291,0.1334,0.128,0.1207,0.1145,0.1118,0.1084,0.1046,0.0974,0.0913,0.0848,0.0792,0.0725,0.0672,0.0625,0.0594,0.0567,0.0553,0.0535,0.0509,0.0493,0.0465,0.0447,0.0412,0.034,0.0269,0.0214,0.0148,0.0103,0.0079,0.0079
0.4186,0.414,0.4091,0.4038,0.398,0.3952,0.3896,0.3769,0.3704,0.3615,0.3509,0.341,0.335,0.3273,0.3174,0.3099,0.3063,0.3008,0.2958,0.2921,0.2875,0.2809,0.2743,0.2688,0.2633,0.2554,0.2486,0.2435,0.2371,0.2307,0.2267,0.2232,0.2183,0.2116,0.2089,0.2053,0.198,0.1907,0.181,0.174,0.1646,0.1556,0.1487,0.1447,0.1459,0.1451,0.1411,0.1398,0.1393,0.1343,0.1284,0.121,0.1141,0.1062,0.098,0.0901,0.0821,0.0741,0.0661,0.0597,0.0561,0.0464,0.0365,0.0297,0.0237,0.0195,0.016,0.0162,0.0142,0.0137,0.0129,0.0129,0.013,0.0124,0.0114,0.0101,0.008,0.0066,0.0062,0.0049,0.0046,0.0047,0.0051,0.0051,0.0058,0.0056,0.0051,0.0049,0.0043,0.0029
0.3651,0.3558,0.3494,0.3443,0.3361,0.3302,0.3231,0.3109,0.3,0.2884,0.2775,0.2682,0.2617,0.2498,0.2404,0.2346,0.2278,0.2198,0.2104,0.2033,0.197,0.1909,0.1794,0.1693,0.1611,0.1513,0.143,0.1375,0.1338,0.1284,0.1208,0.1141,0.1043,0.0983,0.0968,0.0964,0.094,0.0913,0.0864,0.0799,0.073,0.0685,0.066,0.0626,0.0623,0.0622,0.0591,0.0579,0.0578,0.0548,0.05,0.0449,0.0406,0.0361,0.0313,0.0273,0.0242,0.0212,0.0192,0.0181,0.0154,0.0112,0.008,0.007,0.006,0.0051,0.0039,0.0032,0.0024,0.0019,0.0014,0.0011,0.0009,0.0007,0.0004,0.0002,0.0001,0.0,0.0,0.0,0.0,0.0,0.0,0.0,0.0,0.0,0.0,0.0,0.0,0.0
0.2235,0.216,0.2094,0.2039,0.1949,0.1885,0.1858,0.1768,0.1696,0.1642,0.1578,0.1518,0.1506,0.1479,0.1415,0.1338,0.1248,0.1195,0.1153,0.1079,0.1009,0.0955,0.0893,0.0845,0.0813,0.0777,0.0742,0.0709,0.0678,0.0642,0.0598,0.0548,0.0483,0.0425,0.0371,0.033,0.0302,0.0271,0.0246,0.0213,0.0178,0.015,0.0139,0.0122,0.0111,0.0104,0.0087,0.0077,0.0072,0.0058,0.004,0.0022,0.0012,0.0006,0.0004,0.0002,0.0,0.0,0.0,0.0,0.0,0.0,0.0,0.0,0.0,0.0,0.0,0.0,0.0,0.0,0.0,0.0,0.0,0.0,0.0,0.0,0.0,0.0,0.0,0.0,0.0,0.0,0.0,0.0,0.0,0.0,0.0,0.0,0.0,0.0
0.2319,0.2237,0.2176,0.2131,0.2061,0.1987,0.1944,0.1855,0.1713,0.1598,0.1517,0.1443,0.1327,0.1139,0.1048,0.0988,0.0945,0.0889,0.0823,0.0762,0.0713,0.0664,0.0612,0.0549,0.0502,0.046,0.0408,0.0366,0.0326,0.0296,0.0263,0.0247,0.0218,0.0208,0.0178,0.0163,0.0128,0.0099,0.0077,0.0065,0.0062,0.0062,0.0054,0.0054,0.0053,0.0049,0.0048,0.0045,0.004,0.0037,0.0036,0.0029,0.0024,0.0019,0.0015,0.001,0.0006,0.0,0.0,0.0,0.0,0.0,0.0,0.0,0.0,0.0,0.0,0.0,0.0,0.0,0.0,0.0,0.0,0.0,0.0,0.0,0.0,0.0,0.0,0.0,0.0,0.0,0.0,0.0,0.0,0.0,0.0,0.0,0.0,0.0
0.1693,0.1649,0.1618,0.1578,0.1537,0.1503,0.1487,0.1463,0.1417,0.1401,0.1357,0.1294,0.1268,0.1206,0.1169,0.1123,0.104,0.0971,0.0937,0.0903,0.0881,0.0865,0.0837,0.0805,0.0805,0.0813,0.0806,0.0793,0.0795,0.0784,0.0754,0.0727,0.0713,0.0685,0.0654,0.0648,0.0618,0.0592,0.0568,0.0532,0.0495,0.0468,0.0435,0.039,0.0353,0.0317,0.0281,0.0248,0.0223,0.0199,0.0178,0.0152,0.0121,0.0097,0.0076,0.0071,0.0078,0.0091,0.0099,0.011,0.0113,0.0112,0.0118,0.012,0.0125,0.012,0.0127,0.0132,0.0133,0.0134,0.0135,0.0133,0.0122,0.0114,0.0107,0.0105,0.0103,0.0083,0.0075,0.0066,0.005,0.0043,0.0039,0.0038,0.0036,0.003,0.0031,0.0035,0.0041,0.0039
0.1944,0.1889,0.1867,0.1846,0.1817,0.1777,0.1752,0.1734,0.169,0.1633,0.1604,0.1561,0.1522,0.1499,0.1432,0.14,0.1348,0.1295,0.1265,0.1227,0.1196,0.1189,0.117,0.1131,0.1104,0.1066,0.1026,0.1013,0.1006,0.0996,0.099,0.0976,0.0968,0.0925,0.0898,0.084,0.0824,0.0821,0.0798,0.0774,0.075,0.072,0.0692,0.0667,0.0637,0.0614,0.06,0.0585,0.0574,0.057,0.0564,0.055,0.0535,0.0522,0.0505,0.049,0.0468,0.0436,0.0401,0.0374,0.035,0.0326,0.0299,0.0274,0.0241,0.022,0.0185,0.0158,0.0141,0.0125,0.0105,0.0082,0.007,0.0068,0.0061,0.0042,0.0035,0.0026,0.0022,0.0018,0.0015,0.0013,0.001,0.0007,0.0008,0.0005,0.0004,0.0006,0.0005,0.0005
0.1539,0.1544,0.1551,0.1547,0.1548,0.1529,0.1521,0.1483,0.148,0.1493,0.1507,0.1508,0.1495,0.1509,0.1495,0.1491,0.1472,0.1433,0.143,0.1428,0.1399,0.1383,0.138,0.1371,0.1331,0.1298,0.1264,0.1232,0.1157,0.1097,0.1054,0.1,0.0945,0.0893,0.0849,0.081,0.0753,0.0692,0.0656,0.0627,0.0615,0.0594,0.0567,0.0544,0.0524,0.0503,0.0476,0.0452,0.042,0.0381,0.034,0.0305,0.0277,0.0249,0.0227,0.0205,0.0165,0.0128,0.0094,0.0066,0.0045,0.0033,0.002,0.0013,0.0007,0.0002,0.0,0.0,0.0,0.0,0.0,0.0,0.0,0.0,0.0,0.0,0.0,0.0,0.0,0.0,0.0,0.0,0.0,0.0,0.0,0.0,0.0,0.0,0.0,0.0
0.1107,0.107,0.1037,0.1017,0.0996,0.0976,0.092,0.0946,0.0949,0.0892,0.0844,0.0825,0.0813,0.0809,0.0788,0.0739,0.0735,0.0753,0.068,0.0612,0.0563,0.0488,0.0421,0.0389,0.0359,0.0316,0.0275,0.0224,0.0165,0.0127,0.0097,0.0079,0.007,0.0064,0.0062,0.0052,0.0039,0.0021,0.0015,0.0011,0.0007,0.0004,0.0002,0.0002,0.0003,0.0004,0.0002,0.0,0.0,0.0,0.0,0.0,0.0,0.0,0.0,0.0,0.0,0.0,0.0,0.0,0.0,0.0,0.0,0.0,0.0,0.0,0.0,0.0,0.0,0.0,0.0,0.0,0.0,0.0,0.0,0.0,0.0,0.0,0.0,0.0,0.0,0.0,0.0,0.0,0.0,0.0,0.0,0.0,0.0,0.0
0.0322,0.0285,0.0269,0.0258,0.0249,0.0244,0.0218,0.0197,0.0188,0.0167,0.0139,0.0125,0.0112,0.0104,0.0096,0.009,0.0081,0.0072,0.0065,0.0058,0.0054,0.0054,0.005,0.0044,0.0038,0.0034,0.0032,0.003,0.0028,0.0026,0.0023,0.002,0.0016,0.0014,0.0013,0.0011,0.001,0.0008,0.0007,0.0006,0.0005,0.0005,0.0004,0.0004,0.0003,0.0003,0.0003,0.0003,0.0003,0.0002,0.0002,0.0002,0.0002,0.0002,0.0002,0.0002,0.0002,0.0002,0.0002,0.0002,0.0002,0.0002,0.0001,0.0002,0.0001,0.0001,0.0001,0.0001,0.0001,0.0001,0.0001,0.0001,0.0001,0.0001,0.0001,0.0,0.0001,0.0001,0.0001,0.0001,0.0001,0.0001,0.0001,0.0,0.0,0.0,0.0,0.0,0.0,0.0
0.0384,0.0377,0.0362,0.0355,0.0351,0.0345,0.033,0.0284,0.0261,0.0256,0.0267,0.0282,0.0295,0.0305,0.0308,0.031,0.0309,0.0303,0.0312,0.0313,0.0313,0.0313,0.0311,0.0313,0.0318,0.0323,0.0328,0.0332,0.0334,0.0344,0.0351,0.0352,0.035,0.0351,0.0355,0.0355,0.0349,0.0346,0.0351,0.0363,0.0365,0.0362,0.0367,0.0369,0.0369,0.0368,0.0362,0.0366,0.0369,0.0364,0.0365,0.0368,0.0368,0.037,0.037,0.037,0.037,0.037,0.0371,0.037,0.037,0.0366,0.0358,0.035,0.0361,0.0365,0.0362,0.036,0.0358,0.0356,0.0351,0.0341,0.0335,0.0331,0.0329,0.0327,0.0336,0.0341,0.0337,0.0331,0.0327,0.0319,0.0304,0.0283,0.0251,0.0246,0.0251,0.0268,0.0269,0.0276
0.4207,0.4092,0.4004,0.3957,0.395,0.3963,0.3884,0.3757,0.3679,0.3632,0.3596,0.3536,0.35,0.3485,0.3494,0.3507,0.3545,0.3637,0.3691,0.3728,0.3753,0.3743,0.376,0.3797,0.3832,0.3863,0.3876,0.3908,0.3923,0.3958,0.3992,0.4002,0.4005,0.3989,0.3967,0.3898,0.3818,0.3766,0.3722,0.3703,0.3711,0.3704,0.3674,0.3596,0.3554,0.3512,0.3435,0.3384,0.3342,0.3326,0.3299,0.3273,0.3266,0.3268,0.326,0.326,0.3279,0.3268,0.3239,0.3232,0.3239,0.3241,0.321,0.3167,0.3152,0.3148,0.3155,0.315,0.3145,0.3135,0.3136,0.3107,0.3077,0.3035,0.3036,0.3038,0.3028,0.3024,0.306,0.3065,0.3063,0.3044,0.304,0.303,0.3021,0.3031,0.3031,0.3031,0.3036,0.3035
0.4709,0.4682,0.4625,0.4586,0.4543,0.4466,0.436,0.4455,0.4415,0.4415,0.4374,0.4332,0.4273,0.4231,0.4204,0.4131,0.4099,0.4085,0.4114,0.4067,0.4011,0.3983,0.3943,0.3895,0.384,0.3779,0.3738,0.3706,0.3657,0.3572,0.3487,0.3406,0.3301,0.3169,0.3025,0.2935,0.2883,0.2775,0.2708,0.261,0.2518,0.2341,0.2154,0.1921,0.1722,0.1611,0.1483,0.1257,0.1146,0.1045,0.0957,0.0903,0.0862,0.0839,0.0826,0.0817,0.0825,0.0857,0.0911,0.0839,0.0751,0.0706,0.0721,0.0722,0.0698,0.07,0.0711,0.0723,0.0731,0.0764,0.0799,0.0809,0.0767,0.0748,0.0716,0.0694,0.0688,0.0693,0.0695,0.0692,0.0694,0.0702,0.072,0.0745,0.0749,0.0753,0.0753,0.0743,0.0722,0.0708
0.4601,0.4566,0.4455,0.435,0.4227,0.4134,0.409,0.4072,0.3966,0.3963,0.3902,0.3834,0.3776,0.376,0.3683,0.3577,0.3498,0.3423,0.3284,0.3133,0.3022,0.2952,0.2854,0.2753,0.2636,0.2536,0.244,0.233,0.2238,0.2134,0.2017,0.1894,0.1779,0.1645,0.1502,0.1429,0.1373,0.1304,0.131,0.1266,0.1188,0.11,0.1013,0.0936,0.0832,0.0831,0.0824,0.0778,0.0747,0.0679,0.0616,0.064,0.0637,0.0606,0.0615,0.0649,0.0655,0.0646,0.0619,0.0568,0.0514,0.0425,0.0428,0.045,0.049,0.0455,0.0456,0.0481,0.0525,0.0523,0.0517,0.0456,0.0343,0.0329,0.0322,0.0322,0.0316,0.0308,0.0322,0.0307,0.0301,0.0319,0.0362,0.0416,0.0448,0.0418,0.0383,0.0444,0.0462,0.0484
0.4565,0.4515,0.4403,0.4302,0.417,0.4088,0.4033,0.3981,0.3942,0.3945,0.3889,0.3811,0.3721,0.3604,0.349,0.3367,0.3247,0.3124,0.2971,0.2832,0.272,0.2631,0.2553,0.2479,0.2432,0.2376,0.2282,0.2203,0.2122,0.2032,0.1931,0.1875,0.184,0.1786,0.1724,0.1661,0.1594,0.1481,0.1361,0.1267,0.1183,0.1109,0.1001,0.0921,0.0867,0.0829,0.077,0.0707,0.0617,0.0554,0.0482,0.0422,0.0362,0.0327,0.0306,0.0294,0.0283,0.0286,0.0289,0.0291,0.0287,0.0283,0.0278,0.0268,0.0255,0.0244,0.0214,0.019,0.0174,0.0153,0.0118,0.0105,0.0103,0.0102,0.0095,0.0088,0.0083,0.008,0.0073,0.0068,0.0074,0.0077,0.0078,0.0085,0.0087,0.0089,0.0092,0.0089,0.0085,0.0081
0.4387,0.443,0.4364,0.4278,0.4198,0.4088,0.4035,0.4011,0.3977,0.385,0.3709,0.36,0.3503,0.3384,0.3248,0.3126,0.2985,0.2849,0.2734,0.2605,0.2573,0.2518,0.2426,0.2354,0.2267,0.2138,0.2012,0.1898,0.1776,0.1652,0.1515,0.1393,0.1249,0.1135,0.1003,0.088,0.0821,0.0777,0.0717,0.0676,0.0618,0.0575,0.0519,0.0471,0.0452,0.0411,0.0356,0.032,0.0292,0.027,0.0245,0.0203,0.0174,0.0143,0.0104,0.007,0.0042,0.0032,0.0016,0.0003,0.0001,0.0,0.0,0.0,0.0,0.0,0.0,0.0,0.0,0.0,0.0,0.0,0.0,0.0,0.0,0.0,0.0,0.0,0.0,0.0,0.0,0.0,0.0,0.0,0.0,0.0,0.0,0.0,0.0,0.0
0.3583,0.3495,0.347,0.3431,0.3393,0.333,0.325,0.3178,0.3113,0.2999,0.2892,0.2776,0.2697,0.2619,0.254,0.2453,0.2365,0.2242,0.2205,0.2117,0.1978,0.1801,0.1683,0.1519,0.1372,0.1253,0.1146,0.1047,0.0962,0.0887,0.0824,0.0758,0.0683,0.06,0.0537,0.0476,0.0422,0.0371,0.0323,0.0283,0.0251,0.0224,0.0189,0.0158,0.0122,0.0104,0.0082,0.0053,0.0033,0.0016,0.0006,0.0002,0.0,0.0,0.0,0.0,0.0,0.0,0.0,0.0,0.0,0.0,0.0,0.0,0.0,0.0,0.0,0.0,0.0,0.0,0.0,0.0,0.0,0.0,0.0,0.0,0.0,0.0,0.0,0.0,0.0,0.0,0.0,0.0,0.0,0.0,0.0,0.0,0.0,0.0
