0.306,0.2937,0.2922,0.2878,0.2828,0.2762,0.2675,0.2574,0.2471,0.234,0.2169,0.2031,0.1954,0.1844,0.1739,0.1706,0.1722,0.1632,0.1517,0.1383,0.1234,0.1104,0.0991,0.0894,0.0804,0.0717,0.0624,0.0546,0.0472,0.0389,0.0295,0.0233,0.018,0.0104,0.0082,0.005,0.0027,0.0016,0.0008,0.0007,0.0008,0.0008,0.0008,0.0008,0.0006,0.0005,0.0004,0.0003,0.0002,0.0001,0.0001,0.0001,0.0001,0.0001,0.0001,0.0002,0.0002,0.0003,0.0003,0.0003,0.0003,0.0003,0.0004,0.0003,0.0002,0.0,0.0,0.0,0.0,0.0,0.0,0.0,0.0,0.0,0.0,0.0,0.0,0.0,0.0,0.0,0.0,0.0,0.0,0.0,0.0,0.0,0.0,0.0,0.0,0.0
0.3817,0.3668,0.3592,0.3479,0.3345,0.3147,0.2946,0.2822,0.2652,0.2516,0.2409,0.2287,0.219,0.2055,0.1943,0.184,0.1794,0.1652,0.1446,0.1237,0.1096,0.1041,0.0962,0.0884,0.0822,0.0756,0.07,0.0617,0.0536,0.0516,0.0494,0.0458,0.0423,0.0395,0.0358,0.0339,0.0306,0.0279,0.0258,0.0227,0.0215,0.0208,0.0201,0.0191,0.0179,0.0176,0.0177,0.0171,0.0163,0.015,0.0149,0.0147,0.014,0.0122,0.0114,0.01,0.0086,0.0078,0.0068,0.0057,0.0046,0.0036,0.0027,0.0016,0.0008,0.0005,0.0003,0.0002,0.0001,0.0001,0.0001,0.0001,0.0,0.0,0.0,0.0,0.0,0.0,0.0,0.0,0.0,0.0,0.0,0.0,0.0,0.0,0.0,0.0,0.0,0.0
0.5187,0.5071,0.4964,0.4906,0.4823,0.4734,0.4635,0.4535,0.4446,0.4289,0.416,0.4047,0.393,0.383,0.3681,0.3497,0.3393,0.3362,0.3231,0.308,0.2929,0.2854,0.278,0.2645,0.247,0.2314,0.2147,0.2005,0.1751,0.1579,0.1431,0.1287,0.1147,0.1031,0.0938,0.0867,0.0795,0.0708,0.0605,0.0513,0.0449,0.038,0.0332,0.028,0.024,0.0208,0.0178,0.0154,0.0135,0.012,0.0103,0.0086,0.0072,0.0063,0.0052,0.004,0.0031,0.0021,0.0015,0.0008,0.0001,0.0,0.0,0.0,0.0,0.0,0.0,0.0,0.0,0.0,0.0,0.0,0.0,0.0,0.0,0.0,0.0001,0.0003,0.0004,0.0003,0.0002,0.0001,0.0001,0.0001,0.0,0.0,0.0,0.0,0.0,0.0
0.3866,0.3794,0.3701,0.3664,0.3623,0.3577,0.3546,0.3477,0.3453,0.3362,0.33,0.3234,0.3167,0.3079,0.299,0.2889,0.2768,0.2686,0.2657,0.2601,0.2497,0.2367,0.2236,0.2093,0.1938,0.1744,0.1507,0.1332,0.1136,0.0969,0.0823,0.0704,0.0611,0.0544,0.049,0.0447,0.0401,0.0343,0.0299,0.0267,0.0243,0.0227,0.0212,0.0203,0.0195,0.0189,0.0184,0.0178,0.0173,0.0166,0.0161,0.0152,0.0148,0.0144,0.0141,0.0138,0.0133,0.0128,0.0124,0.0119,0.0114,0.0112,0.011,0.0106,0.0103,0.01,0.0095,0.0091,0.0087,0.0082,0.0079,0.0076,0.0074,0.007,0.0064,0.0058,0.0049,0.0043,0.0039,0.0038,0.0035,0.0033,0.0031,0.0029,0.0028,0.0026,0.0022,0.0018,0.0015,0.0013
0.2173,0.2121,0.2001,0.1852,0.1753,0.1722,0.1643,0.1561,0.1482,0.1417,0.1332,0.1247,0.1154,0.1071,0.0999,0.0934,0.0871,0.0841,0.0802,0.0748,0.0691,0.0593,0.0462,0.0337,0.0225,0.0141,0.009,0.0052,0.0036,0.0027,0.0017,0.0012,0.001,0.0009,0.0007,0.0006,0.0005,0.0005,0.0005,0.0004,0.0004,0.0004,0.0004,0.0004,0.0004,0.0004,0.0004,0.0003,0.0003,0.0003,0.0003,0.0003,0.0003,0.0003,0.0003,0.0002,0.0002,0.0002,0.0001,0.0001,0.0001,0.0001,0.0,0.0,0.0,0.0,0.0,0.0,0.0,0.0,0.0,0.0,0.0,0.0,0.0,0.0,0.0,0.0,0.0,0.0,0.0,0.0,0.0,0.0,0.0,0.0,0.0,0.0,0.0,0.0
0.0773,0.0769,0.0741,0.074,0.0745,0.0722,0.0701,0.0666,0.0626,0.0623,0.0575,0.0564,0.0563,0.0552,0.0525,0.0487,0.0433,0.0379,0.0344,0.0316,0.0285,0.0256,0.0256,0.0249,0.0208,0.0168,0.0145,0.0114,0.0095,0.0078,0.006,0.0046,0.0035,0.003,0.0019,0.0012,0.0007,0.0004,0.0001,0.0,0.0001,0.0001,0.0001,0.0,0.0,0.0,0.0,0.0,0.0,0.0,0.0,0.0,0.0,0.0,0.0,0.0,0.0,0.0,0.0,0.0,0.0,0.0,0.0,0.0,0.0,0.0,0.0,0.0,0.0,0.0,0.0,0.0,0.0,0.0,0.0,0.0,0.0,0.0,0.0,0.0,0.0,0.0,0.0,0.0,0.0,0.0,0.0,0.0,0.0,0.0
0.1368,0.1354,0.1328,0.1281,0.1242,0.1198,0.1165,0.1118,0.1061,0.1019,0.0984,0.0962,0.0998,0.1,0.0975,0.0921,0.0872,0.0829,0.0799,0.0793,0.0751,0.0694,0.0656,0.0667,0.064,0.0594,0.0551,0.0524,0.0511,0.0485,0.0475,0.0438,0.0403,0.0445,0.0455,0.0435,0.0409,0.0372,0.0327,0.0319,0.0305,0.0288,0.0261,0.0235,0.0226,0.0213,0.0196,0.0184,0.0174,0.016,0.0147,0.0144,0.0133,0.0129,0.0102,0.0089,0.0075,0.0062,0.0053,0.0046,0.0036,0.0024,0.002,0.0015,0.001,0.0006,0.0002,0.0,0.0,0.0,0.0,0.0,0.0,0.0,0.0,0.0,0.0,0.0,0.0,0.0,0.0,0.0,0.0,0.0,0.0,0.0,0.0,0.0,0.0,0.0
0.1855,0.1834,0.1839,0.1767,0.1655,0.1596,0.1554,0.1543,0.1536,0.1502,0.1499,0.146,0.14,0.135,0.1332,0.1335,0.1336,0.1322,0.1269,0.1245,0.1236,0.12,0.1147,0.1044,0.0964,0.0935,0.0883,0.0828,0.077,0.0724,0.0681,0.0658,0.0623,0.0611,0.0528,0.0472,0.0407,0.0366,0.0326,0.0285,0.0241,0.0204,0.0177,0.0154,0.0132,0.0111,0.0094,0.0084,0.008,0.0075,0.0073,0.0068,0.0062,0.0063,0.0063,0.007,0.0073,0.0072,0.0068,0.0062,0.006,0.0076,0.0088,0.0086,0.0081,0.0076,0.0071,0.0069,0.0066,0.0063,0.0058,0.0054,0.0052,0.0048,0.0044,0.0044,0.0036,0.0025,0.0018,0.0014,0.0011,0.0011,0.0008,0.0006,0.0004,0.0004,0.0003,0.0002,0.0002,0.0002
0.138,0.1362,0.1345,0.1339,0.1292,0.1249,0.12,0.1162,0.1129,0.1076,0.1037,0.1012,0.0984,0.0957,0.0929,0.0909,0.0887,0.0866,0.085,0.0844,0.0836,0.0819,0.0802,0.0773,0.0751,0.0733,0.0711,0.0692,0.0677,0.0665,0.0652,0.0637,0.0619,0.0609,0.0592,0.0564,0.0529,0.0508,0.0486,0.0462,0.0468,0.046,0.044,0.0417,0.0397,0.0398,0.0382,0.036,0.0342,0.0322,0.0306,0.0291,0.0276,0.0266,0.0238,0.0204,0.018,0.0166,0.0154,0.0143,0.0132,0.0105,0.007,0.0056,0.0047,0.0034,0.0025,0.0023,0.0023,0.002,0.0019,0.0017,0.0018,0.0017,0.0015,0.0016,0.0017,0.0019,0.0018,0.0014,0.0012,0.0009,0.0006,0.0003,0.0001,0.0,0.0,0.0,0.0,0.0
0.107,0.1043,0.1001,0.0971,0.0949,0.0931,0.091,0.0878,0.0861,0.0821,0.0793,0.0764,0.0746,0.0738,0.0729,0.0716,0.0685,0.0658,0.0638,0.0625,0.0614,0.0591,0.0584,0.0576,0.0568,0.0576,0.0579,0.0583,0.0583,0.0581,0.0557,0.0533,0.0522,0.0522,0.0551,0.0545,0.0533,0.0524,0.0509,0.0479,0.0459,0.0455,0.0414,0.0379,0.0347,0.0331,0.033,0.0303,0.0298,0.0286,0.0277,0.0264,0.0254,0.0237,0.0226,0.0219,0.02,0.0181,0.0166,0.0153,0.0141,0.0125,0.0103,0.0089,0.0074,0.0066,0.0059,0.0054,0.0047,0.0043,0.004,0.0037,0.0033,0.003,0.0028,0.0024,0.0017,0.001,0.0005,0.0002,0.0,0.0,0.0,0.0,0.0,0.0,0.0,0.0,0.0,0.0
0.1204,0.1187,0.1122,0.1094,0.1068,0.1047,0.1021,0.1005,0.0964,0.095,0.0916,0.0886,0.0847,0.0809,0.0774,0.0749,0.0734,0.0718,0.0693,0.0645,0.064,0.0619,0.0577,0.0531,0.0498,0.0442,0.039,0.0349,0.032,0.029,0.0273,0.026,0.0231,0.0207,0.018,0.0163,0.0152,0.014,0.0133,0.0127,0.012,0.0128,0.0145,0.0144,0.0143,0.0137,0.0136,0.013,0.0127,0.0119,0.013,0.0121,0.0114,0.0114,0.0114,0.0118,0.0118,0.0115,0.0106,0.0097,0.0091,0.0084,0.0084,0.0094,0.01,0.0095,0.0093,0.0091,0.0089,0.0086,0.0085,0.0087,0.0088,0.0089,0.0089,0.0083,0.0079,0.0072,0.0068,0.0064,0.0062,0.006,0.0056,0.0043,0.0038,0.0032,0.0027,0.0024,0.0017,0.001
0.1101,0.1088,0.1048,0.1023,0.1001,0.0965,0.0929,0.0917,0.0851,0.0849,0.0803,0.0774,0.0766,0.0749,0.0737,0.0733,0.0711,0.0686,0.0673,0.0644,0.0658,0.063,0.0607,0.0609,0.0599,0.0572,0.0568,0.0564,0.0564,0.0563,0.0559,0.0552,0.0541,0.0526,0.0515,0.0496,0.048,0.0478,0.047,0.0463,0.045,0.0432,0.0444,0.0445,0.0436,0.0426,0.0411,0.0405,0.0392,0.0391,0.0378,0.037,0.0356,0.0334,0.0316,0.0289,0.0265,0.0249,0.0241,0.0227,0.0213,0.02,0.0186,0.0154,0.0128,0.011,0.0091,0.0076,0.0066,0.0059,0.0047,0.0037,0.0031,0.0026,0.0021,0.0017,0.0012,0.0008,0.0006,0.0003,0.0002,0.0001,0.0,0.0,0.0,0.0,0.0,0.0,0.0,0.0
0.1005,0.0988,0.0957,0.0909,0.0894,0.0876,0.087,0.0838,0.0822,0.0809,0.0801,0.0769,0.0754,0.0742,0.0729,0.0702,0.0687,0.0677,0.0672,0.0666,0.0656,0.0641,0.0619,0.0595,0.054,0.0508,0.0475,0.0447,0.0423,0.0402,0.0382,0.0371,0.036,0.0345,0.0341,0.0329,0.0309,0.0295,0.0273,0.025,0.0234,0.0216,0.0194,0.0176,0.0158,0.0138,0.0124,0.011,0.0098,0.0087,0.0079,0.0078,0.0072,0.0059,0.0045,0.0037,0.0028,0.0017,0.001,0.0005,0.0002,0.0001,0.0,0.0,0.0,0.0,0.0,0.0,0.0,0.0,0.0,0.0,0.0,0.0,0.0,0.0,0.0,0.0,0.0,0.0,0.0,0.0,0.0,0.0,0.0,0.0,0.0,0.0,0.0,0.0
0.0587,0.0556,0.054,0.0504,0.0481,0.0462,0.0449,0.0433,0.0433,0.039,0.0386,0.0376,0.0355,0.033,0.0307,0.0287,0.0262,0.0248,0.0213,0.0195,0.0178,0.0171,0.0158,0.0132,0.0098,0.0076,0.0056,0.0039,0.003,0.0021,0.0011,0.0007,0.0006,0.0007,0.0006,0.0004,0.0003,0.0002,0.0001,0.0001,0.0,0.0,0.0,0.0,0.0,0.0,0.0,0.0,0.0,0.0,0.0,0.0,0.0,0.0,0.0,0.0,0.0,0.0,0.0,0.0,0.0,0.0,0.0,0.0,0.0,0.0,0.0,0.0,0.0,0.0,0.0,0.0,0.0,0.0,0.0,0.0,0.0,0.0,0.0,0.0,0.0,0.0,0.0,0.0,0.0,0.0,0.0,0.0,0.0,0.0
0.0382,0.0334,0.0344,0.03,0.0267,0.0257,0.0246,0.021,0.0189,0.017,0.0165,0.0151,0.0125,0.0108,0.0088,0.008,0.0074,0.0054,0.0049,0.0035,0.0026,0.0017,0.0011,0.0008,0.0008,0.001,0.0013,0.0011,0.0008,0.0007,0.0009,0.0011,0.0009,0.0006,0.0005,0.0004,0.0004,0.0003,0.0001,0.0,0.0,0.0,0.0,0.0,0.0,0.0,0.0,0.0,0.0,0.0,0.0,0.0,0.0,0.0,0.0,0.0,0.0,0.0,0.0,0.0,0.0,0.0,0.0,0.0,0.0,0.0,0.0,0.0,0.0,0.0,0.0,0.0,0.0,0.0,0.0,0.0,0.0,0.0,0.0,0.0,0.0,0.0,0.0,0.0,0.0,0.0,0.0,0.0,0.0,0.0
0.1488,0.1434,0.1392,0.1357,0.1313,0.1263,0.1232,0.1193,0.1126,0.1108,0.1086,0.1059,0.1026,0.0945,0.0859,0.0789,0.073,0.066,0.0605,0.0542,0.0476,0.0401,0.0333,0.0285,0.0261,0.026,0.0271,0.0256,0.0228,0.0195,0.0184,0.0178,0.018,0.0169,0.0142,0.0125,0.015,0.0153,0.0117,0.0096,0.0087,0.0076,0.0061,0.0051,0.004,0.0026,0.0016,0.0008,0.0002,0.0001,0.0,0.0,0.0,0.0,0.0,0.0,0.0,0.0,0.0,0.0,0.0,0.0,0.0,0.0,0.0,0.0,0.0,0.0,0.0,0.0,0.0,0.0,0.0,0.0,0.0,0.0,0.0,0.0,0.0,0.0,0.0,0.0,0.0,0.0,0.0,0.0,0.0,0.0,0.0,0.0
0.2521,0.2476,0.2361,0.229,0.2236,0.2181,0.2148,0.2133,0.2081,0.2049,0.2018,0.1952,0.1921,0.1865,0.182,0.1741,0.164,0.155,0.1443,0.1351,0.1278,0.1244,0.1191,0.114,0.1087,0.1041,0.1018,0.097,0.0932,0.0896,0.0846,0.081,0.0787,0.0761,0.072,0.0668,0.0636,0.0569,0.0522,0.0465,0.0397,0.0347,0.0293,0.0243,0.021,0.0176,0.0153,0.0132,0.0109,0.0087,0.007,0.0056,0.0041,0.0027,0.0016,0.0008,0.0003,0.0001,0.0,0.0,0.0,0.0,0.0,0.0,0.0,0.0,0.0,0.0,0.0,0.0,0.0,0.0,0.0,0.0,0.0,0.0,0.0,0.0,0.0,0.0,0.0,0.0,0.0,0.0,0.0,0.0,0.0,0.0,0.0,0.0
0.3215,0.3143,0.3075,0.2917,0.2817,0.2696,0.2589,0.2523,0.2461,0.2312,0.2193,0.2127,0.2049,0.2016,0.1964,0.1917,0.1839,0.1762,0.1677,0.1566,0.1465,0.1398,0.1354,0.129,0.1221,0.1143,0.1081,0.101,0.0938,0.087,0.0799,0.0738,0.0658,0.0587,0.0531,0.0485,0.0426,0.035,0.0304,0.0258,0.0206,0.0181,0.0158,0.0137,0.0116,0.0092,0.0075,0.0049,0.0025,0.001,0.0009,0.0005,0.0002,0.0001,0.0,0.0,0.0,0.0,0.0,0.0,0.0,0.0,0.0,0.0,0.0,0.0,0.0,0.0,0.0,0.0,0.0,0.0,0.0,0.0,0.0,0.0,0.0,0.0,0.0,0.0,0.0,0.0,0.0,0.0,0.0,0.0,0.0,0.0,0.0,0.0
0.3543,0.3452,0.3374,0.3277,0.312,0.3016,0.2888,0.2804,0.2733,0.2592,0.2459,0.2325,0.2188,0.2082,0.199,0.193,0.1859,0.1748,0.165,0.1523,0.1383,0.1263,0.1149,0.1058,0.0984,0.0921,0.0884,0.0838,0.0785,0.0733,0.069,0.0651,0.0605,0.0566,0.0543,0.0519,0.0486,0.0453,0.0432,0.0407,0.0371,0.034,0.0317,0.029,0.0264,0.0238,0.0212,0.019,0.0155,0.0126,0.0108,0.0085,0.0063,0.0048,0.0035,0.0025,0.0015,0.0008,0.0004,0.0001,0.0,0.0,0.0,0.0,0.0,0.0,0.0,0.0,0.0,0.0,0.0,0.0,0.0,0.0,0.0,0.0,0.0,0.0,0.0,0.0,0.0,0.0,0.0,0.0,0.0,0.0,0.0,0.0,0.0,0.0
0.418,0.4179,0.4138,0.411,0.4004,0.3969,0.3877,0.3798,0.3762,0.3696,0.3593,0.3484,0.3374,0.329,0.3242,0.3193,0.3162,0.3126,0.3075,0.3015,0.2897,0.2815,0.2759,0.2683,0.2621,0.2499,0.2413,0.2387,0.2304,0.2205,0.2092,0.2009,0.1958,0.1932,0.1909,0.1867,0.1814,0.1779,0.1756,0.1754,0.1752,0.1695,0.1629,0.158,0.1542,0.1459,0.1317,0.1226,0.1112,0.0993,0.0931,0.0872,0.0768,0.0676,0.0602,0.0518,0.0412,0.0314,0.0247,0.0191,0.0165,0.0138,0.011,0.0087,0.0073,0.0057,0.0041,0.0028,0.0017,0.001,0.0004,0.0001,0.0,0.0,0.0,0.0,0.0,0.0,0.0,0.0,0.0,0.0,0.0,0.0,0.0,0.0,0.0,0.0,0.0,0.0
0.436,0.434,0.429,0.4264,0.4209,0.415,0.4077,0.3989,0.3962,0.3935,0.3857,0.3763,0.3686,0.3596,0.3527,0.3464,0.3432,0.3406,0.3356,0.3318,0.3254,0.3174,0.3124,0.3064,0.2997,0.2947,0.2866,0.2819,0.2768,0.2706,0.266,0.2614,0.2565,0.2498,0.2399,0.2309,0.2244,0.2189,0.2105,0.2013,0.1981,0.1941,0.188,0.1808,0.1833,0.1821,0.1752,0.1704,0.1707,0.1673,0.1615,0.1584,0.1523,0.1471,0.1422,0.139,0.1363,0.129,0.1228,0.1159,0.1091,0.1017,0.0952,0.0889,0.0846,0.079,0.0727,0.0664,0.0599,0.0535,0.0471,0.0416,0.0359,0.0303,0.0238,0.019,0.0152,0.012,0.0106,0.0084,0.0065,0.005,0.0044,0.0031,0.0019,0.0019,0.0012,0.0007,0.0003,0.0001
0.3616,0.3559,0.3535,0.354,0.3527,0.3497,0.3484,0.3435,0.3396,0.3383,0.3375,0.3344,0.3299,0.3236,0.3183,0.3121,0.3084,0.3049,0.2999,0.2964,0.2934,0.2876,0.2789,0.2723,0.2635,0.2569,0.2524,0.2419,0.235,0.228,0.2201,0.2139,0.2074,0.2002,0.1954,0.1909,0.186,0.1818,0.1754,0.1663,0.1539,0.1437,0.1369,0.1311,0.1204,0.1137,0.1122,0.1092,0.1079,0.1068,0.1037,0.099,0.0993,0.0981,0.0948,0.0928,0.0936,0.0922,0.0888,0.0863,0.0793,0.0738,0.0696,0.0653,0.0613,0.0573,0.0533,0.0478,0.043,0.0386,0.0347,0.0318,0.028,0.0258,0.023,0.0204,0.0168,0.0136,0.0121,0.0102,0.0086,0.0071,0.006,0.0045,0.0028,0.0023,0.0014,0.0006,0.0002,0.0001
0.2355,0.2292,0.2237,0.2216,0.2155,0.2101,0.2069,0.2035,0.1954,0.1931,0.1959,0.1983,0.1976,0.1926,0.1877,0.1835,0.1798,0.1761,0.1711,0.1639,0.1573,0.1501,0.1407,0.1319,0.1221,0.1124,0.104,0.0993,0.0913,0.0815,0.0742,0.0682,0.0616,0.0554,0.0511,0.0464,0.0419,0.0371,0.0322,0.0279,0.0226,0.0173,0.0141,0.0113,0.0094,0.0073,0.0058,0.0046,0.0038,0.0032,0.0026,0.0022,0.0023,0.0022,0.002,0.0019,0.0017,0.0012,0.001,0.0007,0.0006,0.0006,0.0007,0.0007,0.0007,0.0006,0.0005,0.0004,0.0004,0.0003,0.0003,0.0003,0.0002,0.0002,0.0003,0.0003,0.0002,0.0001,0.0001,0.0,0.0,0.0,0.0,0.0,0.0,0.0,0.0,0.0,0.0,0.0
0.2458,0.2397,0.2353,0.2303,0.2271,0.2211,0.2172,0.2133,0.2044,0.1938,0.19,0.1804,0.1709,0.1604,0.1493,0.139,0.1311,0.1252,0.1204,0.1169,0.1135,0.1076,0.1024,0.0979,0.0919,0.0868,0.0813,0.0764,0.0728,0.0681,0.0635,0.0584,0.0524,0.0473,0.0423,0.0383,0.0327,0.0281,0.0246,0.0216,0.0197,0.0166,0.0146,0.0129,0.0106,0.0096,0.0091,0.0093,0.0092,0.009,0.0079,0.0069,0.0064,0.0063,0.0061,0.0055,0.0049,0.0046,0.0043,0.0039,0.0035,0.0034,0.0031,0.0025,0.002,0.0016,0.0012,0.0009,0.0007,0.0006,0.0004,0.0002,0.0001,0.0002,0.0002,0.0002,0.0002,0.0002,0.0001,0.0001,0.0001,0.0001,0.0001,0.0,0.0,0.0,0.0,0.0,0.0,0.0
0.1736,0.1708,0.1692,0.1647,0.161,0.1564,0.1553,0.1529,0.1514,0.1464,0.1413,0.1377,0.1358,0.133,0.1295,0.1244,0.1193,0.114,0.1101,0.109,0.1052,0.1011,0.0983,0.0982,0.0973,0.0931,0.0897,0.0879,0.0852,0.0847,0.0845,0.0829,0.08,0.0774,0.0744,0.0714,0.0697,0.0663,0.0693,0.0688,0.0646,0.0605,0.0557,0.0514,0.0472,0.0448,0.0401,0.0365,0.0328,0.032,0.0274,0.0233,0.0213,0.0203,0.0195,0.0185,0.0171,0.0159,0.0156,0.0147,0.0132,0.0126,0.0116,0.0111,0.0101,0.0092,0.0084,0.0077,0.0074,0.0071,0.0069,0.0061,0.0052,0.0046,0.0042,0.0036,0.003,0.003,0.0028,0.0027,0.0034,0.0041,0.0044,0.0046,0.0048,0.005,0.0057,0.006,0.0062,0.0061
0.1867,0.1822,0.1812,0.1796,0.1764,0.1723,0.1689,0.1672,0.1659,0.1615,0.1571,0.1519,0.1486,0.1465,0.1456,0.1433,0.1416,0.1393,0.1366,0.1337,0.1331,0.1334,0.1322,0.1292,0.125,0.1197,0.1193,0.1183,0.1148,0.1137,0.112,0.11,0.1084,0.1074,0.1056,0.1033,0.1014,0.1001,0.0982,0.0947,0.095,0.0943,0.0916,0.0884,0.0855,0.0847,0.083,0.0809,0.0787,0.075,0.072,0.07,0.0675,0.0647,0.0628,0.0616,0.0604,0.0581,0.0571,0.0573,0.0562,0.055,0.0539,0.0539,0.053,0.0522,0.0515,0.0505,0.0501,0.0502,0.0482,0.0478,0.0473,0.0466,0.0455,0.0446,0.0435,0.043,0.0423,0.0412,0.0403,0.0397,0.04,0.0406,0.0402,0.0391,0.0379,0.0375,0.0378,0.0385
0.1487,0.1493,0.1497,0.1508,0.1513,0.1498,0.1479,0.1467,0.1454,0.1435,0.1395,0.1355,0.1318,0.128,0.1253,0.1242,0.1229,0.1207,0.1203,0.1204,0.1187,0.118,0.1189,0.1171,0.1143,0.1123,0.1122,0.1118,0.1123,0.1093,0.1089,0.1096,0.1098,0.1086,0.1073,0.1058,0.1032,0.1024,0.1001,0.0983,0.0985,0.0981,0.0968,0.0947,0.0938,0.0921,0.0913,0.0903,0.0888,0.0869,0.0852,0.0847,0.082,0.0806,0.0798,0.079,0.0777,0.0757,0.0759,0.0769,0.0774,0.0765,0.0759,0.0726,0.0701,0.0674,0.0657,0.0634,0.0607,0.0577,0.0549,0.0517,0.0494,0.047,0.0446,0.0434,0.0424,0.0406,0.0387,0.0367,0.0343,0.0318,0.0303,0.0286,0.0267,0.0252,0.0236,0.0223,0.0215,0.0216
0.1159,0.1137,0.1103,0.1074,0.1055,0.1052,0.1039,0.1036,0.1033,0.1047,0.1058,0.1058,0.1029,0.1016,0.0999,0.0992,0.0994,0.0997,0.0961,0.0932,0.0914,0.0895,0.0859,0.0838,0.0822,0.0839,0.0817,0.073,0.0692,0.0656,0.0597,0.0531,0.0485,0.0452,0.0429,0.0426,0.0407,0.0382,0.0367,0.0337,0.0285,0.0251,0.0239,0.0236,0.0237,0.0231,0.0244,0.0256,0.0272,0.0273,0.0292,0.0294,0.0299,0.0296,0.0287,0.0274,0.0266,0.027,0.0247,0.019,0.0148,0.0129,0.0111,0.0106,0.0101,0.0096,0.0087,0.0085,0.0075,0.0068,0.0061,0.0053,0.0049,0.0045,0.0041,0.0039,0.0038,0.0034,0.0032,0.0029,0.0023,0.0017,0.001,0.0007,0.0005,0.0004,0.0002,0.0002,0.0002,0.0002
0.0347,0.0311,0.0294,0.0279,0.0276,0.0275,0.0273,0.0257,0.0253,0.0248,0.025,0.0228,0.0214,0.0199,0.0179,0.0169,0.017,0.0174,0.0144,0.012,0.0118,0.0107,0.0093,0.0085,0.0077,0.0072,0.0066,0.0061,0.0055,0.0051,0.0048,0.0046,0.0042,0.004,0.0036,0.0032,0.003,0.003,0.0027,0.0027,0.0027,0.0027,0.0026,0.0024,0.0023,0.002,0.0019,0.0016,0.0012,0.0012,0.0011,0.0011,0.0009,0.0009,0.0009,0.0008,0.0006,0.0005,0.0004,0.0004,0.0003,0.0003,0.0003,0.0004,0.0003,0.0003,0.0003,0.0003,0.0003,0.0003,0.0003,0.0003,0.0002,0.0002,0.0002,0.0002,0.0002,0.0002,0.0002,0.0002,0.0002,0.0002,0.0002,0.0002,0.0001,0.0001,0.0002,0.0001,0.0001,0.0001
0.0427,0.0415,0.0402,0.04,0.0394,0.0379,0.0351,0.0335,0.0333,0.0338,0.0311,0.0289,0.0272,0.0251,0.0249,0.0253,0.0254,0.0252,0.0248,0.0243,0.0244,0.0247,0.0254,0.0258,0.026,0.0258,0.0257,0.0256,0.0245,0.0241,0.0253,0.0258,0.0287,0.0293,0.0296,0.0299,0.0295,0.0291,0.0289,0.0285,0.0269,0.0226,0.0205,0.0206,0.0208,0.0212,0.0199,0.0197,0.0208,0.0208,0.0193,0.0169,0.0176,0.0173,0.0166,0.0171,0.0186,0.0208,0.0223,0.0247,0.0257,0.0264,0.0266,0.0278,0.0274,0.027,0.0266,0.0267,0.0271,0.0275,0.0276,0.028,0.0282,0.0284,0.0288,0.0289,0.0284,0.0267,0.0263,0.0262,0.0265,0.027,0.0275,0.0276,0.0277,0.0272,0.0288,0.0301,0.0305,0.0306
0.4474,0.4373,0.4298,0.4264,0.4274,0.4268,0.4217,0.4141,0.4135,0.4183,0.4125,0.4016,0.3894,0.3738,0.36,0.3523,0.3455,0.3357,0.3261,0.316,0.3133,0.3123,0.3181,0.3261,0.3267,0.3275,0.3315,0.3283,0.3177,0.3135,0.3131,0.3111,0.3101,0.3135,0.3144,0.3155,0.3123,0.3069,0.3055,0.3049,0.3013,0.2981,0.2916,0.2861,0.2825,0.2796,0.2751,0.2688,0.2681,0.2723,0.2692,0.2615,0.2526,0.2467,0.2375,0.2301,0.2283,0.2268,0.2252,0.2247,0.2194,0.2171,0.2185,0.2165,0.2118,0.2095,0.2112,0.2138,0.2141,0.2135,0.213,0.2124,0.2113,0.2099,0.2097,0.2086,0.2077,0.2058,0.2068,0.2085,0.2108,0.2112,0.2107,0.2109,0.2122,0.2121,0.2129,0.2128,0.2145,0.2171
0.4988,0.4976,0.4917,0.4842,0.4763,0.4641,0.4589,0.4747,0.4781,0.473,0.459,0.4643,0.4701,0.4702,0.4672,0.4511,0.4433,0.4407,0.4375,0.4414,0.4447,0.4488,0.4465,0.4445,0.4443,0.4459,0.4416,0.4352,0.4287,0.4202,0.4213,0.4189,0.4111,0.402,0.3939,0.386,0.3784,0.361,0.3478,0.3392,0.3323,0.329,0.3237,0.3153,0.3047,0.2941,0.2847,0.2748,0.2622,0.2504,0.2428,0.2416,0.2323,0.2176,0.2054,0.196,0.1844,0.1728,0.1654,0.156,0.147,0.1335,0.1244,0.1075,0.0916,0.0847,0.0739,0.0649,0.0581,0.0528,0.0494,0.0466,0.0461,0.0467,0.0454,0.0462,0.0474,0.048,0.0494,0.0525,0.0562,0.0596,0.0608,0.0625,0.0646,0.0675,0.0687,0.0673,0.065,0.0642
0.5043,0.5019,0.4938,0.486,0.4732,0.4643,0.4604,0.4589,0.4537,0.4416,0.4374,0.4349,0.4422,0.4435,0.4369,0.4257,0.419,0.4108,0.4069,0.403,0.3932,0.387,0.3752,0.3663,0.361,0.3554,0.3443,0.3301,0.3216,0.3142,0.3092,0.3032,0.2933,0.272,0.2526,0.2361,0.2227,0.2115,0.1978,0.1887,0.1799,0.1711,0.1611,0.1526,0.1448,0.1372,0.13,0.1238,0.1157,0.1046,0.0954,0.0903,0.0882,0.0803,0.072,0.0658,0.0601,0.055,0.0506,0.0431,0.0403,0.0352,0.031,0.0253,0.0233,0.0217,0.0218,0.0192,0.0159,0.0137,0.0121,0.011,0.0099,0.0099,0.0097,0.0089,0.0082,0.0075,0.0069,0.0059,0.0055,0.006,0.0063,0.0067,0.0072,0.0081,0.0081,0.0076,0.0057,0.0043
0.4539,0.4498,0.4375,0.4261,0.4126,0.4029,0.3988,0.3948,0.3851,0.3778,0.3783,0.3752,0.371,0.369,0.3655,0.3627,0.359,0.3527,0.3492,0.3453,0.3415,0.3363,0.3338,0.3241,0.3122,0.3009,0.2919,0.2859,0.2813,0.2767,0.2705,0.2557,0.2416,0.2307,0.2153,0.2004,0.1836,0.1687,0.1536,0.1478,0.1331,0.1161,0.1003,0.0897,0.0812,0.0746,0.068,0.0622,0.0563,0.0505,0.0449,0.0421,0.0398,0.0387,0.0382,0.0372,0.0359,0.0337,0.0305,0.0273,0.0265,0.0239,0.0212,0.0177,0.0136,0.0109,0.0048,0.0015,0.0001,0.0,0.0,0.0,0.0,0.0,0.0,0.0,0.0,0.0,0.0,0.0,0.0,0.0,0.0,0.0,0.0,0.0,0.0,0.0,0.0,0.0
0.4299,0.4349,0.4287,0.4219,0.4149,0.4014,0.395,0.3901,0.3814,0.3688,0.3627,0.3592,0.3517,0.345,0.341,0.3344,0.3189,0.3086,0.2946,0.285,0.2722,0.2589,0.2446,0.2293,0.2129,0.1977,0.1814,0.1623,0.1486,0.1345,0.1231,0.1106,0.0932,0.0835,0.0709,0.0593,0.0479,0.0382,0.0306,0.0268,0.0192,0.0141,0.0095,0.006,0.0042,0.0033,0.0027,0.002,0.0012,0.0005,0.0002,0.0001,0.0,0.0,0.0,0.0,0.0,0.0,0.0,0.0,0.0,0.0,0.0,0.0,0.0,0.0,0.0,0.0,0.0,0.0,0.0,0.0,0.0,0.0,0.0,0.0,0.0,0.0,0.0,0.0,0.0,0.0,0.0,0.0,0.0,0.0,0.0,0.0,0.0,0.0
0.379,0.3792,0.3806,0.377,0.3745,0.3656,0.357,0.3495,0.3445,0.3383,0.3312,0.327,0.3215,0.3151,0.3111,0.3098,0.3014,0.2915,0.2786,0.2632,0.2503,0.2365,0.2222,0.2085,0.1907,0.1744,0.1554,0.1282,0.1065,0.0875,0.0684,0.0566,0.0403,0.0291,0.0203,0.0115,0.0056,0.0014,0.0001,0.0001,0.0,0.0,0.0,0.0,0.0,0.0,0.0,0.0,0.0,0.0,0.0,0.0,0.0,0.0,0.0,0.0,0.0,0.0,0.0,0.0,0.0,0.0,0.0,0.0,0.0,0.0,0.0,0.0,0.0,0.0,0.0,0.0,0.0,0.0,0.0,0.0,0.0,0.0,0.0,0.0,0.0,0.0,0.0,0.0,0.0,0.0,0.0,0.0,0.0,0.0
