0.5623,0.5499,0.5381,0.5252,0.5103,0.5013,0.4977,0.4904,0.4844,0.4772,0.4668,0.4499,0.4366,0.429,0.4162,0.4044,0.3966,0.3853,0.3696,0.357,0.3419,0.3337,0.3255,0.3177,0.3049,0.2932,0.2794,0.264,0.2526,0.2385,0.2239,0.2088,0.1939,0.1732,0.1553,0.1371,0.12,0.1055,0.0896,0.073,0.0636,0.0476,0.0352,0.0217,0.0134,0.0083,0.0066,0.0051,0.0033,0.0032,0.0037,0.0042,0.0043,0.0044,0.0045,0.0043,0.004,0.0035,0.0025,0.0017,0.0015,0.0015,0.0012,0.0008,0.0005,0.0004,0.0002,0.0001,0.0001,0.0,0.0,0.0,0.0,0.0,0.0,0.0,0.0,0.0,0.0,0.0,0.0,0.0,0.0,0.0,0.0,0.0,0.0,0.0,0.0,0.0
0.6314,0.6261,0.6147,0.603,0.5922,0.5818,0.5801,0.5777,0.5698,0.5673,0.5643,0.5556,0.545,0.5338,0.525,0.5118,0.4968,0.4859,0.4711,0.4569,0.4368,0.413,0.3946,0.3769,0.361,0.3428,0.326,0.3047,0.2772,0.2399,0.218,0.1987,0.1808,0.1613,0.1382,0.1119,0.0835,0.0665,0.0538,0.045,0.0388,0.0355,0.033,0.0306,0.0294,0.0285,0.0277,0.026,0.0239,0.0216,0.02,0.0187,0.0178,0.0164,0.0142,0.0124,0.0111,0.0097,0.0078,0.0073,0.0074,0.0071,0.0062,0.0054,0.0047,0.0036,0.0028,0.0022,0.0015,0.0008,0.0003,0.0001,0.0,0.0,0.0,0.0,0.0,0.0,0.0,0.0,0.0,0.0,0.0,0.0,0.0,0.0,0.0,0.0,0.0,0.0
0.4218,0.4139,0.4084,0.4028,0.3971,0.3892,0.3742,0.365,0.3583,0.3519,0.3503,0.3521,0.3466,0.3377,0.3327,0.3291,0.3225,0.3158,0.308,0.2952,0.2817,0.2705,0.2602,0.2506,0.2369,0.2217,0.2076,0.1968,0.1866,0.1772,0.1651,0.1533,0.1413,0.1273,0.1122,0.1043,0.0993,0.0953,0.0904,0.0858,0.0816,0.0771,0.0726,0.069,0.0662,0.0623,0.0579,0.0546,0.0519,0.0477,0.0425,0.0381,0.0351,0.0317,0.0277,0.0236,0.0203,0.0164,0.0141,0.0115,0.0084,0.0062,0.0044,0.0032,0.0021,0.0016,0.0009,0.0005,0.0002,0.0001,0.0001,0.0004,0.0006,0.0005,0.0006,0.001,0.0012,0.0014,0.0013,0.0012,0.0013,0.0012,0.0012,0.0013,0.0012,0.0016,0.0018,0.002,0.0023,0.0026
0.2046,0.2003,0.1984,0.1986,0.1944,0.1883,0.1796,0.1694,0.1601,0.1532,0.1453,0.1393,0.1337,0.13,0.1276,0.125,0.1224,0.1193,0.1161,0.1131,0.1101,0.107,0.0986,0.0925,0.0904,0.0874,0.0852,0.0846,0.0839,0.0825,0.0796,0.0763,0.0715,0.0671,0.0644,0.0626,0.0611,0.0597,0.058,0.0567,0.0551,0.0527,0.0508,0.0486,0.0466,0.0444,0.0425,0.0411,0.0399,0.0384,0.0369,0.0354,0.0343,0.0325,0.0302,0.0276,0.0253,0.0237,0.0224,0.0214,0.0204,0.0195,0.0197,0.0193,0.0188,0.0184,0.0179,0.0176,0.0172,0.0173,0.0178,0.0177,0.0182,0.0185,0.0191,0.0194,0.0199,0.0206,0.0215,0.0221,0.0231,0.0243,0.025,0.0251,0.0251,0.0258,0.0266,0.0269,0.0265,0.0256
0.1169,0.1154,0.1134,0.1113,0.1087,0.1046,0.0998,0.092,0.088,0.0832,0.0803,0.0771,0.0747,0.0727,0.072,0.0709,0.0698,0.0685,0.0679,0.0669,0.0653,0.0646,0.0637,0.0657,0.0671,0.0678,0.0675,0.0673,0.0663,0.0642,0.0636,0.0629,0.0621,0.0623,0.0635,0.0647,0.0644,0.0634,0.0624,0.0611,0.059,0.0569,0.0558,0.0551,0.054,0.0522,0.0502,0.0492,0.0482,0.0464,0.0449,0.0441,0.0427,0.0412,0.0409,0.0409,0.0408,0.0406,0.0402,0.0395,0.0385,0.0374,0.0366,0.0362,0.0352,0.0344,0.0339,0.0331,0.0324,0.0312,0.0285,0.0268,0.026,0.0247,0.0233,0.0221,0.0204,0.0197,0.019,0.0184,0.0172,0.0152,0.0129,0.0109,0.0095,0.0079,0.0061,0.0041,0.0029,0.0025
0.0818,0.0819,0.0815,0.0816,0.0827,0.0835,0.084,0.0807,0.0772,0.0754,0.0731,0.074,0.0752,0.0753,0.0755,0.0781,0.0796,0.0791,0.0787,0.0784,0.0771,0.0736,0.0704,0.0689,0.0681,0.0659,0.0651,0.0643,0.0647,0.0651,0.064,0.0641,0.0625,0.0596,0.0565,0.0536,0.0521,0.0516,0.0509,0.0502,0.0502,0.0492,0.0472,0.045,0.0432,0.0421,0.0409,0.038,0.0364,0.0355,0.0341,0.0326,0.0312,0.0288,0.023,0.0185,0.016,0.0139,0.0123,0.0114,0.01,0.009,0.008,0.007,0.0065,0.0058,0.0053,0.005,0.0045,0.0032,0.0024,0.0019,0.0014,0.0011,0.0007,0.0004,0.0002,0.0002,0.0001,0.0001,0.0001,0.0,0.0,0.0,0.0,0.0,0.0,0.0,0.0,0.0
0.1025,0.1023,0.1021,0.1021,0.1041,0.1055,0.1043,0.1024,0.0992,0.0951,0.0916,0.0894,0.0894,0.088,0.0864,0.0829,0.0808,0.0801,0.079,0.0775,0.0757,0.0726,0.0679,0.0624,0.0552,0.0488,0.0461,0.0426,0.0402,0.0386,0.0375,0.036,0.0352,0.0345,0.0331,0.0314,0.0297,0.027,0.0247,0.0232,0.0222,0.0212,0.0197,0.0183,0.0159,0.0141,0.0125,0.0105,0.0082,0.0073,0.0065,0.0055,0.0043,0.0033,0.0023,0.0016,0.0011,0.0007,0.0005,0.0004,0.0001,0.0,0.0,0.0,0.0,0.0,0.0,0.0,0.0,0.0,0.0,0.0,0.0,0.0,0.0,0.0,0.0,0.0,0.0,0.0,0.0,0.0,0.0,0.0,0.0,0.0,0.0001,0.0,0.0,0.0
0.1002,0.0991,0.0972,0.096,0.0941,0.0918,0.0907,0.0902,0.0891,0.0858,0.0827,0.0792,0.0759,0.0741,0.0717,0.07,0.0686,0.0671,0.066,0.0649,0.0645,0.0638,0.062,0.06,0.0566,0.0542,0.0513,0.0495,0.0474,0.0466,0.045,0.0428,0.0403,0.0384,0.0362,0.0343,0.0328,0.0314,0.0291,0.0266,0.0244,0.0234,0.0217,0.0198,0.0179,0.0166,0.0154,0.0141,0.0123,0.0107,0.0096,0.0085,0.0073,0.0064,0.0051,0.0043,0.0036,0.0027,0.0021,0.0016,0.0012,0.0008,0.0004,0.0003,0.0001,0.0,0.0,0.0,0.0,0.0,0.0,0.0,0.0,0.0,0.0,0.0,0.0,0.0,0.0,0.0,0.0,0.0,0.0,0.0,0.0,0.0002,0.0003,0.0001,0.0,0.0
0.0705,0.0684,0.0669,0.0652,0.0624,0.0609,0.0603,0.06,0.0597,0.0584,0.0572,0.057,0.0575,0.0569,0.0567,0.0562,0.0557,0.0552,0.0547,0.0543,0.0535,0.0521,0.05,0.0484,0.0444,0.0421,0.0405,0.039,0.0376,0.0362,0.0345,0.0333,0.032,0.0308,0.03,0.0291,0.0281,0.0273,0.0263,0.0256,0.0246,0.0231,0.0219,0.0207,0.0192,0.0178,0.0166,0.0159,0.0149,0.0139,0.013,0.0127,0.0123,0.0121,0.0117,0.0111,0.0104,0.01,0.0094,0.0086,0.0081,0.0078,0.0075,0.0066,0.0062,0.0058,0.0058,0.006,0.0058,0.0056,0.0056,0.0056,0.0057,0.0055,0.0053,0.0049,0.0048,0.0047,0.0045,0.0043,0.0043,0.0042,0.0041,0.0041,0.0041,0.0041,0.0041,0.0041,0.0041,0.0041
0.0837,0.0822,0.0809,0.0789,0.0765,0.0748,0.074,0.0738,0.0726,0.0712,0.0683,0.0659,0.0676,0.0654,0.0642,0.0635,0.0623,0.0607,0.0601,0.0592,0.057,0.0546,0.052,0.0498,0.0469,0.0419,0.0384,0.0362,0.0328,0.0291,0.0272,0.025,0.0228,0.0199,0.0173,0.0152,0.0137,0.0124,0.0113,0.0105,0.0099,0.0094,0.009,0.0087,0.0086,0.0087,0.0085,0.0082,0.0079,0.0075,0.0071,0.0067,0.0062,0.0061,0.0054,0.004,0.0046,0.0043,0.0035,0.0032,0.0027,0.0024,0.0021,0.0012,0.0009,0.0005,0.0001,0.0001,0.0,0.0,0.0,0.0,0.0,0.0,0.0,0.0,0.0,0.0,0.0,0.0,0.0,0.0,0.0,0.0,0.0,0.0,0.0,0.0,0.0,0.0
0.0817,0.0795,0.0774,0.0751,0.0721,0.069,0.0658,0.0631,0.0606,0.0583,0.0563,0.0537,0.0497,0.0471,0.0438,0.0397,0.0359,0.0327,0.0292,0.0266,0.0245,0.0225,0.0203,0.0178,0.0133,0.0102,0.0081,0.0065,0.0047,0.0032,0.0025,0.0022,0.0019,0.0017,0.0017,0.0016,0.0016,0.0015,0.0015,0.0014,0.0013,0.0011,0.0011,0.0011,0.001,0.001,0.0008,0.0007,0.0006,0.0006,0.0006,0.0005,0.0005,0.0003,0.0003,0.0004,0.0001,0.0001,0.0001,0.0,0.0,0.0,0.0,0.0,0.0,0.0,0.0,0.0,0.0,0.0,0.0,0.0,0.0,0.0,0.0,0.0,0.0,0.0,0.0,0.0,0.0,0.0,0.0,0.0,0.0,0.0,0.0,0.0,0.0,0.0
0.0461,0.0418,0.0385,0.0357,0.032,0.0292,0.0263,0.0232,0.0197,0.0163,0.0138,0.0118,0.0099,0.0088,0.0075,0.007,0.0062,0.0055,0.0051,0.0046,0.0042,0.0038,0.0034,0.0034,0.003,0.0027,0.0032,0.0034,0.003,0.0032,0.0035,0.0032,0.0029,0.0023,0.0017,0.001,0.0006,0.0003,0.0001,0.0,0.0,0.0,0.0,0.0,0.0,0.0,0.0,0.0,0.0,0.0,0.0,0.0,0.0,0.0,0.0,0.0,0.0,0.0,0.0,0.0,0.0,0.0,0.0,0.0,0.0,0.0,0.0,0.0,0.0,0.0,0.0,0.0,0.0,0.0,0.0,0.0,0.0,0.0,0.0,0.0,0.0,0.0,0.0,0.0,0.0,0.0,0.0,0.0,0.0,0.0
0.0742,0.071,0.0675,0.0637,0.06,0.0568,0.0549,0.0531,0.0504,0.0476,0.0457,0.0441,0.0419,0.0389,0.0377,0.0368,0.0358,0.0333,0.0327,0.0326,0.0316,0.0301,0.0287,0.0267,0.0247,0.0234,0.0224,0.0211,0.0187,0.0168,0.0169,0.0156,0.0155,0.0169,0.017,0.0152,0.0136,0.0117,0.0108,0.0086,0.0068,0.0059,0.0048,0.0036,0.0034,0.0033,0.0029,0.0026,0.0021,0.0015,0.0014,0.0013,0.0013,0.0008,0.0006,0.0005,0.0003,0.0002,0.0002,0.0002,0.0001,0.0002,0.0006,0.0011,0.0021,0.0032,0.0032,0.0027,0.0019,0.0011,0.0007,0.0011,0.0013,0.0011,0.0011,0.0012,0.0013,0.0012,0.0016,0.0022,0.0029,0.0034,0.004,0.0041,0.0041,0.0054,0.0058,0.0058,0.0057,0.0053
0.1,0.0989,0.0966,0.0932,0.0904,0.0891,0.087,0.0849,0.0842,0.0843,0.0839,0.0859,0.0871,0.0841,0.0831,0.0821,0.083,0.0827,0.0798,0.0789,0.0789,0.0787,0.0772,0.0761,0.0758,0.075,0.0757,0.0752,0.0744,0.0726,0.0711,0.07,0.0674,0.064,0.0625,0.0626,0.0614,0.0609,0.0598,0.0577,0.0554,0.0537,0.0534,0.0521,0.0505,0.0505,0.0487,0.0473,0.0452,0.0424,0.0421,0.0407,0.0403,0.0378,0.0345,0.0337,0.0316,0.0295,0.0299,0.0299,0.0289,0.0281,0.0282,0.0279,0.0273,0.026,0.026,0.0251,0.0231,0.0225,0.0221,0.0225,0.023,0.0242,0.0239,0.0246,0.0241,0.0237,0.0248,0.0259,0.0267,0.0267,0.027,0.0282,0.0289,0.0282,0.028,0.0287,0.0299,0.0293
0.1797,0.179,0.1775,0.1753,0.1741,0.1733,0.1717,0.172,0.173,0.1705,0.168,0.1681,0.1697,0.1676,0.1628,0.1562,0.1514,0.1477,0.1435,0.1404,0.1411,0.1434,0.1448,0.1435,0.1401,0.1361,0.1318,0.1308,0.1292,0.1268,0.1232,0.1211,0.1178,0.1121,0.11,0.1099,0.109,0.1072,0.1068,0.1038,0.0971,0.0912,0.0873,0.0833,0.0808,0.0809,0.0782,0.0748,0.0725,0.0681,0.0668,0.0669,0.0673,0.0671,0.0592,0.0574,0.0553,0.0501,0.0469,0.0473,0.049,0.0513,0.055,0.0543,0.0542,0.053,0.0527,0.0526,0.0518,0.054,0.0558,0.0548,0.0526,0.0516,0.0535,0.0534,0.0543,0.0556,0.055,0.0536,0.0536,0.0531,0.0527,0.054,0.0552,0.0557,0.0541,0.0546,0.0581,0.0597
0.2761,0.2742,0.2679,0.2641,0.2626,0.2566,0.2534,0.25,0.2398,0.2326,0.2269,0.223,0.2245,0.2302,0.2302,0.2265,0.2209,0.2174,0.2153,0.2134,0.2151,0.2168,0.2158,0.2135,0.2107,0.2097,0.2084,0.2048,0.2054,0.2088,0.2091,0.2108,0.2095,0.2027,0.1952,0.1895,0.187,0.1867,0.184,0.1821,0.1816,0.1804,0.1774,0.1758,0.1777,0.1754,0.1721,0.1693,0.1677,0.165,0.1605,0.1587,0.1542,0.1529,0.1502,0.1424,0.1375,0.1347,0.1262,0.1197,0.1129,0.1097,0.1091,0.1049,0.1014,0.0964,0.093,0.0927,0.0936,0.0956,0.0974,0.0973,0.0941,0.092,0.0892,0.0869,0.085,0.0819,0.0803,0.0779,0.0769,0.0782,0.0774,0.0777,0.0777,0.0784,0.0782,0.0777,0.0803,0.0853
0.33,0.3299,0.3307,0.3249,0.318,0.3139,0.3066,0.3026,0.297,0.2934,0.2921,0.286,0.2784,0.274,0.2754,0.273,0.2695,0.267,0.266,0.2643,0.26,0.2539,0.2471,0.2437,0.2442,0.2472,0.2456,0.2449,0.2435,0.2416,0.2419,0.239,0.2355,0.2318,0.2252,0.2179,0.2126,0.2113,0.2086,0.2059,0.2056,0.2047,0.2034,0.2031,0.199,0.193,0.1914,0.19,0.1868,0.1851,0.1827,0.1789,0.1733,0.1687,0.1678,0.1634,0.1577,0.1551,0.1513,0.1461,0.1392,0.1302,0.1239,0.122,0.1199,0.1141,0.1113,0.1123,0.1143,0.1174,0.1157,0.1203,0.1216,0.1203,0.118,0.1146,0.1111,0.1092,0.1077,0.108,0.1045,0.1062,0.1065,0.1045,0.1034,0.1023,0.1017,0.1017,0.0996,0.1034
0.324,0.3209,0.3204,0.3187,0.3132,0.308,0.3008,0.2943,0.2893,0.2833,0.2835,0.2818,0.2726,0.2633,0.2577,0.2594,0.2609,0.2615,0.2603,0.2575,0.2514,0.2431,0.2407,0.2414,0.2421,0.2386,0.2375,0.2363,0.2329,0.2285,0.2218,0.2159,0.2126,0.2115,0.2081,0.2052,0.2018,0.196,0.1911,0.1878,0.1863,0.1874,0.1883,0.1855,0.1812,0.1786,0.1794,0.1801,0.1812,0.1809,0.1782,0.1754,0.1711,0.1665,0.165,0.1635,0.1592,0.1569,0.1563,0.1549,0.1533,0.1481,0.142,0.132,0.1264,0.1253,0.1207,0.1141,0.1154,0.1141,0.1124,0.1043,0.1035,0.1047,0.1052,0.1052,0.1039,0.1026,0.1007,0.0965,0.0928,0.0862,0.0836,0.0804,0.0786,0.0798,0.0827,0.0923,0.0933,0.0905
0.3571,0.3585,0.3589,0.361,0.3627,0.3644,0.3573,0.3433,0.337,0.3314,0.321,0.311,0.3014,0.2927,0.2835,0.2768,0.2726,0.2703,0.2677,0.2635,0.2599,0.2608,0.2614,0.2617,0.26,0.2597,0.2553,0.2526,0.2522,0.2482,0.2442,0.2404,0.2361,0.2333,0.2298,0.2232,0.2165,0.2118,0.2083,0.2035,0.1988,0.1937,0.1879,0.1834,0.1761,0.1714,0.1706,0.166,0.1607,0.1564,0.1522,0.146,0.1396,0.1317,0.1255,0.1212,0.1153,0.1086,0.1054,0.1002,0.0965,0.0928,0.0884,0.0839,0.0768,0.0736,0.0715,0.067,0.0632,0.0579,0.0527,0.0489,0.0495,0.0483,0.0445,0.0405,0.0373,0.0341,0.0315,0.0301,0.0295,0.0267,0.0241,0.0216,0.0211,0.0187,0.0178,0.0197,0.021,0.0173
0.431,0.426,0.4184,0.4097,0.4066,0.4073,0.4066,0.4035,0.3986,0.3958,0.3918,0.3854,0.3754,0.3669,0.3584,0.3514,0.3464,0.3403,0.3349,0.3289,0.3237,0.3177,0.3089,0.3016,0.2957,0.2905,0.2836,0.2741,0.2658,0.2574,0.2477,0.2385,0.2303,0.2237,0.2198,0.2167,0.2122,0.2054,0.1994,0.1922,0.1842,0.1746,0.166,0.1572,0.1481,0.1401,0.1345,0.1308,0.1298,0.1288,0.1282,0.1325,0.1304,0.1217,0.1167,0.1142,0.1107,0.1045,0.0993,0.0952,0.0914,0.0856,0.0834,0.0822,0.0797,0.0746,0.0694,0.0651,0.0638,0.0638,0.0643,0.062,0.0627,0.0663,0.062,0.0669,0.0592,0.0537,0.0528,0.0522,0.0515,0.0536,0.0544,0.0544,0.0583,0.0646,0.0717,0.0581,0.061,0.0636
0.3617,0.3555,0.3538,0.351,0.3471,0.3451,0.3492,0.3488,0.3468,0.3429,0.3371,0.3385,0.3338,0.3277,0.3249,0.3205,0.3172,0.313,0.3097,0.3068,0.3028,0.2962,0.2905,0.2839,0.2772,0.2699,0.2598,0.2508,0.2447,0.239,0.2338,0.2281,0.2248,0.2237,0.2231,0.2215,0.2186,0.2141,0.2117,0.2069,0.1998,0.1934,0.1877,0.1817,0.1751,0.1692,0.163,0.1571,0.1481,0.1399,0.1323,0.127,0.1216,0.117,0.1131,0.1101,0.1075,0.1041,0.1005,0.0982,0.0966,0.0945,0.0891,0.0891,0.0893,0.0851,0.0813,0.0787,0.0776,0.0775,0.0748,0.0691,0.0647,0.061,0.0546,0.0515,0.0491,0.0464,0.0454,0.0466,0.0475,0.0488,0.0503,0.0506,0.0513,0.0526,0.0546,0.0532,0.0536,0.0586
0.4682,0.4603,0.4538,0.4476,0.4404,0.4359,0.435,0.4373,0.4363,0.4311,0.4181,0.4091,0.4047,0.3973,0.3912,0.3822,0.3687,0.3568,0.3489,0.3426,0.336,0.3303,0.3233,0.3123,0.3015,0.289,0.2765,0.2675,0.2602,0.2547,0.2507,0.2437,0.2363,0.228,0.221,0.2153,0.2077,0.1959,0.184,0.1751,0.1659,0.1579,0.1503,0.1438,0.1352,0.1286,0.1177,0.1042,0.0916,0.0806,0.0732,0.0691,0.0669,0.0656,0.0632,0.0605,0.0588,0.0581,0.0551,0.0531,0.052,0.0505,0.05,0.0504,0.0505,0.0495,0.0491,0.0491,0.047,0.0466,0.0452,0.0445,0.0444,0.0439,0.0449,0.0448,0.0447,0.0444,0.0446,0.0458,0.0474,0.048,0.0489,0.0519,0.0528,0.0507,0.0492,0.0476,0.049,0.0472
0.4644,0.463,0.4581,0.4562,0.4552,0.4506,0.4467,0.4476,0.4487,0.4447,0.4393,0.4305,0.4302,0.4285,0.4234,0.425,0.4206,0.4122,0.4015,0.3947,0.3898,0.383,0.3749,0.366,0.3557,0.3457,0.3341,0.3158,0.3025,0.2936,0.284,0.2722,0.2612,0.2495,0.2352,0.2197,0.2071,0.1956,0.1864,0.1764,0.1654,0.1545,0.1437,0.1341,0.1254,0.1176,0.1136,0.1052,0.0976,0.0906,0.0867,0.0864,0.0846,0.0807,0.0768,0.0751,0.0726,0.0698,0.0678,0.068,0.0689,0.0697,0.072,0.072,0.0712,0.0696,0.0683,0.0683,0.0666,0.0662,0.0666,0.0668,0.0645,0.0624,0.0626,0.0611,0.0596,0.0592,0.0582,0.0574,0.0579,0.0582,0.0576,0.0588,0.0581,0.0569,0.0567,0.0556,0.0561,0.0556
0.3303,0.3286,0.3233,0.3183,0.316,0.313,0.3068,0.2983,0.2896,0.2901,0.2942,0.2924,0.2873,0.2882,0.2896,0.2859,0.2862,0.285,0.282,0.2773,0.2731,0.2712,0.2706,0.2678,0.2638,0.2609,0.2612,0.2575,0.2516,0.2437,0.2369,0.2361,0.233,0.2293,0.2222,0.2179,0.2141,0.2081,0.2023,0.1988,0.1963,0.1929,0.1885,0.1831,0.1795,0.1748,0.17,0.1609,0.152,0.1449,0.1403,0.1329,0.1226,0.115,0.1086,0.1,0.0904,0.0814,0.0732,0.0665,0.0597,0.0537,0.0489,0.0476,0.0454,0.0433,0.043,0.0413,0.0408,0.038,0.0356,0.0334,0.0318,0.0295,0.027,0.0261,0.0258,0.0258,0.0263,0.0265,0.027,0.0273,0.0264,0.0238,0.0231,0.0228,0.0229,0.0249,0.0262,0.0264
0.1822,0.1799,0.1789,0.1761,0.1716,0.1683,0.1637,0.1578,0.1538,0.1549,0.1579,0.1573,0.1563,0.1577,0.1573,0.156,0.1553,0.1538,0.1508,0.1459,0.1402,0.1349,0.1315,0.1299,0.1294,0.1288,0.1307,0.1315,0.1304,0.1265,0.1224,0.1193,0.1169,0.112,0.109,0.1061,0.1047,0.1032,0.0992,0.0965,0.0954,0.093,0.09,0.0884,0.0871,0.0849,0.0824,0.0804,0.0784,0.0762,0.0721,0.0694,0.067,0.0627,0.0583,0.0543,0.0493,0.0428,0.0387,0.0377,0.0375,0.0369,0.0344,0.0322,0.0319,0.0304,0.0296,0.0293,0.0293,0.0296,0.0303,0.0315,0.0313,0.0304,0.0302,0.0304,0.0308,0.0313,0.031,0.0307,0.0305,0.0305,0.03,0.0295,0.031,0.0315,0.0324,0.0326,0.0295,0.0284
0.1347,0.1341,0.1335,0.1336,0.134,0.1342,0.1349,0.1347,0.1343,0.1343,0.1342,0.1317,0.128,0.1279,0.1279,0.1258,0.1234,0.1214,0.1205,0.1193,0.1162,0.1135,0.1123,0.1124,0.1129,0.1127,0.112,0.1134,0.1119,0.1102,0.109,0.1087,0.1086,0.1078,0.109,0.1098,0.1095,0.1095,0.1088,0.1069,0.1045,0.1023,0.0998,0.0975,0.0948,0.0922,0.0905,0.0882,0.0855,0.0843,0.084,0.0812,0.0808,0.0803,0.0808,0.0802,0.0782,0.0775,0.0778,0.075,0.0706,0.068,0.0667,0.067,0.0642,0.0636,0.0628,0.0612,0.06,0.0606,0.0599,0.0584,0.0577,0.0564,0.0545,0.0532,0.052,0.0515,0.0511,0.0508,0.0502,0.0499,0.0504,0.0505,0.0479,0.0456,0.0436,0.045,0.0471,0.0462
0.124,0.124,0.1255,0.1266,0.1278,0.1271,0.1262,0.1258,0.124,0.1222,0.1237,0.1238,0.122,0.1194,0.1172,0.1148,0.1134,0.1136,0.1123,0.1102,0.1075,0.1055,0.1038,0.1015,0.0991,0.0972,0.0953,0.0967,0.0953,0.0932,0.0917,0.09,0.0881,0.0854,0.0835,0.0807,0.0778,0.0754,0.0733,0.0721,0.0698,0.0667,0.0642,0.061,0.0579,0.056,0.0539,0.0518,0.0493,0.0472,0.0468,0.0456,0.0431,0.0432,0.0436,0.044,0.0439,0.0437,0.0432,0.0425,0.0406,0.0386,0.0381,0.0372,0.036,0.035,0.0344,0.0321,0.03,0.0297,0.0275,0.0253,0.0239,0.023,0.0218,0.0208,0.0193,0.0185,0.0173,0.0163,0.0163,0.0159,0.0153,0.0151,0.0137,0.0122,0.0111,0.0108,0.0117,0.0112
0.1211,0.1102,0.1017,0.095,0.0884,0.0842,0.0811,0.0782,0.0765,0.0746,0.0704,0.0676,0.0654,0.0625,0.0586,0.0563,0.055,0.0547,0.0548,0.0547,0.0542,0.0531,0.0507,0.0486,0.0473,0.0466,0.0462,0.0439,0.0415,0.0401,0.0384,0.0348,0.0293,0.0239,0.0195,0.0161,0.0131,0.0113,0.0097,0.0077,0.0057,0.0042,0.0025,0.0012,0.0005,0.0003,0.0002,0.0001,0.0,0.0,0.0,0.0,0.0,0.0,0.0,0.0,0.0001,0.0001,0.0002,0.0002,0.0,0.0,0.0,0.0,0.0,0.0,0.0,0.0,0.0,0.0,0.0,0.0,0.0,0.0,0.0,0.0,0.0,0.0,0.0,0.0,0.0,0.0,0.0,0.0,0.0,0.0,0.0,0.0,0.0,0.0
0.0265,0.0231,0.0205,0.0187,0.0175,0.0165,0.0153,0.0138,0.0124,0.0116,0.0109,0.0094,0.0082,0.007,0.0061,0.0056,0.005,0.0046,0.0041,0.0034,0.0029,0.0026,0.0025,0.0023,0.0022,0.002,0.0017,0.0015,0.0014,0.0011,0.001,0.0009,0.0008,0.0006,0.0005,0.0003,0.0002,0.0001,0.0001,0.0,0.0,0.0,0.0,0.0,0.0,0.0,0.0,0.0,0.0,0.0,0.0,0.0,0.0,0.0,0.0,0.0,0.0,0.0,0.0,0.0,0.0,0.0,0.0,0.0,0.0,0.0,0.0,0.0,0.0,0.0,0.0,0.0,0.0,0.0,0.0,0.0,0.0,0.0,0.0,0.0,0.0,0.0,0.0,0.0,0.0,0.0,0.0,0.0,0.0,0.0
0.0414,0.0411,0.0412,0.0413,0.041,0.0404,0.0398,0.0393,0.039,0.0388,0.0386,0.0383,0.0379,0.0376,0.0375,0.0375,0.0376,0.0376,0.0374,0.037,0.0367,0.0364,0.0363,0.0363,0.0359,0.0357,0.0356,0.0355,0.0354,0.0355,0.0348,0.0344,0.0343,0.0342,0.034,0.0338,0.0338,0.0337,0.0334,0.0332,0.033,0.0329,0.0327,0.032,0.031,0.0306,0.0321,0.0328,0.0316,0.0304,0.0299,0.0303,0.0306,0.0308,0.0306,0.0295,0.0278,0.0258,0.024,0.0229,0.0226,0.022,0.0217,0.0211,0.0194,0.0156,0.0153,0.0152,0.0149,0.0155,0.0181,0.0179,0.0186,0.0179,0.0172,0.0176,0.0176,0.018,0.0181,0.0181,0.0177,0.0168,0.016,0.0164,0.0177,0.018,0.0177,0.0177,0.0181,0.0163
0.5872,0.5862,0.5847,0.5824,0.5789,0.5761,0.5737,0.5738,0.574,0.5724,0.573,0.5742,0.5723,0.5728,0.5704,0.5667,0.5634,0.5579,0.5525,0.5494,0.5485,0.5513,0.5506,0.5444,0.5382,0.5364,0.5379,0.5371,0.5373,0.5445,0.5468,0.5433,0.5416,0.5423,0.5401,0.5365,0.5267,0.518,0.5221,0.5296,0.5299,0.5242,0.5119,0.499,0.4958,0.498,0.5093,0.5211,0.5194,0.5138,0.508,0.5082,0.5037,0.4962,0.4888,0.474,0.4647,0.4599,0.4496,0.4391,0.433,0.4265,0.4171,0.4145,0.4027,0.3853,0.3711,0.3607,0.352,0.3446,0.3496,0.3502,0.3407,0.3278,0.3267,0.3259,0.3176,0.3116,0.3095,0.3061,0.2984,0.2919,0.287,0.2868,0.2909,0.3021,0.3131,0.3139,0.3207,0.3213
0.7024,0.7108,0.7153,0.7155,0.7116,0.7039,0.7002,0.695,0.6865,0.6726,0.6621,0.6541,0.6505,0.646,0.6444,0.6419,0.6368,0.6306,0.6281,0.6267,0.6228,0.6202,0.6245,0.6292,0.6305,0.6283,0.6275,0.6279,0.6282,0.623,0.617,0.613,0.6126,0.6111,0.6095,0.6026,0.5961,0.5856,0.5787,0.5802,0.5809,0.5807,0.5785,0.5715,0.5649,0.558,0.5574,0.5487,0.533,0.522,0.5069,0.4956,0.49,0.4833,0.4791,0.4723,0.4627,0.4557,0.451,0.444,0.4393,0.4388,0.4352,0.431,0.4304,0.4303,0.4184,0.4041,0.398,0.3938,0.3902,0.3802,0.3734,0.3638,0.353,0.3397,0.3278,0.324,0.3182,0.3129,0.3102,0.3071,0.3056,0.3057,0.3037,0.3024,0.3065,0.3164,0.3183,0.3286
0.695,0.7022,0.7094,0.7065,0.7082,0.7082,0.7081,0.7065,0.6987,0.6889,0.6792,0.6765,0.6742,0.6704,0.6682,0.6644,0.6594,0.6572,0.6599,0.6612,0.6579,0.6495,0.6476,0.6479,0.6458,0.6435,0.6427,0.6421,0.6405,0.627,0.6147,0.6162,0.6142,0.6054,0.5996,0.5959,0.59,0.5818,0.5696,0.5629,0.5578,0.5536,0.5526,0.5476,0.5367,0.5258,0.5085,0.4904,0.4807,0.4675,0.4483,0.428,0.4139,0.4081,0.4013,0.4017,0.3944,0.3856,0.3823,0.3753,0.3701,0.3661,0.3608,0.3522,0.3516,0.3489,0.339,0.3295,0.3228,0.3145,0.2989,0.2849,0.2777,0.2645,0.2521,0.2422,0.2251,0.2101,0.2005,0.1891,0.1839,0.1775,0.1718,0.1685,0.1659,0.16,0.1552,0.1571,0.1543,0.1506
0.5825,0.5802,0.5857,0.5901,0.5926,0.5933,0.5932,0.596,0.5989,0.5986,0.5968,0.6002,0.5992,0.5956,0.5914,0.59,0.588,0.5859,0.582,0.5731,0.5675,0.5613,0.5515,0.5452,0.5397,0.5295,0.519,0.5156,0.5052,0.4888,0.4841,0.4781,0.468,0.4607,0.4531,0.4477,0.4443,0.4388,0.4254,0.4091,0.3957,0.3855,0.3794,0.3741,0.3663,0.354,0.3402,0.3254,0.3179,0.3116,0.3029,0.2938,0.2826,0.2715,0.2593,0.2526,0.2484,0.2358,0.2221,0.2147,0.2087,0.1999,0.1923,0.1822,0.1659,0.1568,0.1495,0.147,0.1334,0.1267,0.1171,0.1084,0.1001,0.0919,0.0889,0.0862,0.0859,0.0774,0.0703,0.0631,0.0553,0.0501,0.0471,0.0458,0.0442,0.0408,0.0385,0.0373,0.0371,0.0328
0.5221,0.5152,0.5007,0.4909,0.4891,0.4877,0.484,0.4809,0.4773,0.4736,0.4675,0.4611,0.4598,0.4524,0.4482,0.4466,0.4441,0.438,0.4345,0.4319,0.4337,0.4353,0.4272,0.4229,0.416,0.4055,0.3916,0.3767,0.3583,0.3539,0.3479,0.3324,0.3121,0.2933,0.2737,0.2564,0.2473,0.2428,0.234,0.2188,0.1986,0.1819,0.1648,0.1529,0.1402,0.1314,0.1197,0.1064,0.0894,0.0795,0.0744,0.0619,0.0542,0.0469,0.0385,0.0318,0.0285,0.0285,0.0238,0.0195,0.0168,0.0133,0.0105,0.0086,0.0053,0.0025,0.0014,0.0007,0.0,0.0,0.0,0.0,0.0,0.0,0.0,0.0,0.0,0.0,0.0,0.0,0.0,0.0,0.0,0.0,0.0,0.0,0.0,0.0,0.0,0.0
0.4586,0.4446,0.4332,0.4202,0.409,0.4011,0.394,0.3853,0.3802,0.3734,0.3648,0.348,0.3356,0.3281,0.3188,0.3092,0.3018,0.2899,0.2768,0.2649,0.2517,0.245,0.2346,0.2185,0.2122,0.2052,0.1946,0.1804,0.174,0.1678,0.1586,0.1471,0.1402,0.1319,0.1248,0.1188,0.1135,0.1082,0.1032,0.0965,0.0908,0.0829,0.0757,0.068,0.0587,0.0494,0.0408,0.0326,0.0238,0.0181,0.0156,0.0091,0.0081,0.0042,0.0018,0.0003,0.0,0.0,0.0,0.0,0.0,0.0,0.0,0.0,0.0,0.0,0.0001,0.0001,0.0001,0.0,0.0001,0.0,0.0,0.0,0.0,0.0,0.0,0.0,0.0,0.0,0.0,0.0,0.0,0.0,0.0,0.0,0.0,0.0,0.0,0.0
