0.517,0.5028,0.4888,0.4712,0.4562,0.4418,0.4294,0.4139,0.3974,0.3897,0.3856,0.3804,0.3739,0.3607,0.3432,0.3218,0.3059,0.2954,0.2851,0.2782,0.2656,0.2507,0.2369,0.2248,0.2101,0.1961,0.1837,0.1789,0.1648,0.1479,0.1342,0.1239,0.1123,0.0987,0.0879,0.0784,0.0684,0.0601,0.0535,0.0458,0.0383,0.0299,0.0233,0.0168,0.0122,0.01,0.008,0.0066,0.0056,0.0046,0.0036,0.0027,0.0018,0.0011,0.0009,0.0008,0.0005,0.0009,0.0009,0.0008,0.0003,0.0,0.0,0.0,0.0,0.0,0.0,0.0,0.0,0.0,0.0,0.0,0.0,0.0,0.0,0.0,0.0,0.0,0.0,0.0,0.0,0.0,0.0,0.0,0.0,0.0,0.0,0.0,0.0,0.0
0.6108,0.6042,0.5922,0.5813,0.5711,0.5614,0.5525,0.545,0.5304,0.5133,0.4962,0.4853,0.4777,0.4719,0.4581,0.4426,0.4244,0.4066,0.39,0.3763,0.3642,0.3494,0.331,0.3113,0.2952,0.2751,0.2554,0.2434,0.23,0.2053,0.1833,0.1579,0.1329,0.1047,0.0769,0.0581,0.0419,0.0313,0.0262,0.023,0.0221,0.0201,0.0198,0.0193,0.0185,0.0179,0.0177,0.0173,0.0165,0.0155,0.0152,0.0153,0.0153,0.0145,0.0127,0.0105,0.0081,0.0073,0.0064,0.0043,0.0025,0.002,0.0016,0.0016,0.0016,0.0015,0.0013,0.0012,0.0007,0.0003,0.0001,0.0,0.0,0.0,0.0,0.0,0.0,0.0,0.0,0.0,0.0,0.0,0.0,0.0,0.0,0.0,0.0,0.0,0.0,0.0
0.4078,0.3994,0.3937,0.3871,0.3763,0.3661,0.3572,0.3508,0.3475,0.336,0.3249,0.3135,0.3094,0.3088,0.3122,0.3135,0.3102,0.3031,0.2992,0.2962,0.2897,0.2819,0.2751,0.2675,0.2582,0.2482,0.2364,0.2276,0.2197,0.2099,0.2,0.1878,0.1741,0.1589,0.1411,0.1239,0.1073,0.0956,0.0865,0.0804,0.0773,0.0755,0.0721,0.0646,0.0574,0.0511,0.0463,0.0408,0.0348,0.0301,0.0262,0.024,0.0201,0.0162,0.0129,0.0097,0.0074,0.0056,0.0039,0.0026,0.0016,0.0008,0.0003,0.0001,0.0,0.0,0.0,0.0,0.0,0.0,0.0,0.0,0.0,0.0,0.0,0.0,0.0,0.0003,0.0006,0.0005,0.0004,0.0004,0.0005,0.0004,0.0002,0.0002,0.0001,0.0001,0.0002,0.0004
0.2177,0.2134,0.2129,0.2139,0.2124,0.2082,0.2028,0.198,0.1949,0.1919,0.1847,0.1779,0.1752,0.1755,0.1733,0.1736,0.1719,0.1666,0.1616,0.1588,0.156,0.1506,0.1427,0.1369,0.133,0.1266,0.1204,0.1153,0.1095,0.1047,0.0996,0.0944,0.0888,0.0826,0.0783,0.0751,0.0709,0.0666,0.0612,0.0562,0.0495,0.0414,0.0342,0.0305,0.0286,0.0267,0.0256,0.0245,0.0237,0.0227,0.0218,0.0214,0.0205,0.0198,0.0196,0.0193,0.0188,0.018,0.0178,0.0171,0.0166,0.0158,0.015,0.0141,0.0129,0.0117,0.0109,0.0104,0.0099,0.0094,0.0091,0.0087,0.0083,0.0081,0.0077,0.007,0.0066,0.0064,0.0062,0.0062,0.0062,0.0062,0.0062,0.0061,0.0057,0.0055,0.0055,0.0056,0.006,0.0064
0.1059,0.104,0.1015,0.1002,0.0981,0.096,0.0918,0.0878,0.0853,0.0835,0.0797,0.0759,0.0733,0.0718,0.0696,0.0659,0.0622,0.0585,0.0565,0.0575,0.0549,0.0521,0.0503,0.0493,0.0476,0.046,0.0448,0.0457,0.0455,0.0442,0.0425,0.0413,0.0401,0.0395,0.0388,0.0378,0.0367,0.0349,0.0337,0.0331,0.0324,0.0332,0.0337,0.0339,0.0343,0.0336,0.0327,0.0336,0.0345,0.0332,0.0314,0.0304,0.0297,0.029,0.028,0.0269,0.0262,0.0257,0.0251,0.0248,0.0254,0.0255,0.0251,0.0254,0.0254,0.0256,0.0252,0.0257,0.026,0.0258,0.0253,0.0248,0.0243,0.0231,0.0223,0.0212,0.0205,0.0198,0.0193,0.0188,0.018,0.0173,0.0156,0.0134,0.0121,0.0115,0.0106,0.0093,0.0081,0.0069
0.0813,0.0815,0.0815,0.0809,0.0817,0.0811,0.0795,0.0766,0.0744,0.0752,0.0755,0.0739,0.0728,0.0731,0.0734,0.0727,0.0717,0.0697,0.0656,0.064,0.065,0.0652,0.0632,0.0645,0.0657,0.0661,0.0636,0.062,0.0616,0.0622,0.0628,0.0625,0.0612,0.0601,0.0603,0.0597,0.0589,0.0579,0.0553,0.053,0.0521,0.0509,0.0488,0.0492,0.0487,0.0488,0.0475,0.0464,0.0422,0.0414,0.0411,0.0399,0.0371,0.0349,0.0332,0.0319,0.0305,0.0292,0.0275,0.0251,0.0223,0.0194,0.0174,0.0153,0.0139,0.0121,0.0112,0.0088,0.0057,0.0042,0.0034,0.0028,0.0024,0.0016,0.0011,0.0008,0.0005,0.0002,0.0001,0.0001,0.0,0.0,0.0,0.0,0.0,0.0,0.0,0.0,0.0,0.0
0.1077,0.1074,0.1076,0.1072,0.1068,0.1069,0.107,0.1056,0.1043,0.1043,0.1036,0.1028,0.1015,0.1007,0.0998,0.0988,0.0979,0.097,0.0959,0.092,0.0897,0.0888,0.0878,0.0865,0.0851,0.0835,0.0818,0.0788,0.0759,0.0729,0.07,0.0669,0.0647,0.0614,0.0577,0.0552,0.0532,0.0514,0.0498,0.0473,0.044,0.0389,0.0344,0.0298,0.0248,0.0218,0.0201,0.0154,0.0107,0.0081,0.0062,0.0041,0.0024,0.0015,0.0009,0.0005,0.0002,0.0001,0.0,0.0,0.0,0.0,0.0,0.0,0.0,0.0,0.0,0.0,0.0,0.0,0.0,0.0,0.0,0.0,0.0,0.0,0.0,0.0,0.0,0.0,0.0,0.0,0.0,0.0,0.0,0.0,0.0,0.0,0.0,0.0
0.0985,0.098,0.0966,0.0953,0.0944,0.0943,0.0936,0.0928,0.0915,0.0887,0.0873,0.0866,0.0851,0.084,0.0835,0.0829,0.0825,0.0814,0.0796,0.0767,0.0743,0.0729,0.0713,0.0699,0.0665,0.0648,0.0633,0.0605,0.0577,0.0546,0.0528,0.0516,0.0499,0.0482,0.0466,0.045,0.0434,0.0418,0.0394,0.0377,0.0351,0.0326,0.0298,0.0276,0.0255,0.024,0.0215,0.0193,0.0201,0.0204,0.0201,0.0193,0.0185,0.0178,0.0174,0.0166,0.0157,0.0146,0.0135,0.0124,0.0112,0.0102,0.0093,0.0083,0.0073,0.0066,0.0061,0.0053,0.0046,0.0043,0.0038,0.0028,0.0022,0.0016,0.0014,0.001,0.0005,0.0002,0.0,0.0,0.0,0.0,0.0,0.0,0.0,0.0,0.0,0.0,0.0,0.0
0.0697,0.0676,0.0659,0.0642,0.0638,0.0633,0.0629,0.0626,0.0623,0.0626,0.0622,0.0618,0.0617,0.0616,0.0616,0.0615,0.0614,0.061,0.0612,0.0606,0.059,0.058,0.0563,0.0548,0.0542,0.0511,0.0504,0.0495,0.0481,0.0482,0.0478,0.0472,0.0462,0.0456,0.0447,0.0434,0.0421,0.0411,0.0397,0.0387,0.038,0.0366,0.0355,0.0334,0.0314,0.0292,0.0283,0.0273,0.0243,0.0222,0.0199,0.0179,0.0166,0.0156,0.0151,0.0149,0.0149,0.0145,0.0139,0.0136,0.0126,0.0116,0.0111,0.0108,0.0097,0.0091,0.0082,0.0076,0.0067,0.0059,0.0053,0.0047,0.0045,0.0043,0.0042,0.0041,0.0041,0.0041,0.0041,0.0041,0.0041,0.0041,0.0041,0.0041,0.0041,0.0041,0.0041,0.0041,0.0041,0.0041
0.0854,0.0843,0.0829,0.0815,0.0797,0.0789,0.0789,0.0781,0.0777,0.0768,0.0759,0.0749,0.0745,0.0743,0.0744,0.0757,0.0754,0.0738,0.0722,0.0711,0.069,0.0666,0.0645,0.0623,0.061,0.059,0.0555,0.0529,0.0502,0.0487,0.0478,0.0446,0.0423,0.0401,0.0376,0.0352,0.0329,0.0304,0.0285,0.0269,0.0256,0.0242,0.023,0.0214,0.0197,0.0183,0.0167,0.0146,0.0136,0.0133,0.0126,0.0113,0.0101,0.0089,0.0079,0.0065,0.0053,0.004,0.0026,0.0016,0.001,0.0006,0.0003,0.0001,0.0,0.0,0.0,0.0,0.0,0.0,0.0,0.0,0.0,0.0,0.0,0.0,0.0,0.0,0.0,0.0,0.0,0.0,0.0,0.0,0.0,0.0,0.0,0.0,0.0,0.0
0.0899,0.0876,0.0855,0.0835,0.0803,0.0769,0.0739,0.0716,0.0685,0.0646,0.0612,0.0582,0.0548,0.0513,0.0472,0.0393,0.0328,0.0292,0.0262,0.0238,0.0222,0.0206,0.0186,0.0168,0.0145,0.0129,0.0121,0.0101,0.0093,0.0083,0.0064,0.0043,0.0031,0.0024,0.0019,0.0013,0.001,0.0009,0.0008,0.0007,0.0006,0.0005,0.0004,0.0004,0.0004,0.0003,0.0003,0.0003,0.0002,0.0002,0.0001,0.0001,0.0001,0.0001,0.0001,0.0,0.0,0.0,0.0,0.0,0.0,0.0,0.0,0.0,0.0,0.0,0.0,0.0,0.0,0.0,0.0,0.0,0.0,0.0,0.0,0.0,0.0,0.0,0.0,0.0,0.0,0.0,0.0,0.0,0.0,0.0,0.0,0.0,0.0,0.0
0.0553,0.0511,0.0475,0.0448,0.0409,0.0372,0.0343,0.0295,0.0253,0.0218,0.0185,0.0162,0.0143,0.0123,0.0102,0.0093,0.0079,0.0079,0.0074,0.0069,0.0064,0.0057,0.0052,0.0047,0.005,0.0042,0.0034,0.0026,0.0019,0.0013,0.0007,0.0003,0.0001,0.0,0.0,0.0,0.0,0.0,0.0,0.0,0.0,0.0,0.0,0.0,0.0,0.0,0.0,0.0,0.0,0.0,0.0,0.0,0.0,0.0,0.0,0.0,0.0,0.0,0.0,0.0,0.0,0.0,0.0,0.0,0.0,0.0,0.0,0.0,0.0,0.0,0.0,0.0,0.0,0.0,0.0,0.0,0.0,0.0,0.0,0.0,0.0,0.0,0.0,0.0,0.0,0.0,0.0,0.0,0.0,0.0
0.072,0.0687,0.065,0.0611,0.057,0.053,0.0494,0.0467,0.0443,0.0423,0.0396,0.0379,0.037,0.0361,0.0334,0.0324,0.0317,0.0302,0.0302,0.0282,0.027,0.0255,0.024,0.0226,0.0208,0.0187,0.0167,0.015,0.0136,0.0128,0.0115,0.0102,0.0095,0.0086,0.0077,0.0072,0.0074,0.0075,0.0075,0.0073,0.0072,0.0067,0.0068,0.0072,0.0075,0.0069,0.0059,0.0058,0.0066,0.0073,0.0061,0.0056,0.0054,0.0053,0.005,0.0048,0.0051,0.0052,0.0051,0.0058,0.0061,0.0068,0.0069,0.0067,0.0065,0.0061,0.0057,0.0054,0.0052,0.0051,0.0054,0.0055,0.0053,0.0052,0.0056,0.0059,0.0056,0.006,0.006,0.0064,0.0068,0.0067,0.0069,0.0076,0.008,0.0079,0.0088,0.0092,0.0096,0.01
0.0903,0.0899,0.0875,0.0846,0.082,0.0798,0.0759,0.0739,0.0712,0.0693,0.0686,0.0683,0.0676,0.0671,0.0664,0.064,0.062,0.0625,0.0611,0.0629,0.0602,0.0592,0.0587,0.0586,0.059,0.0596,0.0603,0.0617,0.0613,0.0613,0.0617,0.0615,0.0605,0.06,0.0595,0.0591,0.0582,0.0566,0.0559,0.0556,0.0557,0.0568,0.0577,0.0568,0.056,0.0553,0.0537,0.0531,0.0535,0.0517,0.0508,0.051,0.0519,0.0525,0.0525,0.0516,0.0515,0.0512,0.0501,0.0493,0.0466,0.0422,0.0394,0.0377,0.0367,0.0357,0.0356,0.0356,0.0361,0.0361,0.0365,0.0374,0.0375,0.0375,0.0369,0.0357,0.0361,0.0368,0.0374,0.0382,0.0391,0.039,0.0382,0.0378,0.0365,0.0363,0.0358,0.0354,0.0357,0.0369
0.1657,0.165,0.1641,0.1628,0.1618,0.1603,0.1604,0.1607,0.1575,0.1558,0.1546,0.1533,0.1508,0.1478,0.1466,0.1417,0.135,0.1292,0.1301,0.1311,0.1302,0.1291,0.1275,0.1255,0.1259,0.1259,0.1276,0.1275,0.1283,0.1279,0.1261,0.1243,0.1229,0.12,0.1155,0.1109,0.1055,0.103,0.1041,0.1048,0.1037,0.106,0.1054,0.1039,0.1034,0.1014,0.1003,0.0974,0.0943,0.091,0.0893,0.0889,0.0882,0.0864,0.0857,0.0841,0.0805,0.0794,0.0762,0.0742,0.0734,0.0725,0.0706,0.0699,0.0688,0.0671,0.0668,0.0659,0.0655,0.0657,0.0636,0.0625,0.0615,0.0597,0.0567,0.0558,0.056,0.0563,0.0566,0.0562,0.0558,0.0557,0.0559,0.056,0.0551,0.0554,0.0571,0.0574,0.0562,0.0554
0.2794,0.2777,0.2717,0.2662,0.2637,0.2591,0.2531,0.2451,0.2425,0.2419,0.2432,0.2432,0.2414,0.2373,0.2323,0.2303,0.2274,0.2258,0.222,0.2146,0.2074,0.2039,0.1983,0.1922,0.1868,0.1847,0.1855,0.1822,0.1785,0.1752,0.1706,0.1666,0.165,0.1635,0.16,0.1562,0.1511,0.1461,0.1446,0.1432,0.1382,0.1328,0.1282,0.1225,0.1196,0.116,0.1128,0.1126,0.1099,0.107,0.1043,0.0998,0.0974,0.0953,0.0941,0.0931,0.0917,0.0886,0.0875,0.0833,0.0809,0.0764,0.0752,0.0715,0.069,0.0684,0.0662,0.0644,0.0626,0.0614,0.0599,0.0576,0.0563,0.0563,0.0559,0.0541,0.0542,0.0525,0.0528,0.0535,0.0512,0.0449,0.0404,0.038,0.0362,0.0338,0.0299,0.0268,0.0271,0.0256
0.3299,0.3302,0.3301,0.3246,0.3207,0.3163,0.3096,0.2999,0.2942,0.2945,0.2933,0.2918,0.2912,0.2859,0.278,0.2746,0.2732,0.2707,0.2653,0.2604,0.2517,0.2425,0.2393,0.2313,0.2187,0.2085,0.198,0.1921,0.1874,0.183,0.1796,0.1748,0.1694,0.1678,0.1666,0.1602,0.1528,0.1452,0.1391,0.1351,0.1294,0.121,0.119,0.1162,0.1159,0.1151,0.1097,0.1082,0.1039,0.1,0.096,0.0917,0.0907,0.0876,0.0838,0.0791,0.0766,0.0729,0.071,0.0683,0.0635,0.0591,0.0576,0.055,0.0496,0.0478,0.0451,0.0413,0.0376,0.036,0.0354,0.0324,0.0301,0.0285,0.0281,0.0262,0.0236,0.022,0.0203,0.0198,0.0185,0.0172,0.0161,0.016,0.0156,0.015,0.0143,0.0135,0.0132,0.0128
0.3213,0.3171,0.3156,0.3143,0.3078,0.3018,0.2955,0.2885,0.2828,0.2791,0.2777,0.2782,0.2788,0.2793,0.2776,0.2726,0.2709,0.2704,0.2643,0.2597,0.2542,0.2527,0.2512,0.2487,0.2415,0.2336,0.2242,0.2138,0.206,0.1993,0.1975,0.1937,0.1877,0.1872,0.1902,0.1874,0.1819,0.1768,0.1717,0.1679,0.1653,0.1595,0.156,0.1535,0.1473,0.145,0.1429,0.1369,0.1344,0.131,0.1275,0.1253,0.1227,0.1177,0.1139,0.1101,0.1035,0.1009,0.0959,0.0919,0.0885,0.0843,0.0832,0.0824,0.0788,0.0755,0.0729,0.0716,0.0703,0.0702,0.0702,0.0676,0.0669,0.0668,0.0649,0.0629,0.061,0.0595,0.062,0.067,0.0734,0.076,0.0759,0.0792,0.0818,0.0828,0.0837,0.0827,0.0817,0.0828
0.354,0.3543,0.3534,0.3538,0.3509,0.3481,0.3422,0.3401,0.3355,0.331,0.3306,0.331,0.3317,0.3308,0.326,0.3198,0.3183,0.3228,0.3219,0.316,0.3081,0.3043,0.299,0.2971,0.294,0.288,0.2857,0.2792,0.2718,0.2665,0.266,0.2626,0.256,0.2486,0.2442,0.2361,0.2324,0.2332,0.2355,0.236,0.2335,0.228,0.2209,0.2167,0.2119,0.2084,0.2054,0.2021,0.2006,0.1982,0.1973,0.1937,0.1918,0.1887,0.1857,0.1847,0.1806,0.1762,0.174,0.1709,0.1681,0.1652,0.1615,0.1606,0.1593,0.1565,0.1506,0.1493,0.1473,0.1454,0.146,0.1455,0.1448,0.1457,0.146,0.1444,0.1438,0.1423,0.14,0.1383,0.1393,0.1415,0.1417,0.1405,0.1429,0.1452,0.1464,0.1461,0.145,0.1425
0.4243,0.4203,0.4143,0.4081,0.4075,0.4082,0.4078,0.4023,0.4005,0.3928,0.3814,0.3705,0.3581,0.3552,0.354,0.3514,0.344,0.3319,0.3248,0.3183,0.3157,0.3103,0.2989,0.2901,0.292,0.2907,0.2905,0.2941,0.2951,0.2926,0.2852,0.2797,0.2743,0.2662,0.2553,0.2517,0.2472,0.2459,0.2449,0.2396,0.2344,0.2302,0.2215,0.2166,0.2121,0.2048,0.2014,0.1981,0.1952,0.1933,0.19,0.1867,0.1837,0.1808,0.1771,0.1746,0.1754,0.1728,0.1704,0.1676,0.1643,0.1607,0.156,0.1527,0.1526,0.1504,0.1488,0.1447,0.1433,0.1397,0.1363,0.1352,0.1303,0.1262,0.1258,0.1261,0.1268,0.1273,0.1258,0.1228,0.1199,0.1185,0.1199,0.1204,0.1207,0.1244,0.1258,0.1206,0.1156,0.1144
0.3597,0.3539,0.3502,0.3457,0.3414,0.339,0.3397,0.3365,0.3344,0.3279,0.3201,0.3108,0.299,0.2906,0.2927,0.2888,0.2821,0.2756,0.2689,0.2646,0.2629,0.2574,0.2547,0.2489,0.2459,0.2448,0.2397,0.2372,0.2355,0.2311,0.2241,0.2197,0.2159,0.2086,0.2046,0.2033,0.2007,0.1916,0.1808,0.1724,0.1657,0.1617,0.1624,0.1604,0.1558,0.1489,0.1449,0.143,0.1361,0.1286,0.1225,0.1163,0.1091,0.1032,0.0977,0.0937,0.0902,0.0867,0.0835,0.0811,0.0748,0.0693,0.0653,0.0594,0.0567,0.0559,0.0574,0.0575,0.0567,0.0537,0.0484,0.0468,0.0471,0.0439,0.0424,0.0438,0.043,0.0417,0.0403,0.0378,0.0334,0.0288,0.0274,0.0277,0.0258,0.0222,0.0188,0.0166,0.0157,0.016
0.4423,0.4344,0.4297,0.4235,0.4173,0.4135,0.4116,0.4117,0.4063,0.403,0.3926,0.3819,0.369,0.3575,0.3472,0.3413,0.3349,0.3219,0.3086,0.298,0.293,0.2896,0.2798,0.2679,0.2593,0.2566,0.2536,0.2529,0.2535,0.2497,0.2447,0.2426,0.2396,0.2312,0.2196,0.2048,0.1938,0.1864,0.1751,0.1638,0.1559,0.1497,0.1443,0.1374,0.1261,0.1167,0.1086,0.1019,0.095,0.0896,0.0816,0.0749,0.0686,0.0638,0.0599,0.0531,0.0473,0.0419,0.0348,0.0288,0.0247,0.0195,0.015,0.0124,0.0111,0.0098,0.0083,0.0077,0.0074,0.007,0.0064,0.0059,0.005,0.0045,0.0042,0.0043,0.0047,0.0047,0.0043,0.0039,0.0036,0.0043,0.0046,0.0047,0.0045,0.0042,0.0043,0.0043,0.0039,0.0037
0.4371,0.4342,0.4277,0.4258,0.4241,0.4207,0.4185,0.4174,0.4166,0.4128,0.4101,0.4043,0.3984,0.388,0.3834,0.38,0.3758,0.3707,0.3635,0.3553,0.3493,0.3422,0.3368,0.3296,0.3168,0.3038,0.2904,0.2779,0.2661,0.2509,0.2367,0.2247,0.2151,0.2055,0.1985,0.1866,0.1748,0.1596,0.1489,0.1352,0.1251,0.1147,0.1063,0.0955,0.0833,0.0755,0.0719,0.0701,0.068,0.0654,0.0624,0.0595,0.0574,0.055,0.0517,0.0501,0.0491,0.0467,0.0435,0.0411,0.0368,0.0354,0.0344,0.033,0.0325,0.0324,0.0317,0.0304,0.0299,0.0301,0.0291,0.0284,0.0267,0.0246,0.0228,0.0221,0.022,0.0225,0.0226,0.0216,0.0206,0.0231,0.0256,0.0244,0.0237,0.0231,0.0216,0.0188,0.0172,0.0163
0.3204,0.3179,0.3142,0.3112,0.3093,0.3068,0.3052,0.3045,0.3042,0.3047,0.307,0.3062,0.3114,0.3115,0.3086,0.3062,0.3023,0.302,0.304,0.3026,0.2985,0.2948,0.2956,0.2953,0.2932,0.2873,0.2803,0.2711,0.2615,0.252,0.2414,0.2324,0.225,0.2223,0.2181,0.2136,0.2099,0.2035,0.1949,0.1843,0.172,0.1636,0.1563,0.1468,0.1369,0.1304,0.1275,0.1199,0.1126,0.109,0.1075,0.1065,0.1044,0.1043,0.1032,0.0986,0.0933,0.0911,0.0875,0.0811,0.0776,0.0757,0.0725,0.0702,0.0688,0.0679,0.0676,0.0662,0.065,0.0637,0.063,0.062,0.0606,0.0588,0.0564,0.0538,0.0512,0.0476,0.0455,0.0449,0.0444,0.0429,0.0352,0.0297,0.0249,0.0203,0.0158,0.0139,0.0128,0.0112
0.1759,0.1754,0.1758,0.1744,0.1707,0.1668,0.1638,0.1611,0.1607,0.1615,0.1635,0.1654,0.169,0.1727,0.1728,0.1715,0.1721,0.1732,0.1774,0.179,0.1755,0.1708,0.1709,0.1741,0.1741,0.1731,0.1715,0.1675,0.1605,0.1564,0.1531,0.1483,0.1442,0.1438,0.1425,0.1439,0.1426,0.1408,0.1399,0.1392,0.1379,0.1348,0.1326,0.1316,0.1299,0.1258,0.1179,0.1123,0.1064,0.0997,0.0934,0.0895,0.0868,0.0835,0.0825,0.0787,0.074,0.0713,0.0701,0.0679,0.0634,0.0581,0.0548,0.0531,0.0485,0.0435,0.0399,0.037,0.0352,0.0337,0.0291,0.027,0.0255,0.024,0.0225,0.0208,0.0191,0.0167,0.0146,0.0138,0.0135,0.0128,0.0109,0.0076,0.0056,0.0041,0.0031,0.0022,0.0015,0.0016
0.1365,0.135,0.1345,0.1341,0.1335,0.1331,0.1319,0.132,0.1319,0.1321,0.1323,0.1345,0.1327,0.1334,0.131,0.1283,0.1264,0.1269,0.1255,0.1252,0.1226,0.1203,0.117,0.1159,0.1135,0.1117,0.1095,0.1071,0.1032,0.1006,0.0989,0.0947,0.0911,0.0879,0.0838,0.0824,0.0813,0.0804,0.0798,0.0788,0.0782,0.0749,0.0719,0.0716,0.0708,0.0699,0.0661,0.0609,0.057,0.0531,0.0499,0.0479,0.0452,0.0438,0.0413,0.0395,0.0377,0.0359,0.0339,0.0332,0.0315,0.0296,0.0285,0.0268,0.0241,0.0224,0.0209,0.0199,0.019,0.0175,0.016,0.0148,0.0142,0.0137,0.013,0.012,0.011,0.0101,0.0092,0.0088,0.0092,0.0089,0.008,0.0072,0.0058,0.0042,0.0033,0.0023,0.0016,0.0016
0.1322,0.1323,0.1329,0.134,0.1348,0.1332,0.1313,0.1305,0.1307,0.1301,0.1291,0.1281,0.1279,0.1285,0.128,0.1264,0.1234,0.1215,0.1203,0.1202,0.1191,0.117,0.115,0.1143,0.1135,0.1119,0.1091,0.1067,0.1051,0.0997,0.0957,0.0915,0.0887,0.0858,0.0824,0.0791,0.0764,0.0739,0.0717,0.0694,0.0662,0.0639,0.0606,0.0591,0.0573,0.055,0.052,0.0497,0.0464,0.0433,0.0395,0.0356,0.0333,0.0313,0.0278,0.0257,0.0235,0.0215,0.0186,0.0174,0.0157,0.0146,0.0137,0.0109,0.0095,0.0086,0.0075,0.0066,0.0057,0.0051,0.0047,0.004,0.0035,0.0031,0.003,0.0025,0.002,0.0018,0.0015,0.0012,0.001,0.0009,0.0007,0.0005,0.0002,0.0,0.0,0.0,0.0,0.0
0.114,0.1014,0.0913,0.0843,0.0774,0.0727,0.0681,0.0639,0.0602,0.0568,0.0549,0.0542,0.0535,0.0531,0.0521,0.0509,0.0508,0.0511,0.0493,0.0466,0.0426,0.0398,0.0375,0.0343,0.0309,0.0278,0.0255,0.0242,0.0252,0.0279,0.0299,0.0298,0.0272,0.0246,0.0211,0.0179,0.0177,0.0167,0.0144,0.0139,0.0145,0.0144,0.0126,0.0115,0.0106,0.0104,0.0096,0.0093,0.0081,0.0065,0.0046,0.0035,0.0029,0.0019,0.0009,0.0006,0.0004,0.0003,0.0002,0.0001,0.0,0.0,0.0,0.0,0.0,0.0,0.0,0.0,0.0,0.0,0.0,0.0,0.0,0.0,0.0,0.0,0.0,0.0,0.0,0.0,0.0,0.0,0.0,0.0,0.0,0.0,0.0,0.0,0.0,0.0
0.0265,0.0232,0.0203,0.0181,0.0168,0.0154,0.0144,0.0126,0.011,0.0097,0.0088,0.008,0.007,0.0062,0.0052,0.0041,0.0034,0.0031,0.0029,0.0028,0.0026,0.0025,0.0023,0.0021,0.0017,0.0014,0.0011,0.0009,0.0007,0.0007,0.0006,0.0005,0.0005,0.0004,0.0003,0.0002,0.0001,0.0001,0.0001,0.0,0.0,0.0,0.0,0.0,0.0,0.0,0.0,0.0,0.0,0.0,0.0,0.0,0.0,0.0,0.0,0.0,0.0,0.0,0.0,0.0,0.0,0.0,0.0,0.0,0.0,0.0,0.0,0.0,0.0,0.0,0.0,0.0,0.0,0.0,0.0,0.0,0.0,0.0,0.0,0.0,0.0,0.0,0.0,0.0,0.0,0.0,0.0,0.0,0.0,0.0
0.0441,0.0436,0.0434,0.043,0.0425,0.0423,0.0417,0.041,0.0413,0.0411,0.0409,0.0406,0.0404,0.0402,0.04,0.0395,0.0392,0.0388,0.0386,0.0383,0.0384,0.0382,0.0382,0.0384,0.0382,0.0381,0.0379,0.0377,0.0376,0.0371,0.0336,0.0307,0.0302,0.0304,0.0324,0.0358,0.0362,0.0361,0.0362,0.0362,0.0357,0.0346,0.0341,0.0342,0.0334,0.034,0.0345,0.0346,0.0345,0.0343,0.0345,0.0344,0.0343,0.034,0.0336,0.033,0.034,0.035,0.0346,0.0342,0.0341,0.034,0.0335,0.0327,0.032,0.0302,0.031,0.0322,0.0327,0.0323,0.0317,0.0309,0.0302,0.0299,0.0302,0.0309,0.0313,0.0307,0.0314,0.032,0.0325,0.0333,0.0337,0.0339,0.034,0.0335,0.0338,0.0349,0.0351,0.0351
0.6154,0.6164,0.614,0.609,0.6067,0.6061,0.6033,0.5977,0.5871,0.5807,0.5779,0.5833,0.5921,0.6023,0.6089,0.6095,0.6091,0.6109,0.6126,0.613,0.6134,0.6162,0.6163,0.6163,0.6108,0.6059,0.6051,0.6088,0.6142,0.613,0.5974,0.5831,0.577,0.5728,0.5774,0.5871,0.5968,0.5997,0.5991,0.6007,0.5987,0.5892,0.5835,0.5802,0.5795,0.5798,0.5816,0.5795,0.5735,0.5683,0.5587,0.5513,0.5505,0.5511,0.5455,0.5349,0.5378,0.5448,0.5444,0.5357,0.5317,0.5238,0.5126,0.4982,0.4851,0.4729,0.4706,0.4721,0.4701,0.4637,0.4577,0.4475,0.4387,0.4326,0.4367,0.4468,0.4503,0.4441,0.439,0.4385,0.4399,0.4459,0.4529,0.4592,0.4667,0.4747,0.478,0.4809,0.4834,0.4825
0.7122,0.7213,0.7241,0.7212,0.718,0.7157,0.7167,0.7135,0.7003,0.6815,0.6586,0.6498,0.6501,0.6475,0.6442,0.6439,0.6403,0.6377,0.6417,0.6447,0.6402,0.633,0.6319,0.6298,0.6298,0.6293,0.6323,0.6318,0.6261,0.6219,0.6244,0.6279,0.6291,0.6276,0.6241,0.6169,0.6074,0.6066,0.6082,0.6029,0.5931,0.587,0.5799,0.575,0.5693,0.5617,0.5559,0.5511,0.5495,0.5476,0.5472,0.5448,0.5393,0.5374,0.5393,0.5376,0.5297,0.5229,0.5167,0.515,0.5082,0.505,0.5039,0.493,0.4798,0.471,0.4598,0.4524,0.4432,0.4364,0.4283,0.4216,0.416,0.4087,0.397,0.3848,0.3737,0.3694,0.3667,0.3598,0.3515,0.336,0.3289,0.3225,0.3093,0.2945,0.2854,0.2775,0.2685,0.2627
0.6769,0.6791,0.6844,0.6808,0.6826,0.6811,0.6813,0.6849,0.683,0.6776,0.6666,0.6537,0.6399,0.6179,0.5979,0.5859,0.5812,0.5774,0.5711,0.5661,0.5624,0.5587,0.5551,0.5516,0.545,0.5406,0.5394,0.5323,0.5237,0.5163,0.5202,0.5259,0.5221,0.518,0.5084,0.4982,0.4922,0.4818,0.4764,0.4739,0.4685,0.4633,0.4557,0.4493,0.4433,0.4374,0.4217,0.4066,0.3948,0.386,0.3771,0.3642,0.3573,0.3428,0.3323,0.3212,0.3076,0.2928,0.2838,0.2743,0.2621,0.2536,0.2466,0.2435,0.2343,0.2278,0.2181,0.2054,0.1921,0.1786,0.1664,0.1573,0.1478,0.1372,0.1227,0.1057,0.0911,0.0822,0.0791,0.076,0.0668,0.0581,0.0509,0.0427,0.0347,0.0283,0.0237,0.0212,0.0194,0.0187
0.5483,0.5457,0.5489,0.5534,0.555,0.5552,0.5526,0.5525,0.5599,0.5621,0.5628,0.5558,0.539,0.5175,0.4989,0.4884,0.482,0.4732,0.4635,0.4538,0.4458,0.4368,0.4294,0.4265,0.423,0.4168,0.4084,0.4002,0.3924,0.3869,0.3805,0.3757,0.3672,0.3557,0.3418,0.3249,0.3073,0.2894,0.2744,0.2598,0.249,0.2426,0.2341,0.2217,0.2082,0.1984,0.1846,0.1691,0.1566,0.1446,0.1328,0.118,0.1047,0.0902,0.075,0.0631,0.0531,0.0414,0.0341,0.0276,0.0222,0.0172,0.0136,0.0117,0.0082,0.007,0.0056,0.0043,0.0039,0.0032,0.0026,0.0022,0.0018,0.0015,0.0011,0.0005,0.0001,0.0,0.0,0.0,0.0,0.0,0.0,0.0,0.0,0.0,0.0,0.0,0.0,0.0
0.4836,0.4768,0.4655,0.4586,0.4513,0.4471,0.4439,0.4416,0.4425,0.4509,0.4515,0.4453,0.4317,0.42,0.4092,0.4,0.3934,0.3854,0.377,0.368,0.3614,0.3557,0.3476,0.3433,0.3378,0.3312,0.3213,0.3088,0.2954,0.2803,0.2695,0.2581,0.2458,0.232,0.2205,0.2096,0.1972,0.1822,0.1695,0.1542,0.1373,0.1235,0.1122,0.1003,0.0892,0.0791,0.0651,0.0505,0.0405,0.035,0.0262,0.0174,0.0116,0.0077,0.0048,0.0025,0.0012,0.0007,0.0002,0.0,0.0,0.0,0.0,0.0,0.0,0.0,0.0,0.0,0.0,0.0,0.0,0.0,0.0,0.0,0.0,0.0,0.0,0.0,0.0,0.0,0.0,0.0,0.0,0.0,0.0,0.0,0.0,0.0,0.0,0.0
0.4445,0.4315,0.4208,0.4065,0.3939,0.3829,0.3718,0.3594,0.3495,0.3468,0.3457,0.344,0.337,0.331,0.3228,0.3107,0.3023,0.2948,0.2838,0.2662,0.2467,0.2345,0.22,0.2007,0.1859,0.1726,0.1552,0.1355,0.1129,0.0938,0.0787,0.0674,0.0557,0.0443,0.0375,0.03,0.0266,0.0254,0.024,0.0223,0.0175,0.0137,0.0109,0.0085,0.0065,0.0057,0.0051,0.0042,0.0038,0.0032,0.0031,0.0025,0.0018,0.0014,0.0015,0.0016,0.0011,0.0011,0.0006,0.0004,0.0002,0.0,0.0,0.0,0.0,0.0,0.0,0.0,0.0,0.0,0.0,0.0,0.0,0.0,0.0,0.0,0.0,0.0,0.0,0.0,0.0,0.0,0.0,0.0,0.0,0.0,0.0,0.0,0.0,0.0
